# 15670030336 36465921610481664 950340 368852500 846953478017700 0 0
0 2870184448 18.3 2380698493124608 6.5
3332500 4650702592 29.7 6258794921197568 17.2
6074500 5533405696 35.3 8615663593586688 23.6
8601400 6139814016 39.2 10350393234030592 28.4
10940700 6603009824 42.1 11722228068515840 32.1
13120000 6977736320 44.5 12854199448502272 35.2
15181500 7294073920 46.5 13813416237989888 37.9
17135400 7567617504 48.3 14642538803625984 40.2
18987400 7807986592 49.8 15371727076851712 42.2
20791400 8022404400 51.2 16021986064990208 43.9
22530300 8215944208 52.4 16608958240260096 45.5
24209700 8391877696 53.6 17140761057296384 47.0
25825400 8553483392 54.6 17627424573358080 48.3
27386300 8702528496 55.5 18074255690301440 49.6
28917600 8840866208 56.4 18487878388547584 50.7
30418300 8969543904 57.2 18871834405502976 51.8
31901500 9089282096 58.0 19228880539746304 52.7
33337900 9201437792 58.7 19562619463532544 53.6
34754800 9306995392 59.4 19875996249358336 54.5
36125700 9406559488 60.0 20169962534469632 55.3
37490300 9500753184 60.6 20447387138916352 56.1
37490400 9500753284 60.6 20447387140964352 56.1
40074200 9675495268 61.7 20959407170863104 57.5
40074600 9675495668 61.7 20959407178645504 57.5
42561400 9675496868 61.7 20959407351359296 57.5
42561500 9834860468 62.8 21424125497141056 58.8
45067400 9980623764 63.7 21846343666520416 59.9
47302200 9980624464 63.7 21846343797107016 59.9
47302500 10115046864 64.6 22233545735596360 61.0
49565800 10240092368 65.3 22590458792962376 61.9
49565900 10240092668 65.3 22590458904373576 61.9
51808200 10356137372 66.1 22919378371537224 62.9
53924800 10356137772 66.1 22919378443626824 62.9
53925000 10464212076 66.8 23226233086732616 63.7
56004400 10565838876 67.4 23513546165512520 64.5
56005100 10565839176 67.4 23513546843605320 64.5
58032700 10661158280 68.0 23781156860578120 65.2
58032900 10661158480 68.0 23781156862830920 65.2
60038200 10751399880 68.6 24032573026559756 65.9
60038300 10751400180 68.6 24032573087180556 65.9
62875300 10751400680 68.6 24032573204864756 65.9
62875400 10877481576 69.4 24383511023197940 66.9
62875500 10877481876 69.4 24383511031536640 66.9
65598500 10994579876 70.2 24706864254639104 67.8
65598600 10994580376 70.2 24706864276757504 67.8
68358500 10994580476 70.2 24706864278805504 67.8
68358600 10994580576 70.2 24706864353967104 67.8
68358800 11102483968 70.9 25002684051684352 68.6
70956300 11203039872 71.5 25278479018032128 69.3
70956400 11203040272 71.5 25278479042952428 69.3
73465000 11203040772 71.5 25278479061117628 69.3
73465700 11296991972 72.1 25535153369934524 70.0
75856300 11296992372 72.1 25535153372506524 70.0
75856500 11296992472 72.1 25535153372711324 70.0
75857000 11385681768 72.7 25775706152683932 70.7
78178400 11385681868 72.7 25775706153093532 70.7
78178700 11469409772 73.2 26001170092198300 71.3
81184300 11469410172 73.2 26001170141759900 71.3
81184800 11573335868 73.9 26281909856979356 72.1
84219600 11670315572 74.5 26542712703109532 72.8
86821000 11761334276 75.1 26785000582760860 73.5
86822000 11761334576 75.1 26785000689256860 73.5
86822500 11761334876 75.1 26785000952764364 73.5
89629000 11846793772 75.6 27012411250251724 74.1
89629200 11846794072 75.6 27012411254552524 74.1
92180700 11846794272 75.6 27012411327461324 74.1
92180800 11846794372 75.6 27012411335243724 74.1
92180900 11927110572 76.1 27225432485656524 74.7
92181300 11927110772 76.1 27225432494872524 74.7
95531100 12020972772 76.7 27473407548757964 75.3
95531400 12020972872 76.7 27473407548962764 75.3
95531500 12020972972 76.7 27473407559260364 75.3
98504500 12108803676 77.3 27704525369825484 76.0
98504600 12108804376 77.3 27704525616341676 76.0
98504800 12108804576 77.3 27704525641736876 76.0
98504900 12108804676 77.3 27704525641876076 76.0
101284100 12108804776 77.3 27704525650887276 76.0
101284400 12190590072 77.8 27918816903660140 76.6
104178900 12267292768 78.3 28119701449572972 77.1
104179300 12267292868 78.3 28119701458788972 77.1
104179400 12267293368 78.3 28119701489918572 77.1
104179700 12267293468 78.3 28119701490123372 77.1
107610200 12353472572 78.8 28343595165696620 77.7
107610500 12353472872 78.8 28343595177632620 77.7
110796000 12353473072 78.8 28343595179811220 77.7
110796100 12433442880 79.3 28550793847742868 78.3
110796200 12433443080 79.3 28550793884606868 78.3
110796300 12433443280 79.3 28550793905701268 78.3
113510100 12433443380 79.3 28550793905906068 78.3
113510300 12508006884 79.8 28743249377173908 78.8
113510700 12508007184 79.8 28743249390623808 78.8
116342500 12508007284 79.8 28743249390755408 78.8
116342800 12508007384 79.8 28743249390897008 78.8
116343000 12577814888 80.3 28922864168241008 79.3
116345000 12577814988 80.3 28922864168650608 79.3
119360500 12577815288 80.3 28922864192612208 79.3
119361400 12653697592 80.8 29118135736362864 79.9
119361700 12653697692 80.8 29118135736567664 79.9
122940700 12653697792 80.8 29118135743326064 79.9
122940900 12653697992 80.8 29118135763806064 79.9
122941200 12724875592 81.2 29299554981062512 80.3
125480700 12791158192 81.6 29468894384695152 80.8
125480800 12791158392 81.6 29468894391175552 80.8
125481100 12791158492 81.6 29468894482106752 80.8
128532000 12791158692 81.6 29468894493165952 80.8
128532100 12861721492 82.1 29648724253755776 81.3
128532600 12861721592 82.1 29648724253960576 81.3
132037600 12927329292 82.5 29814867195292032 81.8
132038200 12927329392 82.5 29814867266357632 81.8
132059100 12927329492 82.5 29814867267586432 81.8
132059300 12927329592 82.5 29814867269634432 81.8
132059600 12927329692 82.5 29814867269839232 81.8
132059900 12927329792 82.5 29814867863759232 81.8
135778700 12927329892 82.5 29814867865807232 81.8
135779100 12995902488 82.9 29987751082936704 82.2
135779400 12995902788 82.9 29987751097272704 82.2
138530900 12995903088 82.9 29987751107029204 82.2
138531000 13059890288 83.3 30148815434082516 82.7
138531100 13059890688 83.3 30148815452442816 82.7
138531200 13059890788 83.3 30148815471079616 82.7
138531300 13059890988 83.3 30148815473269816 82.7
141772200 13059891188 83.3 30148815475522616 82.7
141772300 13125580188 83.8 30314026224401464 83.1
141772900 13125580288 83.8 30314026233412664 83.1
141773100 13125580388 83.8 30314026233554464 83.1
145295700 13125580788 83.8 30314026398418464 83.1
145315300 13125580888 83.8 30314026398549364 83.1
145316100 13186510588 84.2 30466026398451060 83.5
147918500 13186510788 84.2 30466026413989160 83.5
147918700 13186510988 84.2 30466026423205160 83.5
147918800 13248657588 84.5 30620961413085880 84.0
151162700 13248657788 84.5 30620961416977080 84.0
151163300 13248657988 84.5 30620961426526880 84.0
151163500 13248658188 84.5 30620961505989280 84.0
151163600 13306173288 84.9 30764554157740704 84.4
151163700 13306173388 84.9 30764554157945504 84.4
151164100 13306173488 84.9 30764554158150304 84.4
154558500 13306173688 84.9 30764554181087904 84.4
154558600 13364096588 85.3 30908336247607968 84.8
154559600 13364096988 85.3 30908336276476368 84.8
157624700 13418017888 85.6 31042392188228048 85.1
157625400 13418018088 85.6 31042392190408448 85.1
157625500 13418018188 85.6 31042392204334848 85.1
157625900 13418018288 85.6 31042392204464548 85.1
160663300 13418018388 85.6 31042392206512548 85.1
160663900 13418018488 85.6 31042392215523748 85.1
160664000 13418018588 85.6 31042392215665748 85.1
160664700 13471865488 86.0 31175293536189524 85.5
163503000 13471865688 86.0 31175293569367124 85.5
163503200 13471865888 86.0 31175293587122124 85.5
163506500 13522035788 86.3 31298837096654796 85.8
163506700 13522035888 86.3 31298837098702796 85.8
166567200 13522035988 86.3 31298837100750796 85.8
166567700 13522036188 86.3 31298837101023296 85.8
166567800 13522036288 86.3 31298837114949696 85.8
166568100 13572237288 86.6 31421990898143296 86.2
167445700 13572237388 86.6 31421990898284196 86.2
167446000 13622208888 86.9 31545403931408036 86.5
167446400 13622208988 86.9 31545403953526436 86.5
167446500 13622209088 86.9 31545403978307236 86.5
167452500 13622209288 86.9 31545403978653736 86.5
167452600 13622209488 86.9 31545403999952936 86.5
167453100 13622209688 86.9 31545404011012136 86.5
171988400 13622209988 86.9 31545404013879336 86.5
171988500 13622210088 86.9 31545404020228136 86.5
171988700 13622210588 86.9 31545404048494636 86.5
171989000 13622210688 86.9 31545404048636436 86.5
171994700 13671672588 87.2 31666595660921364 86.8
175206200 13717482988 87.5 31778361271220756 87.1
175206500 13717483288 87.5 31778361283228856 87.1
175207300 13717483488 87.5 31778361292444856 87.1
175207400 13717483688 87.5 31778361299957156 87.1
175207800 13717483888 87.5 31778361350542756 87.1
176775700 13717484088 87.5 31778361376347556 87.1
176775800 13717484188 87.5 31778361376477256 87.1
176776000 13717484388 87.5 31778361403715656 87.1
176776400 13762975288 87.8 31888988545691720 87.4
176777000 13762975388 87.8 31888988545820320 87.4
179540100 13762975888 87.8 31888988629650920 87.4
179540300 13762976088 87.8 31888988630060520 87.4
179541000 13762976188 87.8 31888988630265320 87.4
179541600 13807817888 88.1 31998369871015400 87.7
183343700 13852126788 88.4 32106266277817832 88.0
183344000 13852126888 88.4 32106266296454632 88.0
183344500 13852126988 88.4 32106266296550832 88.0
183345200 13852127088 88.4 32106266296755632 88.0
185225200 13852127188 88.4 32106266296888332 88.0
185225700 13895630388 88.7 32212391457500172 88.3
185225800 13895630688 88.7 32212391468327872 88.3
185226000 13895630788 88.7 32212391567655872 88.3
188108100 13895631288 88.7 32212391596052972 88.3
188108700 13895631388 88.7 32212391599739372 88.3
188108800 13938273288 88.9 32315842052690412 88.6
188108900 13938273388 88.9 32315842062520812 88.6
190764900 13938273788 88.9 32315842068869612 88.6
190765000 13938273888 88.9 32315842068997912 88.6
190765500 13980527288 89.2 32418717424150296 88.9
190766100 13980527788 89.2 32418717446604396 88.9
190767000 13980528088 89.2 32418717467903596 88.9
193509000 13980528288 89.2 32418717468174896 88.9
193509500 14021878488 89.5 32518826537232944 89.2
193510900 14021878788 89.5 32518826539553344 89.2
196965200 14062526788 89.7 32617959476630080 89.4
196967900 14062527088 89.7 32617959487830580 89.4
196968300 14062527188 89.7 32617959488035380 89.4
196968500 14062527488 89.7 32617959490418780 89.4
196968900 14062527588 89.7 32617959627225180 89.4
200084800 14062527688 89.7 32617959627355280 89.4
200085100 14062527888 89.7 32617959629542780 89.4
200085300 14102419388 90.0 32714863584605564 89.7
204683300 14102419488 90.0 32714863593616764 89.7
204683400 14102419888 90.0 32714863677584764 89.7
204683600 14102419988 90.0 32714863679632764 89.7
204683800 14102420188 90.0 32714863681822964 89.7
204684100 14102420488 90.0 32714863778488564 89.7
204687100 14143367488 90.3 32814077447528692 90.0
204687700 14143367788 90.3 32814077456949492 90.0
206469200 14183504288 90.5 32911262546157812 90.3
206469300 14183504488 90.5 32911262565613812 90.3
206469600 14183504788 90.5 32911262566097612 90.3
206471000 14183504888 90.5 32911262566232112 90.3
211563700 14183504988 90.5 32911262566364512 90.3
211564400 14183505088 90.5 32911262566506512 90.3
211564600 14223070188 90.8 33007595663056912 90.5
211564900 14223070588 90.8 33007595695005712 90.5
211565100 14223070788 90.8 33007595716304912 90.5
216267500 14263475788 91.0 33105933740498960 90.8
216267700 14263475888 91.0 33105933740703760 90.8
216267800 14263476188 91.0 33105933745004560 90.8
216268100 14263476688 91.0 33105933755209960 90.8
216268300 14263476988 91.0 33105933770504660 90.8
221038800 14263477188 91.0 33105933772757460 90.8
221039900 14263477388 91.0 33105933774947660 90.8
221040300 14263477488 91.0 33105933775152460 90.8
221040600 14263477788 91.0 33105933777547260 90.8
221041300 14263477888 91.0 33105933777682560 90.8
221042400 14302646188 91.3 33201170348949632 91.0
227150400 14342296288 91.5 33297824284590208 91.3
227150900 14342296488 91.5 33297824288686208 91.3
227151500 14342296588 91.5 33297824290734208 91.3
233802100 14381889888 91.8 33394321594286208 91.6
233802300 14381889988 91.8 33394321594428408 91.6
233802600 14381890088 91.8 33394321594570008 91.6
233802800 14381890188 91.8 33394321598256408 91.6
233802900 14381890588 91.8 33394321598874908 91.6
233803000 14381890788 91.8 33394321599157808 91.6
233803100 14381891088 91.8 33394321623324208 91.6
238656500 14381891288 91.8 33394321644009008 91.6
238657400 14420502488 92.0 33488313894393392 91.8
238657700 14420502688 92.0 33488313896583192 91.8
238657900 14420502788 92.0 33488313896722692 91.8
238658900 14420503088 92.0 33488313899009092 91.8
244853200 14420503288 92.0 33488313910072692 91.8
244854100 14459212188 92.3 33582195310105972 92.1
244856500 14459212588 92.3 33582195415922572 92.1
244856600 14459212788 92.3 33582195429029772 92.1
244861600 14459213088 92.3 33582195431423872 92.1
244861800 14459213588 92.3 33582195523929968 92.1
249831900 14497958588 92.5 33676820330792816 92.4
249832100 14497958688 92.5 33676820330997616 92.4
249832500 14497958888 92.5 33676820331332716 92.4
249837900 14497959188 92.5 33676820372292716 92.4
249838000 14497959488 92.5 33676820379944516 92.4
249838500 14497960688 92.5 33676821020558916 92.4
249838900 14497960788 92.5 33676821020700216 92.4
256508200 14497960988 92.5 33676821022978916 92.4
256508900 14497961288 92.5 33676821041896916 92.4
256509000 14497961388 92.5 33676821043944916 92.4
256509100 14497961488 92.5 33676821044078216 92.4
256509200 14536718988 92.8 33771546564568712 92.6
256509900 14536719088 92.8 33771546564698412 92.6
262559300 14536719188 92.8 33771546564903212 92.6
262564900 14536719488 92.8 33771546565324112 92.6
262565300 14575472488 93.0 33867274524470608 92.9
262565400 14575472588 93.0 33867274528157008 92.9
262566500 14575472888 93.0 33867274528548308 92.9
262567400 14575473588 93.0 33867274642752408 92.9
271161400 14575473788 93.0 33867274686266208 92.9
271161700 14615297888 93.3 33965940176550752 93.1
271163300 14615298288 93.3 33965940187882252 93.1
271163400 14615298588 93.3 33965940786512652 93.1
271164100 14615298788 93.3 33965940805278752 93.1
271164500 14615299288 93.3 33965940835258152 93.1
278622100 14615299488 93.3 33965940942508056 93.1
278622400 14615300188 93.3 33965940996295356 93.1
278622500 14655282788 93.5 34065281182321340 93.4
278623200 14655283088 93.5 34065281184778940 93.4
278623500 14655283388 93.5 34065281278502940 93.4
287777900 14655283588 93.5 34065281294477340 93.4
287778200 14655283788 93.5 34065281303824540 93.4
287778500 14655283888 93.5 34065281303953540 93.4
287779100 14655283988 93.5 34065281304158340 93.4
287779900 14696790788 93.8 34168620020850820 93.7
287786800 14696790888 93.8 34168620021055620 93.7
287788200 14696791188 93.8 34168620138340116 93.7
298269000 14696791588 93.8 34168620138952316 93.7
298271200 14696791888 93.8 34168620171105916 93.7
298271500 14738976488 94.1 34274787112326780 94.0
298272400 14738976688 94.1 34274787136222580 94.0
308412800 14738976988 94.1 34274787136705080 94.0
308415100 14738977188 94.1 34274787146125880 94.0
308415700 14738977588 94.1 34274787161628080 94.0
308416300 14738977888 94.1 34274787162170080 94.0
308423900 14783087588 94.3 34386029767926496 94.3
308426100 14783087988 94.3 34386029783619596 94.3
308427900 14783088288 94.3 34386029786004996 94.3
321703800 14828569188 94.6 34501411985260036 94.6
321711600 14828569588 94.6 34501412003950936 94.6
321714500 14828570288 94.6 34501412012364036 94.6
321715100 14828570588 94.6 34501412015362436 94.6
321715400 14828570788 94.6 34501412015695936 94.6
335411000 14828571188 94.6 34501412016242136 94.6
335412400 14828571588 94.6 34501412026356236 94.6
335412500 14828572188 94.6 34501412029109336 94.6
335413100 14874629688 94.9 34619234356991064 94.9
335413500 14874630288 94.9 34619234361835364 94.9
335413900 14874630488 94.9 34619234364024964 94.9
349049800 14919427888 95.2 34733672014407812 95.2
349050300 14919428288 95.2 34733672044235012 95.2
349050800 14919428788 95.2 34733672067510112 95.2
349051200 14919429288 95.2 34733672071821612 95.2
349051800 14919429488 95.2 34733672072167712 95.2
360446000 14919430288 95.2 34733672085700712 95.2
360446200 14919430588 95.2 34733672086249812 95.2
360446500 14919430788 95.2 34733672086659412 95.2
360446800 14919430988 95.2 34733672086930712 95.2
360453000 14961434988 95.5 34840618441934104 95.5
360454000 14961435288 95.5 34840618452520604 95.5
367925600 14961435488 95.5 34840618454773404 95.5
367926900 14961435588 95.5 34840618456821404 95.5
367927200 14998373188 95.7 34933402350104220 95.8
367927500 14998373288 95.7 34933402350245120 95.8
376049700 14998373588 95.7 34933402378712320 95.8
376051100 14998373888 95.7 34933402379265820 95.8
376051700 14998374188 95.7 34933402381584120 95.8
376052400 14998374488 95.7 34933402408412920 95.8
376053100 15029698188 95.9 35011304005134072 96.0
376067200 15029698288 95.9 35011304005265272 96.0
376068400 15029698588 95.9 35011304025130872 96.0
376069900 15029698988 95.9 35011304051074672 96.0
381819600 15029699188 95.9 35011304062133872 96.0
381822200 15029699288 95.9 35011304074012272 96.0
381822300 15029699688 95.9 35011304105273672 96.0
381822400 15029700088 95.9 35011304124666472 96.0
381824600 15056241888 96.1 35076397650760296 96.2
391616200 15056241988 96.1 35076397650890896 96.2
391616400 15078480088 96.2 35130057898545296 96.3
391618200 15078480588 96.2 35130057923192596 96.3
391619100 15078480788 96.2 35130057925372996 96.3
391619400 15078480888 96.2 35130057927420996 96.3
391620900 15078480988 96.2 35130057927563096 96.3
398936600 15097374588 96.3 35175092853282648 96.5
398937500 15097374788 96.3 35175092858812248 96.5
398937600 15097375088 96.3 35175092873014448 96.5
398938200 15097375488 96.3 35175092877457248 96.5
406415300 15097375588 96.3 35175092877598948 96.5
406415700 15097375688 96.3 35175092877740648 96.5
406416100 15113778988 96.5 35213489099090536 96.6
406416400 15113779288 96.5 35213489101548136 96.6
406416800 15113779588 96.5 35213489132472936 96.6
411417000 15113779988 96.5 35213489142854536 96.6
411418400 15113780288 96.5 35213489145138236 96.6
411418500 15113780788 96.5 35213489147798236 96.6
411419500 15113781188 96.5 35213489152238036 96.6
411419600 15113781288 96.5 35213489154286036 96.6
411419900 15128629388 96.5 35248210582168020 96.7
417844100 15142859388 96.6 35280837848588756 96.8
417844600 15142859788 96.6 35280837862105556 96.8
417847000 15142860088 96.6 35280837866333156 96.8
417874100 15142860488 96.6 35280837981906556 96.8
417875000 15142860688 96.6 35280837982252856 96.8
421601100 15142860888 96.6 35280837988732556 96.8
421601700 15142861188 96.6 35280837995490956 96.8
421603600 15142861588 96.6 35280837996173656 96.8
421620500 15142861988 96.6 35280837996856756 96.8
421621200 15157223688 96.7 35314079477155252 96.8
421621300 15157223988 96.7 35314079479461252 96.8
421621600 15157224288 96.7 35314079508338052 96.8
426030400 15157224588 96.7 35314079510659452 96.8
426031000 15157224788 96.7 35314079514755452 96.8
426031500 15157225188 96.7 35314079537617552 96.8
426031700 15157225688 96.7 35314079651617648 96.8
426032700 15157225888 96.7 35314079652027248 96.8
426032900 15172652488 96.8 35349679184714608 96.9
434264200 15172653188 96.8 35349679206694008 96.9
434264800 15189619588 96.9 35389817639009400 97.0
434265400 15189619888 96.9 35389817639423400 97.0
434265800 15189619988 96.9 35389817641471400 97.0
434266700 15189620188 96.9 35389817641731500 97.0
441455900 15189620988 96.9 35389817825165404 97.0
441456600 15189621388 96.9 35389817834846404 97.0
441476000 15189621488 96.9 35389817836894404 97.0
441476200 15189621988 96.9 35389817895942404 97.0
441476700 15209792588 97.1 35438561488173316 97.2
441478400 15209793088 97.1 35438561511165716 97.2
457544800 15233760488 97.2 35498149832904468 97.3
457561900 15233760988 97.2 35498149841369668 97.3
457562300 15233761488 97.2 35498149851267768 97.3
457563300 15233761788 97.2 35498149855505568 97.3
457564300 15233761988 97.2 35498149862393268 97.3
457566100 15233762488 97.2 35498149897060868 97.3
457566700 15233762988 97.2 35498149899644568 97.3
474436700 15258955888 97.4 35560816555306648 97.5
474438000 15258956188 97.4 35560816634769048 97.5
474439700 15258956888 97.4 35560816641823948 97.5
474440000 15258957188 97.4 35560816642311448 97.5
474440100 15258957488 97.4 35560816676451048 97.5
474440400 15258957588 97.4 35560816676583748 97.5
485676800 15258957988 97.4 35560816702735148 97.5
485678500 15258958288 97.4 35560816703128848 97.5
485678800 15258958488 97.4 35560816703462948 97.5
485679600 15279940088 97.5 35611987862380068 97.7
485681800 15279940188 97.5 35611987869138468 97.7
485683300 15279940288 97.5 35611987877740068 97.7
494054200 15279940588 97.5 35611987882040868 97.7
494054600 15279941388 97.5 35611987910771368 97.7
494055000 15295671688 97.6 35649225222701736 97.8
494055100 15295672788 97.6 35649225255065536 97.8
501728900 15295673388 97.6 35649225276903536 97.8
501729900 15295673888 97.6 35649225285227036 97.8
501730600 15295673988 97.6 35649225285356636 97.8
501730700 15307754288 97.7 35676818753637468 97.8
501731100 15307754488 97.7 35676818757733468 97.8
501731300 15307755188 97.7 35676818773570468 97.8
501733400 15307755588 97.7 35676818849141668 97.8
503742500 15307755788 97.7 35676818851394468 97.8
503744200 15317948988 97.8 35699654299006292 97.9
503744700 15317949288 97.8 35699654299483892 97.9
503746600 15317949388 97.8 35699654301531892 97.9
504261300 15317949788 97.8 35699654326040992 97.9
504262000 15317950088 97.8 35699654336423192 97.9
504264900 15317950588 97.8 35699654345770292 97.9
504272300 15327569488 97.8 35720920660329780 98.0
504273800 15327569788 97.8 35720920662711280 98.0
504304600 15327570388 97.8 35720920753028080 98.0
516611900 15338167288 97.9 35745101209189360 98.0
516612600 15338167888 97.9 35745101212059160 98.0
516614500 15338168488 97.9 35745101218667260 98.0
516615400 15338168588 97.9 35745101226040060 98.0
516617200 15338169088 97.9 35745101239624360 98.0
527297600 15351709588 98.0 35776838357295784 98.1
527298300 15351709888 98.0 35776838359616884 98.1
527298800 15351710588 98.0 35776838428303884 98.1
527299000 15351710888 98.0 35776838430634584 98.1
527301200 15351711188 98.0 35776838444842784 98.1
527301300 15351711688 98.0 35776838449489484 98.1
527301500 15351711888 98.0 35776838460753484 98.1
543661400 15368969688 98.1 35818245321901644 98.2
543661700 15368969988 98.1 35818245360331944 98.2
543662100 15368970188 98.1 35818245371186344 98.2
543662700 15368970588 98.1 35818245384703144 98.2
543663600 15368971388 98.1 35818245630195048 98.2
556273200 15368972088 98.1 35818245659008848 98.2
556273800 15368972588 98.1 35818245715048948 98.2
556273900 15368972688 98.1 35818245715190448 98.2
556274200 15384129388 98.2 35854273511482032 98.3
556275400 15384129588 98.2 35854273513659332 98.3
556275500 15384129688 98.2 35854273513797232 98.3
563736700 15394331588 98.2 35877158213138032 98.4
563738000 15394331988 98.2 35877158235051632 98.4
563738800 15394332588 98.2 35877158345633536 98.4
563739200 15394332888 98.2 35877158354581436 98.4
563744000 15394333488 98.2 35877158374381436 98.4
570350200 15394333788 98.2 35877158374911536 98.4
570351100 15401980288 98.3 35893983098900016 98.4
570351900 15401980788 98.3 35893983118618016 98.4
570352200 15401981388 98.3 35893983125250716 98.4
574648500 15401981888 98.3 35893983139395416 98.4
574648900 15401982188 98.3 35893983145271416 98.4
574649100 15409192388 98.3 35909560458977400 98.5
574649300 15409192888 98.3 35909560495089300 98.5
574651400 15409193588 98.3 35909560573503204 98.5
583031500 15409194188 98.3 35909560687441204 98.5
583031600 15409194688 98.3 35909560692018204 98.5
583032000 15418241388 98.4 35929745740172316 98.5
583032200 15418242188 98.4 35929745809864012 98.5
583033700 15418242488 98.4 35929745814119212 98.5
583034300 15418242788 98.4 35929745817115112 98.5
598126100 15418243188 98.4 35929745894734312 98.5
598126400 15418243888 98.4 35929745910699212 98.5
598126800 15430691988 98.5 35958604337026252 98.6
598128300 15430692588 98.5 35958604341736352 98.6
609229200 15430692688 98.5 35958604343784352 98.6
609230400 15440678988 98.5 35981421527413664 98.7
609254500 15440679488 98.5 35981421564945964 98.7
609255500 15440679588 98.5 35981421576005164 98.7
609255700 15440680288 98.5 35981421582815464 98.7
609257400 15440680388 98.5 35981421583020264 98.7
615009000 15440680488 98.5 35981421586501864 98.7
615014300 15440680888 98.5 35981421589091164 98.7
615015500 15440681388 98.5 35981421603017564 98.7
615015700 15446982288 98.6 35995068763034460 98.7
615016100 15446982588 98.6 35995068767272260 98.7
621765700 15446983288 98.6 35995068897729860 98.7
621767300 15446983688 98.6 35995068924558660 98.7
621767900 15446984288 98.6 35995068975900260 98.7
621777600 15446984888 98.6 35995069009897060 98.7
621809800 15446985988 98.6 35995069138373660 98.7
621811200 15452650588 98.6 36007173118528540 98.7
621831800 15452650688 98.6 36007173159078940 98.7
630680300 15452651388 98.6 36007173167746240 98.7
630681200 15452652088 98.6 36007173184056440 98.7
630681300 15452652488 98.6 36007173184739740 98.7
630681700 15460157488 98.7 36023793897626012 98.8
630683200 15460158188 98.7 36023793930944912 98.8
630689700 15460158388 98.7 36023793945280912 98.8
646389300 15460159588 98.7 36023794159000512 98.8
646442300 15469725388 98.7 36045360120929216 98.8
646442400 15469725888 98.7 36045360123506016 98.8
646444300 15469726288 98.7 36045360206859616 98.8
646445200 15469726588 98.7 36045360209168416 98.8
653981700 15469727288 98.7 36045360419702816 98.8
654015900 15475287988 98.8 36057544944125984 98.9
654017900 15475289088 98.8 36057544993810784 98.9
654023600 15475289288 98.8 36057545030406784 98.9
660669100 15475289688 98.8 36057545050812384 98.9
660669600 15475291088 98.8 36057545079703884 98.9
660670200 15475291988 98.8 36057545309767276 98.9
660671900 15479656388 98.8 36066625673840236 98.9
660672300 15479656588 98.8 36066625783334236 98.9
675210900 15479656888 98.8 36066625857471836 98.9
675211200 15479657188 98.8 36066625859855036 98.9
675212400 15479657488 98.8 36066625930243132 98.9
675213900 15479658088 98.8 36066626002127932 98.9
675263800 15485885788 98.8 36080259554774076 98.9
675265600 15485886088 98.8 36080259566652476 98.9
675272000 15485886888 98.8 36080259661884476 98.9
688194300 15492182788 98.9 36094336618523708 99.0
688198100 15492183188 98.9 36094336653879108 99.0
688260800 15492183888 98.9 36094336747529708 99.0
688261100 15492184188 98.9 36094336759140008 99.0
693723000 15492185188 98.9 36094336874916808 99.0
693724100 15492185288 98.9 36094336877579208 99.0
693725400 15492185988 98.9 36094336902285708 99.0
693726000 15492186188 98.9 36094336977856908 99.0
693786700 15495606588 98.9 36101415019997580 99.0
693790900 15495606688 98.9 36101415030032780 99.0
702490500 15499722488 98.9 36110048013912460 99.0
702492200 15499723888 98.9 36110048085841660 99.0
702492700 15499724188 98.9 36110048096009260 99.0
715786700 15499724688 98.9 36110048106867860 99.0
715788400 15504699688 98.9 36121030939077780 99.1
715788800 15504700088 98.9 36121030948700180 99.1
715789200 15504700488 98.9 36121031047136980 99.1
717177200 15507237788 99.0 36126088287766228 99.1
717179100 15507239288 99.0 36126088363186228 99.1
732802900 15510694688 99.0 36133371486345268 99.1
732834400 15510696788 99.0 36133371754679060 99.1
732836100 15510697488 99.0 36133371796048660 99.1
744522400 15513680288 99.0 36139577998625556 99.1
744524400 15513680988 99.0 36139578029005056 99.1
751266500 15515643388 99.0 36143379660429568 99.1
751278700 15515643488 99.0 36143379670669568 99.1
766560000 15518491388 99.0 36149384614287616 99.1
766604800 15518492188 99.0 36149384681326716 99.1
766605100 15518493288 99.0 36149384796219516 99.1
766608000 15518493688 99.0 36149384806314116 99.1
772025900 15518494388 99.0 36149384813138716 99.1
772027900 15518494588 99.0 36149384815326516 99.1
772028100 15520005888 99.0 36152372338898228 99.1
772036100 15520007488 99.0 36152372692383028 99.1
795273000 15520008188 99.0 36152372715441028 99.1
795273200 15522284588 99.1 36156967261424516 99.2
804351500 15523530688 99.1 36159406119439236 99.2
804353000 15523531388 99.1 36159406226754436 99.2
823217300 15525082688 99.1 36162547701992324 99.2
831244100 15525083588 99.1 36162547944817220 99.2
831244800 15525923588 99.1 36164093295231556 99.2
831253000 15525924888 99.1 36164093708239460 99.2
855389400 15526757188 99.1 36165751013933668 99.2
855391200 15526757588 99.1 36165751038437868 99.2
861286400 15527213088 99.1 36166625534831084 99.2
861287600 15527213588 99.1 36166625535655684 99.2
869004500 15527379988 99.1 36166923086298884 99.2
878557200 15527423088 99.1 36167003309530884 99.2