# 3153551616 7607665907728384 950340 193818100 464116539227100 0 0
0 356300992 11.3 137182664720384 1.8
924100 597668384 19.0 552145661198336 7.3
1769000 734772080 23.3 836888269160448 11.0
2552400 834492976 26.5 1065956373692416 14.0
3303700 912671184 28.9 1259809269612544 16.6
4021500 977373584 31.0 1429586004934656 18.8
4715400 1032707384 32.7 1581496146067456 20.8
5390200 1081461484 34.3 1718686603804672 22.6
6044700 1124944584 35.7 1843442510462976 24.2
6673800 1164108584 36.9 1957688908972032 25.7
7304300 1199861184 38.0 2063528873689088 27.1
7906600 1232926184 39.1 2162720950452224 28.4
8503300 1263523584 40.1 2255410950045696 29.6
9067100 1292202984 41.0 2342102558048256 30.8
9611300 1319272184 41.8 2423736187748352 31.9
10191800 1344786484 42.6 2501364718501888 32.9
10748800 1368338184 43.4 2574262024011776 33.8
11273500 1390263284 44.1 2642433565261824 34.7
11849100 1410899184 44.7 2707239445987328 35.6
12384700 1430498784 45.4 2769047414374400 36.4
12889700 1449093484 46.0 2827885119275008 37.2
12889800 1449094584 46.0 2827885689643008 37.2
13864300 1449094884 46.0 2827885829111808 37.2
13865500 1484022484 47.1 2937626018398208 38.6
14826900 1484022984 47.1 2937626236025008 38.6
14829200 1516195884 48.1 3039590504462512 40.0
15808200 1545944384 49.0 3133919940049072 41.2
15808600 1545945284 49.0 3133920136247472 41.2
16697200 1545945484 49.0 3133920141981872 41.2
16697700 1573563584 49.9 3220973844248752 42.3
17532700 1599802984 50.7 3303664220453040 43.4
17533200 1599803184 50.7 3303664245233840 43.4
18474100 1623940084 51.5 3379904931125424 44.4
18474600 1623940284 51.5 3379904944642224 44.4
19302800 1646425584 52.2 3451080438028464 45.4
20184700 1667619884 52.9 3517857385781424 46.2
21024000 1687770384 53.5 3582105906419888 47.1
21024300 1687770684 53.5 3582106017626288 47.1
21885500 1687771184 53.5 3582106119950784 47.1
21886000 1706850884 54.1 3642257669607872 47.9
21887400 1706850984 54.1 3642257692135872 47.9
23049000 1706851084 54.1 3642257698894272 47.9
23051900 1733929984 55.0 3726829329494464 49.0
24153900 1759366184 55.8 3805933491892672 50.0
24154400 1759366584 55.8 3805933493317472 50.0
25319100 1759366684 55.8 3805933533663072 50.0
25319400 1782769584 56.5 3878976087920480 51.0
26492000 1804413484 57.2 3947333952737120 51.9
26492600 1804413684 57.2 3947334048583520 51.9
27647000 1825025084 57.9 4011814073831264 52.7
27648100 1825025184 57.9 4011814073967564 52.7
27648200 1825025384 57.9 4011814194594764 52.7
28503900 1825025684 57.9 4011814244156364 52.7
28505600 1844569984 58.5 4072338482889676 53.5
29483900 1844570284 58.5 4072338493744076 53.5
29484100 1863413984 59.1 4129917852918732 54.3
29484700 1863414084 59.1 4129917856605132 54.3
31016200 1886646484 59.8 4202085646820300 55.2
32450700 1908158184 60.5 4268749243507660 56.1
32451600 1908158384 60.5 4268749262963660 56.1
32451700 1908158484 60.5 4268749269722060 56.1
33439700 1908158984 60.5 4268749294912460 56.1
33441000 1908159084 60.5 4268749301670860 56.1
33441400 1908159284 60.5 4268749315187660 56.1
33443900 1928424484 61.2 4330727723312076 56.9
34860100 1947479084 61.8 4388871669359564 57.7
36290700 1947479484 61.8 4388871691682764 57.7
36291000 1947479684 61.8 4388871705199564 57.7
36292900 1965466384 62.3 4443673768231884 58.4
37602000 1965466484 62.3 4443673770279884 58.4
37602100 1986612584 63.0 4507935289066444 59.3
37604300 1986612784 63.0 4507935302583244 59.3
38855700 1986613084 63.0 4507935361156044 59.3
38855800 1986613184 63.0 4507935364842444 59.3
38856800 1986613284 63.0 4507935371600844 59.3
38857200 2006523984 63.6 4568154898342860 60.0
40468200 2006524684 63.6 4568154998694860 60.0
40468500 2006525284 63.6 4568155092698060 60.0
40468800 2024972684 64.2 4623823929623500 60.8
40469600 2024973384 64.2 4623824016383196 60.8
41834900 2024973484 64.2 4623824023141596 60.8
41835000 2024973784 64.2 4623824041778396 60.8
41835600 2042425284 64.8 4675987782737116 61.5
41837000 2042425584 64.8 4675987837009116 61.5
43546800 2042425884 64.8 4675987850730716 61.5
43546900 2042426084 64.8 4675987864247516 61.5
43548300 2062261284 65.4 4735051348532444 62.2
45387300 2080481284 66.0 4789196533226716 63.0
45388000 2080481384 66.0 4789197762845916 63.0
45389300 2080481684 66.0 4789197778410716 63.0
46369200 2097789384 66.5 4840031421684956 63.6
47895000 2113971284 67.0 4887750479666396 64.2
47895300 2113971384 67.0 4887750499122396 64.2
47896400 2113971584 67.0 4887750527794396 64.2
47901900 2113971684 67.0 4887750534552796 64.2
49814200 2113971784 67.0 4887750541311196 64.2
49816000 2113971984 67.0 4887750563429596 64.2
49816500 2113972284 67.0 4887750643506396 64.2
49817500 2131704584 67.6 4939864174451932 64.9
51322900 2148276184 68.1 4987510847134940 65.6
51327000 2148276484 68.1 4987510867410140 65.6
51327400 2148277184 68.1 4987511052958940 65.6
51327500 2148277284 68.1 4987511065042140 65.6
51327800 2148277584 68.1 4987511085317340 65.6
52632800 2148277784 68.1 4987511098834140 65.6
52637000 2148277884 68.1 4987511105592540 65.6
52637500 2163767784 68.6 5032034397660560 66.1
54648000 2163767884 68.6 5032034397789860 66.1
54648500 2180265284 69.1 5079504209256100 66.8
56368000 2195741684 69.6 5123574117899940 67.3
56368300 2195741784 69.6 5123574124658340 67.3
56370400 2195741884 69.6 5123574128139940 67.3
56370500 2195741984 69.6 5123574130187940 67.3
57769500 2212102484 70.1 5169892240301732 68.0
57769600 2212102684 70.1 5169893473402532 68.0
57769700 2212102884 70.1 5169893492858532 68.0
57771200 2212103084 70.1 5169893502074532 68.0
59732400 2227274684 70.6 5212532523908772 68.5
59742500 2227274784 70.6 5212532526775972 68.5
61144800 2227275184 70.6 5212532538859172 68.5
61146100 2227275584 70.6 5212532577771172 68.5
61147100 2227275684 70.6 5212532643307172 68.5
61147400 2227275784 70.6 5212532690615972 68.5
61149400 2227275984 70.6 5212532722974372 68.5
61156500 2243056684 71.1 5257200324132516 69.1
63344500 2243057084 71.1 5257200426122916 69.1
63345500 2257728984 71.6 5298176318340772 69.6
63345600 2257729084 71.6 5298176351723172 69.6
63347400 2257729484 71.6 5298176465182372 69.6
63349500 2257730684 71.6 5298176823787172 69.6
64472300 2257731984 71.6 5298176919633572 69.6
64474200 2257732584 71.6 5298177000939172 69.6
64476500 2257732784 71.6 5298177007902372 69.6
64476600 2272775184 72.1 5339575111343780 70.2
66915700 2272775384 72.1 5339575121583780 70.2
66920500 2286460584 72.5 5377444297023140 70.7
66921100 2286460884 72.5 5377444316621140 70.7
67976800 2286461084 72.5 5377444350617940 70.7
67976900 2286461184 72.5 5377444365363540 70.7
67977000 2286461384 72.5 5377444376217940 70.7
67977500 2300619884 73.0 5415988113181012 71.2
69061300 2313774684 73.4 5451442711693652 71.7
69061700 2313774984 73.4 5451442808359252 71.7
69066800 2313775084 73.4 5451442808768852 71.7
69071700 2313775284 73.4 5451442900928852 71.7
70543700 2313775384 73.4 5451442907687252 71.7
70553100 2313775484 73.4 5451442907826952 71.7
70553200 2313775584 73.4 5451442907957352 71.7
70553300 2326958684 73.8 5487096303896680 72.1
72027900 2339100184 74.2 5520187554711656 72.6
72028200 2339100284 74.2 5520187561470056 72.6
72028600 2339100484 74.2 5520187646462056 72.6
72031300 2339100984 74.2 5520187680254056 72.6
73408700 2339101184 74.2 5520187735754856 72.6
73413000 2351398584 74.6 5553181074737256 73.0
73416800 2351398684 74.6 5553181081495656 73.0
74402400 2351398984 74.6 5553181101770856 73.0
74404100 2351399284 74.6 5553181122046056 73.0
74406900 2363652284 75.0 5585598423705704 73.4
74407000 2363652384 75.0 5585598425753704 73.4
74414900 2363652684 75.0 5585598463232104 73.4
75922300 2363652884 75.0 5585598480435304 73.4
75933400 2375773484 75.3 5618111806490728 73.8
77379700 2375773784 75.3 5618111850317928 73.8
77379800 2375773884 75.3 5618111850522728 73.8
77379900 2375774084 75.3 5618111869978728 73.8
77380100 2375774284 75.3 5618111872211828 73.8
77383600 2387177884 75.7 5648047179799412 74.2
77867000 2398394284 76.1 5677860806433652 74.6
77869800 2398394384 76.1 5677860882004852 74.6
77877900 2398394584 76.1 5677860945288052 74.6
79704000 2398394684 76.1 5677860970068852 74.6
79707200 2409492084 76.4 5707329684405108 75.0
79791500 2409492284 76.4 5707329695389108 75.0
79791800 2420515784 76.8 5736541458224564 75.4
79792100 2420515884 76.8 5736541466416564 75.4
80102700 2420515984 76.8 5736541474608564 75.4
80102800 2420516084 76.8 5736541474813364 75.4
80107800 2431737684 77.1 5766051163305396 75.8
80107900 2431737884 77.1 5766051167196596 75.8
81063000 2431738484 77.1 5766051280655796 75.8
81063700 2431738784 77.1 5766051300930996 75.8
81069000 2442718884 77.5 5795504804623796 76.2
81648200 2442718984 77.5 5795504804762296 76.2
81648400 2453387184 77.8 5824159253697208 76.6
82163300 2453387384 77.8 5824159254106808 76.6
82163400 2464251684 78.1 5853254937531064 76.9
82166900 2464252284 78.1 5853255050785464 76.9
82167400 2464252784 78.1 5853255169979064 76.9
83370200 2475075184 78.5 5882002476610232 77.3
83373400 2475075284 78.5 5882002483573432 77.3
83373500 2475075484 78.5 5882002501595832 77.3
84050100 2475075684 78.5 5882002521666232 77.3
84050300 2486053084 78.8 5911642267136696 77.7
84523600 2486053284 78.8 5911642280653496 77.7
84524100 2486053484 78.8 5911642292327096 77.7
84524300 2486053684 78.8 5911642311783096 77.7
84524800 2486054184 78.8 5911642447414904 77.7
84526100 2486054384 78.8 5911642477315704 77.7
84527700 2486054884 78.8 5911642564355704 77.7
84532200 2496694484 79.2 5940335831574136 78.1
88434900 2500683084 79.3 5951016409654904 78.2
88435700 2500683384 79.3 5951016412049304 78.2
88444200 2500683784 79.3 5951016425903404 78.2
88444800 2500683884 79.3 5951016437986604 78.2
88929700 2500684084 79.3 5951016498812204 78.2
88930000 2511934084 79.7 5981614095389996 78.6
88971900 2511934384 79.7 5981614254724396 78.6
88972200 2511934484 79.7 5981614256772396 78.6
88972500 2511934684 79.7 5981614258950796 78.6
88977700 2511934784 79.7 5981614265913996 78.6
88980500 2522849184 80.0 6010525037154956 79.0
93777200 2534112584 80.4 6041064750240396 79.4
93778900 2534112884 80.4 6041064766419596 79.4
93784800 2534112984 80.4 6041064773177996 79.4
94754500 2545737484 80.7 6072925731869324 79.8
94754800 2545737584 80.7 6072925733917324 79.8
94759300 2545737684 80.7 6072925736579724 79.8
94764100 2545737984 80.7 6072925752144524 79.8
94765900 2545738184 80.7 6072925762384524 79.8
94766400 2545738284 80.7 6072925762589324 79.8
97300600 2545738484 80.7 6072925776106124 79.8
97302200 2545738784 80.7 6072925800272524 79.8
97303000 2545739784 80.7 6072926066717324 79.8
97306000 2545739984 80.7 6072926080234124 79.8
97308800 2545740484 80.7 6072926153142924 79.8
97319700 2557477084 81.1 6104735372997260 80.2
97321100 2557477584 81.1 6104735396958860 80.2
100326800 2557477684 81.1 6104735403717260 80.2
100330300 2557478484 81.1 6104735566254556 80.2
100333800 2569059084 81.5 6136157184184796 80.7
100336200 2569059584 81.5 6136157258731996 80.7
101552400 2569059784 81.5 6136157285897796 80.7
101561400 2569060084 81.5 6136157323246996 80.7
101563300 2569060184 81.5 6136157331848596 80.7
101563900 2569060284 81.5 6136157331979996 80.7
101568900 2580797984 81.8 6167776407256796 81.1
101571000 2580798084 81.8 6167776515186396 81.1
106331100 2580798184 81.8 6167776521944796 81.1
106335700 2580798684 81.8 6167776618815196 81.1
106341600 2580798784 81.8 6167776622501596 81.1
106351900 2580799184 81.8 6167776688986996 81.1
106352200 2592837284 82.2 6200213756304244 81.5
107228500 2592837484 82.2 6200213758486844 81.5
107228800 2592837984 82.2 6200214230755644 81.5
107241700 2604990184 82.6 6233126816958780 81.9
107242000 2604990284 82.6 6233126823717180 81.9
110356300 2604990684 82.6 6233126844197180 81.9
110359000 2617467684 83.0 6266644789946684 82.4
110361600 2617467984 83.0 6266645078305084 82.4
110368900 2617468184 83.0 6266645108205884 82.4
110369500 2617468284 83.0 6266645120289084 82.4
113043300 2617468984 83.0 6266645260577084 82.4
113049200 2617469284 83.0 6266645370694284 82.4
113051800 2617469584 83.0 6266645394655884 82.4
113058100 2617469784 83.0 6266645589420684 82.4
113064400 2630199684 83.4 6301030281800332 82.8
116429700 2630199984 83.4 6301030447278732 82.8
116430200 2630200384 83.4 6301030448024532 82.8
116433900 2630200484 83.4 6301030448229332 82.8
116434200 2630200584 83.4 6301030450277332 82.8
116435000 2643474884 83.8 6337098956483540 83.3
121240500 2657190584 84.3 6373952212773844 83.8
121240600 2657191184 84.3 6373952475047140 83.8
121241300 2657191484 84.3 6373952578745444 83.8
121250800 2657191684 84.3 6373952592262244 83.8
121267400 2657191884 84.3 6373952599615344 83.8
125401200 2671664284 84.7 6412605975684976 84.3
125402200 2671664384 84.7 6412605986334576 84.3
125420100 2671664684 84.7 6412606174136176 84.3
131673000 2671664884 84.7 6412606187652976 84.3
131686400 2684905784 85.1 6448035767142256 84.8
131687600 2684906184 85.1 6448035883468656 84.8
131691600 2684906384 85.1 6448035897599856 84.8
131691700 2684906784 85.1 6448035916302856 84.8
131695200 2684906984 85.1 6448035923266056 84.8
136900800 2684907084 85.1 6448035930024456 84.8
136901500 2684907384 85.1 6448035940403156 84.8
136904000 2684907684 85.1 6448036008601556 84.8
136923200 2700866184 85.6 6491433947801556 85.3
143789400 2700866384 85.6 6491433970943956 85.3
143798000 2700866584 85.6 6491433977842056 85.3
143814500 2713470584 86.0 6525196862556552 85.8
143815300 2713470684 86.0 6525196886722952 85.8
143816000 2713471284 86.0 6525196927273352 85.8
145781100 2713471584 86.0 6525196940994952 85.8
145783000 2713471684 86.0 6525196941124752 85.8
145783100 2713471884 86.0 6525196953207952 85.8
145794600 2713471984 86.0 6525196965495952 85.8
145795000 2730969684 86.6 6573126309102736 86.4
145796500 2730969784 86.6 6573126315861136 86.4
147793500 2730970084 86.6 6573126350472336 86.4
147815800 2730970284 86.6 6573126394299536 86.4
147817200 2748137184 87.1 6618700724290704 87.0
147820200 2748137584 87.1 6618700841231504 87.0
149171000 2764857184 87.7 6663083053556880 87.6
149171400 2764857284 87.7 6663083053685680 87.6
149174900 2764857484 87.7 6663083097512880 87.6
149175400 2764857884 87.7 6663083098064880 87.6
151072100 2764858184 87.7 6663083118340080 87.6
151074000 2780703984 88.2 6706286504749040 88.2
151078300 2780704184 88.2 6706286553491440 88.2
151079100 2780704284 88.2 6706286555539440 88.2
158782100 2780704484 88.2 6706286593632240 88.2
158795400 2780704684 88.2 6706286681081840 88.2
158803300 2780704784 88.2 6706286687840240 88.2
158805300 2780704884 88.2 6706286694598640 88.2
158807700 2788633184 88.4 6727326774691824 88.4
158998100 2801067484 88.8 6759738466469872 88.9
167479400 2802606584 88.9 6763698290264048 88.9
167489000 2802606684 88.9 6763698313406448 88.9
167489300 2802606884 88.9 6763698327742448 88.9
167489700 2802607084 88.9 6763698382424048 88.9
167491200 2802607184 88.9 6763698391435248 88.9
170197000 2802607384 88.9 6763698416764448 88.9
170197800 2812791384 89.2 6789431757358624 89.2
170199900 2812792184 89.2 6789432197678624 89.2
170201100 2812792284 89.2 6789432199726624 89.2
174822100 2812792884 89.2 6789432240277024 89.2
174850400 2812792984 89.2 6789432240481824 89.2
174850500 2812793484 89.2 6789432245128824 89.2
174853000 2821383084 89.5 6810756111830648 89.5
175915300 2822250684 89.5 6812765122629240 89.6
176486100 2822567184 89.5 6813528068623992 89.6
177794900 2829155084 89.7 6829439302405752 89.8
179487600 2836530084 89.9 6847319003795064 90.0
183184100 2836530184 89.9 6847319005843064 90.0
183185100 2845158584 90.2 6868834483031672 90.3
183185800 2845158684 90.2 6868834483173572 90.3
183186900 2845159084 90.2 6868834503827672 90.3
184429400 2845159284 90.2 6868834514618972 90.3
184430600 2845159484 90.2 6868834516796372 90.3
184431800 2845159584 90.2 6868834518844372 90.3
184432100 2851820384 90.4 6884954534593492 90.5
185622900 2852136284 90.4 6885701148296148 90.5
185631300 2852663284 90.5 6887023606318036 90.5
185632300 2852663484 90.5 6887023616558036 90.5
185738100 2852663884 90.5 6887023624403836 90.5
185738400 2852922684 90.5 6887659502910332 90.5
185848100 2852922984 90.5 6887659519908732 90.5
185870200 2852923184 90.5 6887659565169532 90.5
185878200 2852978784 90.5 6887792529513340 90.5
186163500 2852978884 90.5 6887792536271740 90.5
186167700 2852979184 90.5 6887792561666940 90.5
186177100 2853249584 90.5 6888422678641532 90.5
186698800 2854648684 90.5 6891767792581500 90.6
195743900 2858048884 90.6 6899670709615484 90.7
195896600 2858049084 90.6 6899670719855484 90.7
195896700 2858049884 90.6 6899670847984684 90.7
195897200 2868376284 91.0 6926229283673132 91.0
195949500 2868376484 91.0 6926229297394732 91.0
196064200 2872687684 91.1 6936075747947564 91.2
196732400 2875070684 91.2 6941852182213676 91.2
202835500 2875070984 91.2 6941852244602176 91.2
202851800 2875071084 91.2 6941852244806976 91.2
202852800 2875071184 91.2 6941852276141376 91.2
202854100 2875071284 91.2 6941852276279876 91.2
202888300 2889068984 91.6 6978292670450244 91.7
213056800 2899980184 92.0 7006697847704132 92.1
213104200 2899980484 92.0 7006697888598432 92.1
223845900 2899980584 92.0 7006697888729332 92.1
223846500 2899981084 92.0 7006697985394932 92.1
223859100 2899981284 92.0 7006698062399732 92.1
223860200 2899981484 92.0 7006698071206132 92.1
223861800 2899981684 92.0 7006698073382932 92.1
223889900 2911056184 92.3 7035148639297556 92.5
229766800 2911056284 92.3 7035148639502356 92.5
229767000 2921183484 92.6 7060330924048404 92.8
229769200 2921183784 92.6 7060330972176404 92.8
229769700 2921183884 92.6 7060330972305704 92.8
229861500 2922212084 92.7 7062845617985832 92.8
229928900 2922212384 92.7 7062845727144232 92.8
236194900 2922212684 92.7 7062845811112232 92.8
236198100 2927313784 92.8 7074639988439336 93.0
236242800 2927314284 92.8 7074640020734936 93.0
236245900 2927314384 92.8 7074640020874336 93.0
236250300 2927314484 92.8 7074640021079136 93.0
236253100 2927314584 92.8 7074640027837536 93.0
236254000 2927314684 92.8 7074640034595936 93.0
239093900 2927314784 92.8 7074640034728436 93.0
239094200 2928071584 92.8 7076550489737716 93.0
239241900 2933478484 93.0 7089469928573428 93.2
242183900 2933478784 93.0 7089470141787236 93.2
242197400 2933479184 93.0 7089470171892836 93.2
242198200 2933479284 93.0 7089470172025636 93.2
242201000 2939152884 93.2 7102966544716580 93.4
242202500 2939152984 93.2 7102966585062180 93.4
242205800 2939153184 93.2 7102966585324680 93.4
242229600 2939153584 93.2 7102966840915080 93.4
242251400 2940489184 93.2 7106181925139592 93.4
242695600 2944404484 93.4 7115697335006344 93.5
252704400 2946026984 93.4 7119502617572488 93.6
253357100 2946027284 93.4 7119502621804788 93.6
253358200 2946027484 93.4 7119502631979188 93.6
253361500 2946027784 93.4 7119502643172988 93.6
253397300 2948462184 93.5 7125458467296892 93.7
253409100 2948462284 93.5 7125458474055292 93.7
257572100 2948462684 93.5 7125458500064892 93.7
257576100 2956561284 93.8 7145642736621180 93.9
257579100 2956561684 93.8 7145642784134780 93.9
257583300 2956562284 93.8 7145642887968380 93.9
257632200 2956562584 93.8 7145642916025980 93.9
271951900 2956562784 93.8 7145642929542780 93.9
271953900 2956563684 93.8 7145643150931580 93.9
271968400 2965385784 94.0 7168106276583036 94.2
271970200 2965386284 94.0 7168106303821436 94.2
272013600 2965386884 94.0 7168106320539036 94.2
272026900 2965387284 94.0 7168106329606736 94.2
273368300 2967584384 94.1 7173070692616784 94.3
275604100 2967850584 94.1 7173797386848848 94.3
276305000 2972180284 94.2 7184219554908752 94.4
280143300 2972180484 94.2 7184219568425552 94.4
280158700 2980110884 94.5 7204067566504528 94.7
280217100 2980111084 94.5 7204067603573328 94.7
280218000 2980111284 94.5 7204067615656528 94.7
280225400 2980111884 94.5 7204067745909328 94.7
283533200 2980112084 94.5 7204067750005328 94.7
283533500 2987242384 94.7 7222061765053008 94.9
285996800 2987242884 94.7 7222061795568208 94.9
286066700 2990547684 94.8 7229758147324496 95.0
286075800 2990547784 94.8 7229758147462996 95.0
286076900 2990548184 94.8 7229758153336796 95.0
287050300 2990834884 94.8 7230409615648732 95.0
288634500 2990859384 94.8 7230467273197532 95.0
288635000 2990859484 94.8 7230467273402332 95.0
288635100 2990859684 94.8 7230467286034832 95.0
288638500 2990859784 94.8 7230467286239632 95.0
288660100 2991720784 94.9 7232556865816976 95.1
288708700 2991989584 94.9 7233199235533200 95.1
288923800 2991989784 94.9 7233199267072400 95.1
288949100 2993813184 94.9 7237498719914384 95.1
289008300 2998619084 95.1 7249090528364944 95.3
289027700 2998952884 95.1 7249888002263440 95.3
289368700 2999177584 95.1 7250409518090640 95.3
289436400 2999177784 95.1 7250409528460240 95.3
289437200 2999178084 95.1 7250409548735440 95.3
289475800 2999287084 95.1 7250674392032208 95.3
289476900 2999287184 95.1 7250674399609808 95.3
290977200 2999550884 95.1 7251323410875344 95.3
292718800 2999585884 95.1 7251401544328144 95.3
297707200 3002082484 95.2 7257545171035088 95.4
297710400 3002082884 95.2 7257545266881488 95.4
297711900 3002082984 95.2 7257545267086288 95.4
297715400 3002083084 95.2 7257545267291088 95.4
297760200 3002083284 95.2 7257545271320788 95.4
303556700 3002083484 95.2 7257545276031188 95.4
303570700 3002113284 95.2 7257613789389012 95.4
304532100 3002155384 95.2 7257716030398676 95.4
304802600 3002163084 95.2 7257734666993876 95.4
304838200 3002163284 95.2 7257734669246676 95.4
304878800 3002163384 95.2 7257734670270676 95.4
304986400 3002240784 95.2 7257915791491284 95.4
305268400 3002240984 95.2 7257915795587284 95.4
305293300 3007349784 95.4 7270435137667284 95.6
306991500 3007430784 95.4 7270624386171092 95.6
308062800 3011318584 95.5 7280015185363156 95.7
308079100 3011318684 95.5 7280015187411156 95.7
308081600 3011318784 95.5 7280015190892756 95.7
308257900 3011342584 95.5 7280063676883156 95.7
308808800 3011441784 95.5 7280321681662164 95.7
309137100 3011851684 95.5 7281289313624276 95.7
310989500 3011892384 95.5 7281375048024276 95.7
311048600 3012589184 95.5 7283124263895252 95.7
322458400 3015755884 95.6 7290736326918356 95.8
322473600 3015756284 95.6 7290736445087956 95.8
322474800 3015756384 95.6 7290736457580756 95.8
322480800 3015756484 95.6 7290736466591956 95.8
322482100 3015756584 95.6 7290736510828756 95.8
326114200 3018514384 95.7 7297511018528980 95.9
328269800 3020137884 95.8 7301529604260052 96.0
328450400 3021312984 95.8 7304534493823188 96.0
329419000 3021313084 95.8 7304534589055188 96.0
329427100 3021313284 95.8 7304534593151188 96.0
329427800 3021313584 95.8 7304534593614488 96.0
329428900 3021313984 95.8 7304534594575288 96.0
329429000 3022829184 95.9 7308412502825912 96.1
332272800 3022829384 95.9 7308412506921912 96.1
332274500 3025434284 95.9 7314496614357944 96.1
332275400 3025434784 95.9 7314496632577244 96.1
332347200 3025434984 95.9 7314496639477244 96.1
344044500 3025435184 95.9 7314496658858144 96.1
344047900 3025435584 95.9 7314496714563744 96.1
344061800 3025436184 95.9 7314496795729840 96.1
344065800 3029884984 96.1 7325566506655664 96.3
344139600 3029885584 96.1 7325566582561864 96.3
345968500 3029886184 96.1 7325566616558664 96.3
345973500 3029887684 96.1 7325566790024264 96.3
345974200 3029887884 96.1 7325566813985864 96.3
345982600 3034404784 96.2 7336943845760072 96.4
346065300 3034405284 96.2 7336943981132872 96.4
355569300 3036775684 96.3 7342595668409416 96.5
355569500 3036775784 96.3 7342595682335816 96.5
355569600 3036775984 96.3 7342595781254216 96.5
355570600 3036776084 96.3 7342595781396116 96.5
364246500 3036776184 96.3 7342595783444116 96.5
364248900 3036776484 96.3 7342596745389716 96.5
364302900 3036776784 96.3 7342596887725716 96.5
364327600 3040276084 96.4 7351129642944148 96.6
364331300 3040276384 96.4 7351129716393948 96.6
373066500 3044304884 96.5 7361463371007964 96.8
373066800 3044305084 96.5 7361463371968264 96.8
373067300 3044305284 96.5 7361463374157364 96.8
373073900 3044305584 96.5 7361463378458164 96.8
373074000 3044305684 96.5 7361463636096564 96.8
380872000 3046398384 96.6 7366642371032628 96.8
380875300 3046398684 96.6 7366642475275828 96.8
380881000 3046398984 96.6 7366642606757428 96.8
389141000 3049644684 96.7 7374908031718964 96.9
389141800 3049644984 96.7 7374908059087164 96.9
389142400 3049645384 96.7 7374908074987064 96.9
399762600 3052587684 96.8 7382351981547064 97.0
399765600 3052587784 96.8 7382351981751864 97.0
399773500 3052587884 96.8 7382351981885164 97.0
399774300 3052587984 96.8 7382352002160364 97.0
399777100 3052588384 96.8 7382352074583660 97.0
406599900 3054628784 96.9 7387341438266988 97.1
406600600 3054629184 96.9 7387341453831788 97.1
406601700 3054629284 96.9 7387341463866988 97.1
406630600 3054629884 96.9 7387341496284388 97.1
418640600 3054629984 96.9 7387341496426388 97.1
418640800 3054630084 96.9 7387341496631188 97.1
418642600 3057602284 97.0 7394641781833620 97.2
418643300 3057602584 97.0 7394641792892820 97.2
418643400 3057602784 97.0 7394641793168220 97.2
428103900 3059120684 97.0 7398239721199400 97.2
428111800 3059121484 97.0 7398239964201100 97.2
428113600 3059121584 97.0 7398239964331200 97.2
439669100 3061211684 97.1 7403462286998720 97.3
446834700 3062211484 97.1 7405780977155264 97.3
446849000 3062211784 97.1 7405780979549164 97.3
456297500 3062212184 97.1 7405781068841964 97.3
456297800 3063489384 97.1 7408899756688364 97.4
464998800 3064081084 97.2 7410230657713132 97.4
465060900 3064081184 97.2 7410230658737132 97.4
465062300 3064081384 97.2 7410230666314732 97.4
465089500 3064081484 97.2 7410230673073132 97.4
471960900 3064684584 97.2 7411654588687340 97.4
482855800 3065024984 97.2 7412481904600044 97.4
482857800 3065025284 97.2 7412481905148544 97.4
488140800 3065140884 97.2 7412739291857536 97.4
493917500 3065179984 97.2 7412829762871936 97.4