# 3580249344 8612339825770496 948300 202036900 488137280779500 0 0
0 414666208 11.6 11984972021760 0.1
851500 676014304 18.9 464807266353152 5.4
1644300 834082304 23.3 788939656921088 9.2
2392200 950807104 26.6 1053841814454272 12.2
3101400 1042903504 29.1 1281649580965888 14.9
3782700 1119017208 31.3 1482596236132352 17.2
4442100 1184219408 33.1 1662510704885760 19.3
5070000 1241320208 34.7 1825156720754688 21.2
5693500 1291778608 36.1 1972804777934848 22.9
6285800 1337340508 37.4 2108794372882432 24.5
6889000 1378869508 38.5 2235754621173760 26.0
7476200 1417141308 39.6 2354278463176704 27.3
8013200 1452474008 40.6 2463239510163456 28.6
8536600 1485414808 41.5 2566299993505792 29.8
9069600 1516446408 42.4 2664008804990976 30.9
9636800 1545325008 43.2 2754992175841280 32.0
10157400 1572251108 43.9 2841784564580352 33.0
10660700 1597311208 44.6 2923104284180480 33.9
11213200 1620890908 45.3 3000631681875968 34.8
11743400 1643443008 45.9 3075018678337536 35.7
12125600 1664867508 46.5 3145178881720320 36.5
12192400 1664867908 46.5 3145179259166720 36.5
13059200 1664868808 46.5 3145179738193920 36.5
13090200 1704582708 47.6 3275295646597120 38.0
13967700 1741094308 48.6 3394732546637824 39.4
14047800 1741094908 48.6 3394732554010624 39.4
14909400 1741095508 48.6 3394732795879424 39.4
14977000 1775012708 49.6 3506904104427520 40.7
15715500 1775013108 49.6 3506904277688320 40.7
15786500 1806574308 50.5 3610856444895232 41.9
16673800 1836125508 51.3 3708374054838272 43.1
16749400 1836126308 51.3 3708375159324672 43.1
17504700 1863482708 52.0 3797992034320384 44.1
17521800 1863482808 52.0 3797992164982784 44.1
18216000 1863483008 52.0 3797992186896384 44.1
18400400 1888938408 52.8 3881264178847744 45.1
19079900 1912971708 53.4 3960151319371776 46.0
19845400 1912972208 53.4 3960151582334976 46.0
19999200 1935773508 54.1 4034815167979520 46.8
20677500 1935773908 54.1 4034815749816320 46.8
20730600 1957381008 54.7 4105580478234624 47.7
20762600 1957381108 54.7 4105580637569024 47.7
21972800 1987732108 55.5 4204001511596032 48.8
22851600 1987732508 55.5 4204001656389632 48.8
23008500 2016298808 56.3 4295491330064384 49.9
23824100 2016298908 56.3 4295491360374784 49.9
23913700 2016299208 56.3 4295491694403584 49.9
23920900 2042893408 57.1 4381357561389056 50.9
24867800 2067618908 57.8 4461065695174656 51.8
24868600 2067619008 57.8 4461065725485056 51.8
24869500 2067619108 57.8 4461065725689856 51.8
25825800 2090680708 58.4 4535267333914624 52.7
25827300 2090680908 58.4 4535267369754624 52.7
25931900 2090681108 58.4 4535267385114624 52.7
26808200 2090681608 58.4 4535267412353024 52.7
26819200 2112759108 59.0 4605639226761216 53.5
27953500 2133854108 59.6 4672150104645632 54.2
27954000 2133854208 59.6 4672150127788032 54.2
28174700 2133854308 59.6 4672150134751232 54.2
29521000 2159796208 60.3 4754281527672832 55.2
29561200 2159796308 60.3 4754281529720832 55.2
29561700 2159796408 60.3 4754281536684032 55.2
30356900 2159796508 60.3 4754282130604032 55.2
30681600 2184134108 61.0 4830930033082368 56.1
31606300 2184134208 61.0 4830930039840768 56.1
31614100 2184134408 61.0 4830930225389568 56.1
31627800 2207091108 61.6 4902929782071296 56.9
32646300 2207091208 61.6 4902929788829696 56.9
32984200 2228913008 62.3 4971208293220352 57.7
33920100 2249233508 62.8 5034824832909312 58.5
35508700 2272945408 63.5 5108385912193024 59.3
35568500 2272946008 63.5 5108386500378624 59.3
35599900 2272946208 63.5 5108386523930624 59.3
35785400 2272946308 63.5 5108386669133824 59.3
36787900 2272946508 63.5 5108386750029824 59.3
36869800 2295531008 64.1 5177769866321920 60.1
37905900 2295531108 64.1 5177769869803520 60.1
37916200 2316585308 64.7 5242605672693760 60.9
39249600 2336506408 65.3 5303581495361536 61.6
39267400 2336506508 65.3 5303581529767936 61.6
39371300 2336506908 65.3 5303581567246336 61.6
39433300 2336507408 65.3 5303581896155136 61.6
39504600 2336507908 65.3 5303581947355136 61.6
40558400 2336508008 65.3 5303581956571136 61.6
40558600 2359094408 65.9 5371694672707584 62.4
42227300 2379947108 66.5 5434346996432896 63.1
43588900 2399757308 67.0 5493685463482368 63.8
43593000 2399757408 67.0 5493685463687168 63.8
44916700 2418587708 67.6 5549162042105856 64.4
46448100 2438849108 68.1 5609135543566336 65.1
48106100 2458019108 68.7 5665481286631424 65.8
48413200 2458019508 68.7 5665481301172224 65.8
49906500 2475884208 69.2 5717719633633280 66.4
51408400 2495180808 69.7 5774014277492736 67.0
52622600 2495181308 69.7 5774014311284736 67.0
52647800 2495181608 69.7 5774014472871936 67.0
52833700 2495181708 69.7 5774014483111936 67.0
52948200 2513196708 70.2 5826329554558976 67.7
54509500 2532310208 70.7 5881234505916416 68.3
56302500 2532310308 70.7 5881234506326016 68.3
56377700 2550048608 71.2 5931911010000896 68.9
57414100 2550048708 71.2 5931911016759296 68.9
57532300 2568481508 71.7 5984618477928448 69.5
59187600 2585999008 72.2 6034466673672192 70.1
61184700 2585999308 72.2 6034466693128192 70.1
61204300 2603737908 72.7 6084470782763008 70.6
62425600 2620196308 73.2 6130932944101376 71.2
62595100 2620196508 73.2 6130932945125376 71.2
64192800 2636851408 73.6 6177400204689408 71.7
64203200 2636851808 73.6 6177400309547008 71.7
66316700 2652628508 74.1 6221477998624768 72.2
66340000 2652628608 74.1 6221478012551168 72.2
67372300 2668691608 74.5 6266225259347968 72.8
67382300 2668692108 74.5 6266225277102068 72.8
68827400 2683523308 75.0 6307027852290036 73.2
68835300 2683523508 75.0 6307027865806836 73.2
68838800 2683523608 75.0 6307027872565236 73.2
71174000 2698586908 75.4 6348308975896564 73.7
72160300 2713703108 75.8 6389763379480564 74.2
74401200 2728637008 76.2 6429993235040244 74.7
76173800 2742821908 76.6 6468101032822772 75.1
77730000 2742822008 76.6 6468101033027572 75.1
77742400 2756882108 77.0 6506025069963252 75.5
79113900 2756882508 77.0 6506025096996852 75.5
79117000 2770890808 77.4 6543131177543668 76.0
79139000 2770891008 77.4 6543131184506868 76.0
80564500 2784669608 77.8 6579639903889396 76.4
80568100 2784669808 77.8 6579640014276596 76.4
82457000 2784669908 77.8 6579640016324596 76.4
82457100 2798410908 78.2 6616342588049396 76.8
82462700 2798411008 78.2 6616342594807796 76.8
82468700 2798411108 78.2 6616342625937396 76.8
82468800 2798411308 78.2 6616342639454196 76.8
83345100 2798411408 78.2 6616342681642996 76.8
83355500 2812088808 78.5 6652627588769780 77.2
84753000 2812089108 78.5 6652627681339380 77.2
84754600 2825475408 78.9 6688411595630580 77.7
84754900 2825475508 78.9 6688411595835380 77.7
87103200 2838837708 79.3 6724357435426804 78.1
87110000 2838837908 79.3 6724357519394804 78.1
87358200 2838838008 79.3 6724357526358004 78.1
87684800 2852063108 79.7 6759930962085876 78.5
87685400 2852063208 79.7 6759930962290676 78.5
89867300 2852063308 79.7 6759930964338676 78.5
89868100 2865158808 80.0 6794618242197492 78.9
89880700 2865159008 80.0 6794618249160692 78.9
91959400 2865159108 80.0 6794618252642292 78.9
91961400 2865159308 80.0 6794618252916092 78.9
91961500 2878828308 80.4 6830968607962492 79.3
91970700 2878828708 80.4 6830968690906492 79.3
91973800 2878829108 80.4 6830968713024892 79.3
93506500 2892433708 80.8 6867174033233276 79.7
93507300 2892433808 80.8 6867174039991676 79.7
93508600 2892433908 80.8 6867174046750076 79.7
93509000 2892434108 80.8 6867174071735676 79.7
93518500 2892434208 80.8 6867174075217276 79.7
93525100 2892434308 80.8 6867174094468476 79.7
95692400 2892434408 80.8 6867174187857276 79.7
95692800 2906073908 81.2 6903232799700348 80.2
95699400 2906074008 81.2 6903232799905148 80.2
98474500 2919993108 81.6 6940309356746108 80.6
100617200 2919993208 81.6 6940309358794108 80.6
100617300 2933869208 81.9 6977456023426428 81.0
100635700 2933869308 81.9 6977456030184828 81.0
103830600 2947762008 82.3 7015100288120188 81.5
106993700 2961965908 82.7 7053157410321788 81.9
107002500 2961966108 82.7 7053157427115388 81.9
107007300 2961966308 82.7 7053157435921788 81.9
107008300 2961966408 82.7 7053157442680188 81.9
109769700 2975886008 83.1 7090511087826300 82.3
109770600 2975886108 83.1 7090511142303100 82.3
113653100 2989963008 83.5 7128254069192060 82.8
118023600 3004021408 83.9 7165580581590396 83.2
122962000 3004021708 83.9 7165580601865596 83.2
122971400 3017881508 84.3 7203124878128508 83.6
125363600 3031747108 84.7 7240202886198652 84.1
125465400 3031747308 84.7 7240202887017852 84.1
129415400 3045816808 85.1 7277594373174652 84.5
129450000 3045816908 85.1 7277594544797052 84.5
134928500 3045817308 85.1 7277594571830652 84.5
135052600 3059729108 85.5 7314732222903676 84.9
138339600 3073952908 85.9 7352136589768060 85.4
143290100 3073953108 85.9 7352136603489660 85.4
143291100 3073953208 85.9 7352136610452860 85.4
143299400 3073953308 85.9 7352136617211260 85.4
143317600 3088354708 86.3 7390371829560700 85.8
149138000 3103049808 86.7 7428843692930428 86.3
149138600 3103049908 86.7 7428843693135228 86.3
154754700 3103050008 86.7 7428843693340028 86.3
154762600 3118269108 87.1 7469169510380924 86.7
154782900 3118269308 87.1 7469169519187324 86.7
158963700 3118269408 87.1 7469169519392124 86.7
158964100 3118269708 87.1 7469169616876924 86.7
158993900 3134787308 87.6 7513170877347196 87.2
161490800 3150189108 88.0 7554330345862524 87.7
161491000 3150189408 88.0 7554330409964924 87.7
161493500 3150189508 88.0 7554330410988924 87.7
161570400 3150189708 88.0 7554330430444924 87.7
161570900 3150189808 88.0 7554330432492924 87.7
161571200 3165932608 88.4 7595982266160508 88.2
165716900 3182081508 88.9 7638567034672508 88.7
168960800 3193742108 89.2 7668622102222204 89.0
170088800 3205987808 89.5 7700949159236988 89.4
170090000 3205988808 89.5 7700949364157596 89.4
170090600 3205990208 89.5 7700949644938396 89.4
170094500 3205990808 89.5 7700949671357596 89.4
170094700 3205990908 89.5 7700949684669596 89.4
174585900 3216135608 89.8 7726855018990748 89.7
174620600 3216136508 89.8 7726855242837148 89.7
176004100 3224432608 90.1 7747281427819676 90.0
176537500 3224432808 90.1 7747282068843676 90.0
176560200 3233663508 90.3 7770408058104988 90.2
186549100 3233663608 90.3 7770408058514588 90.2
186550000 3233663808 90.3 7770408085752988 90.2
186567300 3233664308 90.3 7770408543071388 90.2
186607000 3235624008 90.4 7775142320024732 90.3
186685300 3235624208 90.4 7775142498815132 90.3
189324700 3243361408 90.6 7793580839554204 90.5
189332200 3243361508 90.6 7793580842216604 90.5
189332600 3243361708 90.6 7793580844469404 90.5
195488900 3243362108 90.6 7793580862008704 90.5
195489000 3243362208 90.6 7793580970143104 90.5
195515900 3250872508 90.8 7811423719714176 90.7
197506600 3258432808 91.0 7829736415882624 90.9
197507000 3258432908 91.0 7829736417930624 90.9
197708600 3267383308 91.3 7852247935364480 91.2
197768600 3267383808 91.3 7852248024452480 91.2
199965800 3267384008 91.3 7852248024799180 91.2
199965900 3267384108 91.3 7852248024931080 91.2
199966000 3275389708 91.5 7871731764484872 91.4
204071100 3275390008 91.5 7871731768785672 91.4
204071200 3285842808 91.8 7898548084964104 91.7
204281300 3285843108 91.8 7898548126948104 91.7
216075900 3285843208 91.8 7898548127152904 91.7
216108900 3285843408 91.8 7898548129405704 91.7
216346200 3296936708 92.1 7927262936472328 92.0
223677000 3296936808 92.1 7927262936677128 92.0
223677500 3309762908 92.4 7960735114181384 92.4
223677800 3309763008 92.4 7960735116229384 92.4
230007900 3309763108 92.4 7960735116434184 92.4
230008300 3320475708 92.7 7988366490737416 92.8
236984500 3326909508 92.9 8003970179275528 92.9
240202000 3335039108 93.2 8024218161068808 93.2
240202100 3335039408 93.2 8024218182572808 93.2
243688200 3340924308 93.3 8038217176537864 93.3
244097700 3340924408 93.3 8038217250470664 93.3
247112600 3346858108 93.5 8052665691372296 93.5
247113300 3346858208 93.5 8052665691577096 93.5
251382700 3353324508 93.7 8068515276430088 93.7
251387900 3353324808 93.7 8068515384974088 93.7
254671800 3353325308 93.7 8068515914996488 93.7
254758400 3353325408 93.7 8068515925031688 93.7
254873600 3353327108 93.7 8068518455335688 93.7
255085700 3353327208 93.7 8068518457383688 93.7
255085900 3361242108 93.9 8088139226946312 93.9
268758600 3371082508 94.2 8113660241386248 94.2
268836000 3371082708 94.2 8113660485098248 94.2
268861400 3371085808 94.2 8113664876829448 94.2
269152100 3371087608 94.2 8113668219165448 94.2
274991000 3380136708 94.4 8136679567612680 94.5
274991900 3380136908 94.4 8136679578262280 94.5
283654700 3380137108 94.4 8136679581948680 94.5
283870400 3380137508 94.4 8136679614102280 94.5
283917500 3384783708 94.5 8147805952326408 94.6
285115700 3384783808 94.5 8147805952456108 94.6
285115800 3384783908 94.5 8147805952660908 94.6
285116500 3390726708 94.7 8162536402834860 94.8
292768800 3395721108 94.8 8174411582657964 94.9
292932100 3395721408 94.8 8174411595150764 94.9
292950200 3395721508 94.8 8174411598632364 94.9
296088300 3401814908 95.0 8189576767444396 95.1
296267400 3401815108 95.0 8189576798369196 95.1
306634600 3401818608 95.0 8189577461306796 95.1
306634700 3401818908 95.0 8189577610605996 95.1
306787700 3409590608 95.2 8209386863801772 95.3
315855100 3409591108 95.2 8209387029894572 95.3
316076600 3415796408 95.4 8224955015468460 95.5
321413300 3415797008 95.4 8224955050489260 95.5
321582700 3419712808 95.5 8234392768214444 95.6
321715400 3419713008 95.5 8234392768949444 95.6
322124200 3423650708 95.6 8243959785532612 95.7
322124900 3423650908 95.6 8243959785866512 95.7
322378400 3423651108 95.6 8243959794672912 95.7
333604800 3423656008 95.6 8243960668759312 95.7
333696600 3428614408 95.8 8256455918757136 95.9
333699800 3428615508 95.8 8256455973438736 95.9
333761200 3428616408 95.8 8256456292517136 95.9
333966900 3428622608 95.8 8256464024536336 95.9
334040800 3428624408 95.8 8256464732325136 95.9
348921500 3428624508 95.8 8256464734987536 95.9
349040600 3428625208 95.8 8256464920741136 95.9
349271100 3434369508 95.9 8271264129189136 96.0
349337000 3434370308 95.9 8271264305726736 96.0
351001500 3437777408 96.0 8279721717613840 96.1
351002200 3437777608 96.0 8279721734817040 96.1
353168000 3440858608 96.1 8287043699737872 96.2
353168300 3440858708 96.1 8287043699942672 96.2
353298800 3440859008 96.1 8287043766297872 96.2
356863500 3440859508 96.1 8287044242867472 96.2
357053000 3445205908 96.2 8297926713771280 96.3
357081600 3445208808 96.2 8297927498081296 96.3
375535700 3448594408 96.3 8306665671959568 96.5
375535800 3448594808 96.3 8306665678308368 96.5
375536000 3448594908 96.3 8306665680356368 96.5
377818800 3448595108 96.3 8306665680630168 96.5
377818900 3451303808 96.4 8313256403890584 96.5
382267600 3453774608 96.5 8319102358221208 96.6
392178600 3455591008 96.5 8323543524798872 96.6
392178700 3455591108 96.5 8323543526846872 96.6
398541000 3458689808 96.6 8331410290028952 96.7
402240100 3460560108 96.7 8335846146617752 96.8
402240500 3460560308 96.7 8335846148870552 96.8
402240900 3460560508 96.7 8335846151123352 96.8
402581900 3460561208 96.7 8335846192083352 96.8
413145100 3460561308 96.7 8335846200275352 96.8
413145200 3462795008 96.7 8341537484403096 96.9
415885200 3464089708 96.8 8344561155797400 96.9
415885800 3464089808 96.8 8344561155954500 96.9
427406900 3464089908 96.8 8344561164351300 96.9
427407200 3464090008 96.8 8344561171519300 96.9
427407700 3464090208 96.8 8344561253848900 96.9
427503900 3466036008 96.8 8349426986227524 96.9
433285400 3466036108 96.8 8349426988275524 96.9
433285700 3467195008 96.8 8352228037023556 97.0
443415100 3468545708 96.9 8355587511211844 97.0
443415300 3468545808 96.9 8355587511416644 97.0
443415500 3468545908 96.9 8355587522271044 97.0
447786200 3469533408 96.9 8357894348838724 97.0
458514600 3470551008 96.9 8360402381674308 97.1
465193800 3471200808 97.0 8362008209495876 97.1
476210700 3471913908 97.0 8363760723662660 97.1
480712800 3472289108 97.0 8364684667361092 97.1
490210100 3472557908 97.0 8365391645808452 97.1
501081700 3472645808 97.0 8365577187039044 97.1