# 21304922112 49993067138121728 950340 381095400 822482267942200 0 0
0 4969216512 23.3 5238103996366848 10.5
4576800 7720726272 36.2 12247698392481792 24.5
8145100 8983520768 42.2 16092479564546048 32.2
11295800 9828998336 46.1 18749934475935744 37.5
14146900 10461723456 49.1 20753149232939008 41.5
16770900 10968448960 51.5 22352803896754176 44.7
19202100 11390159872 53.5 23677385501048832 47.4
21511200 11751807680 55.2 24800177864835072 49.6
23684300 12067456864 56.6 25773936675389440 51.6
25782600 12347768160 58.0 26629746557190144 53.3
27807400 12599281264 59.1 27390904889245696 54.8
29705900 12827460464 60.2 28076218595147776 56.2
31567000 13035905264 61.2 28696372614004736 57.4
33381900 13228176080 62.1 29264633227378688 58.5
35112500 13406136480 62.9 29785748924268544 59.6
36810600 13571544992 63.7 30267322803421184 60.5
38527100 13725027488 64.4 30713738281615360 61.4
40152700 13868068992 65.1 31128396134088704 62.3
41782900 14001880992 65.7 31514201537118208 63.0
43262300 14128272392 66.3 31876530011373568 63.8
44765800 14247823496 66.9 32217196214091776 64.4
44765900 14247823796 66.9 32217196300517376 64.4
47670500 14247825496 66.9 32217196717920384 64.4
47671100 14469089496 67.9 32845165899534464 65.7
50456700 14469090896 67.9 32845165993474664 65.7
50457000 14669837504 68.9 33410466032204392 66.8
53118000 14669838604 68.9 33410466091381092 66.8
53120000 14853720012 69.7 33921537537487204 67.9
55661700 15022990508 70.5 34389483653181796 68.8
58058000 15180444412 71.3 34821481429479780 69.7
58058500 15180445212 71.3 34821481638375780 69.7
60484100 15326301612 71.9 35219977461805412 70.4
62889600 15326301712 71.9 35219977619091812 70.4
62890200 15461475712 72.6 35587279833248100 71.2
65114600 15587601312 73.2 35928723592819044 71.9
65114700 15587601912 73.2 35928723611802144 71.9
67297300 15706498408 73.7 36250182854990368 72.5
69541700 15818335904 74.2 36550182730291744 73.1
69542200 15818336604 74.2 36550182800538144 73.1
69543100 15818337204 74.2 36550182959872544 73.1
72588000 15818338404 74.2 36550183195187744 73.1
72588300 15975433316 75.0 36968537269672480 73.9
72589100 15975434816 75.0 36968537537747184 73.9
75537300 15975435516 75.0 36968537635100288 73.9
75537400 16120803020 75.7 37353068707911296 74.7
75537700 16120803720 75.7 37353068960355104 74.7
78458300 16254942216 76.3 37706541547590432 75.4
78458400 16254943816 76.3 37706541701471328 75.4
81175200 16379587208 76.9 38034340249279584 76.1
81181400 16379587408 76.9 38034340256652384 76.1
84032800 16379587708 76.9 38034340281983784 76.1
84032900 16495805008 77.4 38338730508804904 76.7
86520700 16604986808 77.9 38622346191168296 77.3
86521200 16604987208 77.9 38622346575168296 77.3
86521500 16604988208 77.9 38622346659482600 77.3
88830800 16604988308 77.9 38622346740378600 77.3
88832200 16707925508 78.4 38888983846595560 77.8
88842100 16707925808 78.4 38888983932632160 77.8
88842300 16707926208 78.4 38888984020016360 77.8
92211000 16835216008 79.0 39217295984188648 78.4
92213400 16835216508 79.0 39217296080854248 78.4
92213700 16835219008 79.0 39217297752098792 78.4
95332800 16835219408 79.0 39217297771822292 78.4
95333000 16953154912 79.6 39520119641963732 79.1
95333200 16953155812 79.6 39520119722443132 79.1
95333600 16953156312 79.6 39520119727016332 79.1
98540100 16953157312 79.6 39520119868059836 79.1
98541200 16953157412 79.6 39520119868469436 79.1
98544600 16953157812 79.6 39520119936053436 79.1
98544900 17062971716 80.1 39800453944635580 79.6
101377900 17062972216 80.1 39800453953032380 79.6
101378200 17165684120 80.6 40062002747740348 80.1
101380600 17165685120 80.6 40062002861743644 80.1
101380700 17165685220 80.6 40062002900655644 80.1
104252200 17165685820 80.6 40062002974793244 80.1
104252400 17165686320 80.6 40062003008509944 80.1
104253300 17261499816 81.0 40305123491059704 80.6
104255600 17261500016 81.0 40305123508058104 80.6
104255900 17261500416 81.0 40305124125605880 80.6
107629600 17261501116 81.0 40305124253542880 80.6
107630700 17261501416 81.0 40305124266575080 80.6
107630900 17261501816 81.0 40305124307258480 80.6
107631000 17261502016 81.0 40305124316809480 80.6
107631800 17373103320 81.5 40587342524188936 81.2
110729700 17373104320 81.5 40587342846349448 81.2
110730700 17476875720 82.0 40848894040199304 81.7
110731000 17476876020 82.0 40848894044436504 81.7
110731100 17476876720 82.0 40848894071262904 81.7
110731500 17476877220 82.0 40848894195304008 81.7
114314900 17476877720 82.0 40848894285006408 81.7
114315100 17476878320 82.0 40848894309377608 81.7
114317200 17573198520 82.5 41091062819137096 82.2
114318500 17573199220 82.5 41091062928834696 82.2
114319000 17573200020 82.5 41091063133839496 82.2
117368800 17573200520 82.5 41091063190773896 82.2
117369200 17662927320 82.9 41316210929688712 82.6
117369700 17662928120 82.9 41316211007038012 82.6
117370000 17662929020 82.9 41316211048754112 82.6
120804900 17662929420 82.9 41316211164801112 82.6
120806500 17662930320 82.9 41316211284955208 82.6
120807300 17763747328 83.4 41567997199568968 83.1
120807500 17763747928 83.4 41567997244829768 83.1
120807600 17763748528 83.4 41567997315280968 83.1
124332200 17763748728 83.4 41567997324087368 83.1
124333600 17763749028 83.4 41567997342109768 83.1
124335900 17856593324 83.8 41798618328977480 83.6
124336400 17856593424 83.8 41798618370142280 83.6
124352500 17856595324 83.8 41798624839765064 83.6
124354100 17856595624 83.8 41798626036133192 83.6
127329400 17856595924 83.8 41798626043225692 83.6
127330000 17856597324 83.8 41798626184871592 83.6
127333100 17856597424 83.8 41798626185076392 83.6
127333400 17943108224 84.2 42012602797940392 84.0
127334300 17943108524 84.2 42012602816372392 84.0
130363200 18024027228 84.6 42212173706272424 84.4
130363700 18024028328 84.6 42212173951628424 84.4
130364200 18024028628 84.6 42212173961254024 84.4
130365000 18024028828 84.6 42212173980505224 84.4
134107600 18024029228 84.6 42212173996889224 84.4
134107700 18111132124 85.0 42426703704233096 84.9
134107800 18111132224 85.0 42426703787177096 84.9
134108100 18111132824 85.0 42426703793935496 84.9
134108400 18111133024 85.0 42426703804994696 84.9
134108800 18111133424 85.0 42426703830940796 84.9
137514700 18111133824 85.0 42426703854083196 84.9
137515000 18111134224 85.0 42426703903439996 84.9
137515400 18111134924 85.0 42426704000850296 84.9
137515500 18111135924 85.0 42426704207161996 84.9
137515700 18191805324 85.4 42624477619694220 85.3
140320600 18266992924 85.7 42809299373795980 85.6
140320800 18266993124 85.7 42809299428413880 85.6
140321100 18266993824 85.7 42809299469988280 85.6
140321500 18266994124 85.7 42809299473265080 85.6
140348600 18266994624 85.7 42809299527537080 85.6
140349100 18266994824 85.7 42809299529726380 85.6
140349600 18266995324 85.7 42809299688986876 85.6
143699100 18266996924 85.7 42809299972698588 85.6
143699700 18266997424 85.7 42809300145344988 85.6
143699900 18266998024 85.7 42809300331098588 85.6
143703100 18266998424 85.7 42809300331707088 85.6
143703700 18266998724 85.7 42809300356078288 85.6
143729000 18266999124 85.7 42809300401134288 85.6
143729200 18346800420 86.1 43004411823135440 86.0
147327000 18346800920 86.1 43004411929836240 86.0
147327300 18420898720 86.5 43185403562965712 86.4
147329000 18420899120 86.5 43185403656495616 86.4
147329100 18420899620 86.5 43185403667759616 86.4
147329500 18420899820 86.5 43185403694588416 86.4
147329900 18420900020 86.5 43185403733500416 86.4
147330400 18420901020 86.5 43185403916591616 86.4
147330800 18420902320 86.5 43185404117986416 86.4
150298000 18420902720 86.5 43185404154980316 86.4
150298200 18420903020 86.5 43185404176484316 86.4
150298300 18420903320 86.5 43185404178868816 86.4
150298400 18498019924 86.8 43371899126297456 86.8
150299000 18498020124 86.8 43371899126643556 86.8
150302400 18498020724 86.8 43371899444083556 86.8
154277300 18498020924 86.8 43371899473574756 86.8
154277700 18498021324 86.8 43371899485377756 86.8
154277800 18498021424 86.8 43371899485582556 86.8
154278000 18498021724 86.8 43371899510299856 86.8
154278200 18498021824 86.8 43371899512347856 86.8
154278500 18498021924 86.8 43371899512478056 86.8
154278700 18498022424 86.8 43371899537605056 86.8
154280800 18569586520 87.2 43545549679116736 87.1
157080700 18569586720 87.2 43545549774348736 87.1
157081000 18569586920 87.2 43545549774695336 87.1
157081100 18569587420 87.2 43545549859960840 87.1
157081500 18569587720 87.2 43545549879558640 87.1
157081700 18569587820 87.2 43545549965574640 87.1
157081800 18569587920 87.2 43545549965703240 87.1
157082100 18642721024 87.5 43722726644463688 87.5
160601600 18710466124 87.8 43886920451551580 87.8
160602500 18710466324 87.8 43886920463429980 87.8
160606300 18710466724 87.8 43886920549985484 87.8
160606800 18710467024 87.8 43886920559280384 87.8
160607000 18710467524 87.8 43886920573758084 87.8
164123600 18710468224 87.8 43886920682443884 87.8
164124100 18710468624 87.8 43886920695755884 87.8
164124400 18710469324 87.8 43886920789824588 87.8
164125000 18778998924 88.1 44051939255030860 88.1
164125600 18778999524 88.1 44051939276536160 88.1
167730100 18778999824 88.1 44051939297835360 88.1
167731600 18779000324 88.1 44051939311839760 88.1
167733800 18779001024 88.1 44051939412806160 88.1
167734100 18779001524 88.1 44051939519302160 88.1
167734500 18842319424 88.4 44203901686581776 88.4
167737900 18842320024 88.4 44203901723240976 88.4
171687000 18842320424 88.4 44203901755053576 88.4
171687200 18842321124 88.4 44203901837792776 88.4
171688200 18842321524 88.4 44203901852872076 88.4
171716400 18906097124 88.7 44357326993386892 88.7
171717200 18906097824 88.7 44357327067932588 88.7
174253500 18906098024 88.7 44357327083702188 88.7
174253800 18964608924 89.0 44497113052252076 89.0
174254800 18964609324 89.0 44497113053004876 89.0
174254900 18964609724 89.0 44497113159630780 89.0
174255400 18964609824 89.0 44497113159759680 89.0
174255700 18964610124 89.0 44497113261275080 89.0
177902700 18964610324 89.0 44497113263527880 89.0
177902900 18964611324 89.0 44497113328518280 89.0
177903200 19023219924 89.3 44637059326542984 89.3
177903300 19023220324 89.3 44637059419868488 89.3
177903400 19023220424 89.3 44637059419997588 89.3
177905500 19023221124 89.3 44637059466131488 89.3
180424700 19077353024 89.5 44765788477585440 89.5
180425000 19077353424 89.5 44765788497451040 89.5
180425100 19077353724 89.5 44765788499908640 89.5
180425400 19077353924 89.5 44765788509061140 89.5
180425700 19077354224 89.5 44765788601835540 89.5
180430200 19077354524 89.5 44765788613304340 89.5
180435400 19077355424 89.5 44765788728275340 89.5
184377100 19077355924 89.5 44765788751354740 89.5
184378500 19077356424 89.5 44765788805907040 89.5
184382500 19131129824 89.8 44893968019604064 89.8
184383200 19131130024 89.8 44893968089645664 89.8
184408300 19131130524 89.8 44893968149037664 89.8
184408800 19131130724 89.8 44893968149384264 89.8
186274100 19131131624 89.8 44893968312609864 89.8
186286600 19131132024 89.8 44893968354250164 89.8
186286700 19131132324 89.8 44893968979504564 89.8
186287000 19131132624 89.8 44893969092758964 89.8
186287900 19131133324 89.8 44893969149283764 89.8
186305200 19184810324 90.0 45022238616014260 90.1
186306900 19184810524 90.0 45022238679430860 90.1
188830600 19184810724 90.0 45022238706259660 90.1
188831500 19184811124 90.0 45022238734038960 90.1
188831900 19184811624 90.0 45022238842711856 90.1
188832500 19184812024 90.0 45022238868650456 90.1
188835100 19237298424 90.3 45147022919088600 90.3
188836100 19237298924 90.3 45147022932400600 90.3
188837200 19237299224 90.3 45147022936701400 90.3
188837800 19237299424 90.3 45147022942231000 90.3
191805700 19237299824 90.3 45147022958488300 90.3
191806500 19237300224 90.3 45147022989822700 90.3
191806700 19237300524 90.3 45147023020477000 90.3
191806800 19285933424 90.5 45262433355123272 90.5
191808200 19285933924 90.5 45262433415668072 90.5
191809200 19285934124 90.5 45262433473216872 90.5
191809700 19285934524 90.5 45262433477658972 90.5
191810100 19285934924 90.5 45262433506882272 90.5
193741900 19285935224 90.5 45262433515483872 90.5
193742600 19285935624 90.5 45262433634267872 90.5
193752900 19285935924 90.5 45262433760629472 90.5
193755100 19285936024 90.5 45262433762677472 90.5
193755400 19285936524 90.5 45262433784386272 90.5
193784000 19285936624 90.5 45262433786434272 90.5
193785000 19333727224 90.7 45376617010336480 90.8
197750600 19380783224 91.0 45489191919981280 91.0
197750900 19380783324 91.0 45489191920110580 91.0
197751100 19380783624 91.0 45489191922568180 91.0
197751500 19380783824 91.0 45489191945840380 91.0
197751800 19380784224 91.0 45489191973693180 91.0
197752200 19380784724 91.0 45489191999358280 91.0
197752700 19380784924 91.0 45489191999696480 91.0
197754000 19380785424 91.0 45489192030416480 91.0
198707900 19426699724 91.2 45599272998514272 91.2
198711000 19426700124 91.2 45599273020151672 91.2
198716500 19426700424 91.2 45599273138116472 91.2
198718200 19426700724 91.2 45599273161734172 91.2
198718400 19426700924 91.2 45599273172383772 91.2
198719700 19426701124 91.2 45599273361004572 91.2
198722600 19426701424 91.2 45599273368582172 91.2
202238800 19426701524 91.2 45599273368789472 91.2
202242000 19426701924 91.2 45599273968853472 91.2
202242900 19471813724 91.4 45706567142466016 91.4
202243900 19471814024 91.4 45706567187522016 91.4
202245000 19471814524 91.4 45706567264453920 91.4
202246800 19471815124 91.4 45706567341536816 91.4
205353300 19515789024 91.6 45811509884581424 91.6
205364200 19515789424 91.6 45811509937419824 91.6
205392600 19515789524 91.6 45811509937549924 91.6
205392900 19515789624 91.6 45811509944308324 91.6
205393700 19515789724 91.6 45811509946356324 91.6
205394400 19515790224 91.6 45811509987111524 91.6
207725300 19515790724 91.6 45811509999468124 91.6
207726300 19515791024 91.6 45811510008069724 91.6
207726900 19558888224 91.8 45914140910796380 91.8
207727900 19558888624 91.8 45914140915176180 91.8
207728500 19558889124 91.8 45914141037032180 91.8
210060000 19558889224 91.8 45914141039080180 91.8
210060600 19558889724 91.8 45914141055464180 91.8
210061100 19558890324 91.8 45914141138334676 91.8
210061200 19558890924 91.8 45914141144956376 91.8
210061800 19601324724 92.0 46014890093859896 92.0
210062900 19601325024 92.0 46014890104919096 92.0
213920500 19601325724 92.0 46014890142200296 92.0
213921300 19642827524 92.2 46113681109283304 92.2
213923200 19642827724 92.2 46113681143280104 92.2
213923300 19642828224 92.2 46113681194889704 92.2
213929800 19642828824 92.2 46113681284851504 92.2
213930600 19642829624 92.2 46113681510478096 92.2
216367400 19642829724 92.2 46113681512526096 92.2
216367700 19642830224 92.2 46113681517024596 92.2
216368700 19642830824 92.2 46113681523653896 92.2
216368800 19642831324 92.2 46113682155591368 92.2
216369500 19642831824 92.2 46113682168225168 92.2
216370300 19642832224 92.2 46113682172665368 92.2
216384900 19683382724 92.4 46210813822754328 92.4
220739100 19683383124 92.4 46210813888841028 92.4
220739500 19724998924 92.6 46310456777786692 92.6
220740500 19724999024 92.6 46310456784545092 92.6
220741600 19724999224 92.6 46310456786732492 92.6
220743400 19724999624 92.6 46310456793900492 92.6
220744700 19725000224 92.6 46310456935354092 92.6
220745500 19725000824 92.6 46310456985120492 92.6
220746100 19725001224 92.6 46310457022527492 92.6
220746300 19725001424 92.6 46310457041369092 92.6
225904700 19725001924 92.6 46310457070450692 92.6
225904800 19725002724 92.6 46310457075653992 92.6
225904900 19725003024 92.6 46310457078038092 92.6
225905300 19765900624 92.8 46408834235088460 92.8
225905500 19765901124 92.8 46408834341931060 92.8
225905900 19765901824 92.8 46408834346902660 92.8
229510700 19765902324 92.8 46408834523774852 92.8
229512600 19806005224 93.0 46505158065700740 93.0
229522400 19806005924 93.0 46505158279921540 93.0
229522700 19806006424 93.0 46505158349963140 93.0
229523400 19806007924 93.0 46505158502878740 93.0
229523500 19806008324 93.0 46505158582680244 93.0
229525500 19806009024 93.0 46505158605005744 93.0
234714300 19806009324 93.0 46505158646517044 93.0
234714900 19806009824 93.0 46505158649107844 93.0
234715200 19806010724 93.0 46505158693864644 93.0
234715300 19846588624 93.2 46602971146601668 93.2
239515200 19846588824 93.2 46602971161284268 93.2
239515900 19846589224 93.2 46602971179306668 93.2
239516100 19886252624 93.3 46697970109697708 93.4
239516900 19886253524 93.3 46697970215616812 93.4
239517000 19886253924 93.3 46697970220122412 93.4
239519900 19886254124 93.3 46697970228928812 93.4
239530600 19886254624 93.3 46697970247565612 93.4
246666200 19886255024 93.3 46697970250155112 93.4
246666600 19886255324 93.3 46697970252549412 93.4
246667800 19886255624 93.3 46697970256786912 93.4
246668600 19886256124 93.3 46697970265595012 93.4
246670300 19886256224 93.3 46697972180679812 93.4
246674300 19886256924 93.3 46697972234337412 93.4
246674500 19886257624 93.3 46697972248200812 93.4
246677300 19926464724 93.5 46794593610876524 93.6
246678700 19926465024 93.5 46794593617559424 93.6
252988900 19926465524 93.5 46794593632509824 93.6
252989500 19966851324 93.7 46892137901449088 93.8
252993500 19966851724 93.7 46892137994018688 93.8
252998800 19966852224 93.7 46892138017161088 93.8
253000700 19966852724 93.7 46892138043097088 93.8
253000800 19966852924 93.7 46892138043438488 93.8
253001200 19966853424 93.7 46892138146862488 93.8
253002800 19966853824 93.7 46892138188436888 93.8
257984700 19966854324 93.7 46892138312136088 93.8
257985000 19966854624 93.7 46892138377876888 93.8
257987900 19966855224 93.7 46892138391857988 93.8
257989500 19966855524 93.7 46892138398001988 93.8
257990300 20005922424 93.9 46986486951226180 94.0
257990700 20005922624 93.9 46986486953415880 94.0
257990800 20005923324 93.9 46986486980654280 94.0
267633800 20005924024 93.9 46986486991712180 94.0
267634100 20005924224 93.9 46986487007686580 94.0
267634800 20005925024 93.9 46986487027625380 94.0
267635500 20045092824 94.1 47080822964383140 94.2
267636700 20045093224 94.1 47080822968888740 94.2
267641100 20045093624 94.1 47080822978170740 94.2
267645500 20045094624 94.1 47080823146516340 94.2
273267100 20045095124 94.1 47080823149311940 94.2
273267200 20045095624 94.1 47080823171561540 94.2
273268000 20045096324 94.1 47080823193677640 94.2
273268700 20045096724 94.1 47080823207671840 94.2
273269200 20045097724 94.1 47080823279429936 94.2
273269500 20045098324 94.1 47080823296089936 94.2
273269700 20045098424 94.1 47080823306125136 94.2
273274000 20084165624 94.3 47175356903653200 94.4
281575700 20123038424 94.5 47269387654463312 94.6
281578400 20123039324 94.5 47269387847794512 94.6
281578500 20123039424 94.5 47269387849842512 94.6
281579100 20123040024 94.5 47269387877825212 94.6
281580700 20123040424 94.5 47269387893594812 94.6
281581300 20123040824 94.5 47269387899880312 94.6
281584200 20123041624 94.5 47269388539061112 94.6
281585600 20123042524 94.5 47269388572104912 94.6
290166400 20123043024 94.5 47269388624738512 94.6
290168000 20123043324 94.5 47269388627055912 94.6
290168100 20123043824 94.5 47269388633483112 94.6
290171600 20123044124 94.5 47269388726052712 94.6
290194800 20123044724 94.5 47269388751852012 94.6
290195300 20123045124 94.5 47269388752380912 94.6
290195900 20161755424 94.6 47363821762110448 94.7
290196800 20161756424 94.6 47363821938163440 94.7
296892600 20200755424 94.8 47459080076541680 94.9
296899900 20200755824 94.8 47459080079408880 94.9
296901200 20200756324 94.8 47459080083979980 94.9
296902000 20200758024 94.8 47459080311722380 94.9
296904100 20200758424 94.8 47459080336503180 94.9
296905000 20200758724 94.8 47459080364765580 94.9
296905800 20200759224 94.8 47459080372327080 94.9
306280000 20200759624 94.8 47459080392602280 94.9
306280200 20200759824 94.8 47459080394791880 94.9
306280600 20239523624 95.0 47554097939504072 95.1
306281700 20239524524 95.0 47554097976566772 95.1
306289400 20239525224 95.0 47554098023464972 95.1
306289500 20239525424 95.0 47554098027560972 95.1
306290400 20239525824 95.0 47554098031927172 95.1
310869800 20239526624 95.0 47554098050832472 95.1
310872100 20282774324 95.2 47663962668341336 95.3
310898100 20282775124 95.2 47663962721029036 95.3
310899000 20282777824 95.2 47663963447240844 95.3
310899900 20282778324 95.2 47663963447978544 95.3
314417600 20282778924 95.2 47663963476306544 95.3
314421100 20282779724 95.2 47663963492949244 95.3
314424200 20282780224 95.2 47663963619310844 95.3
314425700 20282781524 95.2 47663963946516028 95.3
314427000 20322358024 95.4 47760961445985852 95.5
314432200 20322358224 95.4 47760961448173152 95.5
314432300 20322358624 95.4 47760961518970848 95.5
314436900 20322359224 95.4 47760961568876648 95.5
321974900 20322360224 95.4 47760961641299048 95.5
321991300 20331821824 95.4 47785024879246440 95.6
321999000 20331823424 95.4 47785025152040040 95.6
322000700 20331824024 95.4 47785025189313640 95.6
322001500 20331824924 95.4 47785025392326040 95.6
322028800 20331825724 95.4 47785025514315240 95.6
325003900 20370835924 95.6 47881417238846952 95.8
325008400 20370836624 95.6 47881417356402152 95.8
325010900 20370837424 95.6 47881417371333252 95.8
325014000 20370837724 95.6 47881417384160652 95.8
325014600 20370838624 95.6 47881417483966348 95.8
325027600 20370838824 95.6 47881417492977548 95.8
325048300 20370839924 95.6 47881417811853836 95.8
325048600 20370840424 95.6 47881417812877836 95.8
327283900 20370840924 95.6 47881417833080036 95.8
327314400 20370841824 95.6 47881418142123236 95.8
327319500 20370842124 95.6 47881418154077836 95.8
327320000 20370842424 95.6 47881418393284236 95.8
327321800 20370842924 95.6 47881418464145036 95.8
327327600 20370844024 95.6 47881418518561736 95.8
327332100 20370845624 95.6 47881419483984520 95.8
327335000 20397451124 95.7 47947140310184584 95.9
334163900 20397451624 95.7 47947140367181484 95.9
334170000 20397452324 95.7 47947140393333084 95.9
334173200 20432388424 95.9 48032024826736988 96.1
334173700 20432390124 95.9 48032025005041996 96.1
334174100 20432390324 95.9 48032025007294796 96.1
334174600 20432390524 95.9 48032025026750796 96.1
334176200 20432391324 95.9 48032025115903596 96.1
334176700 20432392024 95.9 48032026409554924 96.1
334177000 20432392624 95.9 48032026517484524 96.1
334178700 20432393224 95.9 48032026609573724 96.1
334201000 20432393424 95.9 48032026706853724 96.1
334203000 20472237824 96.1 48131232087949148 96.3
340869900 20512201024 96.3 48231597135380316 96.5
340880600 20512201624 96.3 48231597173738816 96.5
345007400 20512202524 96.3 48231597188885316 96.5
345007700 20512203124 96.3 48231597213186216 96.5
345012800 20512203724 96.3 48231597460101112 96.5
345021400 20552440524 96.5 48331396930803704 96.7
345024100 20552440924 96.5 48331397026101208 96.7
345025500 20552441424 96.5 48331397038864408 96.7
345028900 20552441924 96.5 48331397066588908 96.7
346293600 20552442524 96.5 48331397081248208 96.7
346297200 20552443324 96.5 48331397090533008 96.7
346298100 20552443624 96.5 48331397092853308 96.7
346300200 20552443724 96.5 48331397093877308 96.7
346301000 20582269424 96.6 48401837401269820 96.8
346302800 20582270524 96.6 48401837523459916 96.8
346303300 20582270824 96.6 48401837535684716 96.8
346305600 20582271224 96.6 48401837545105516 96.8
354315400 20582271824 96.6 48401837550020716 96.8
354317500 20607594024 96.7 48460963391023212 96.9
354317900 20607594424 96.7 48460963391707712 96.9
354319900 20607594724 96.7 48460963396008512 96.9
354320800 20607595324 96.7 48460963407890012 96.9
354322000 20607595424 96.7 48460963408019912 96.9
355932100 20647256524 96.9 48559635114262984 97.1
355932600 20647257424 96.9 48559635140471084 97.1
355935600 20647258024 96.9 48559635163518184 97.1
355936300 20647258524 96.9 48559635187201984 97.1
355937000 20647259424 96.9 48559635237174184 97.1
355937100 20647260324 96.9 48559635278953384 97.1
355938500 20647260724 96.9 48559635281402284 97.1
362798000 20668511424 97.0 48608640006805932 97.2
362898400 20668512324 97.0 48608640034454232 97.2
362899900 20668512724 97.0 48608640046127832 97.2
362903200 20668513924 97.0 48608641311456296 97.2
362903800 20668514524 97.0 48608641361966696 97.2
381982400 20668515224 97.0 48608641466146792 97.2
381983800 20668516024 97.0 48608641499484992 97.2
381985200 20668516324 97.0 48608641530540392 97.2
381986200 20668516524 97.0 48608641543647592 97.2
381988100 20668517324 97.0 48608641720941000 97.2
381988900 20668517824 97.0 48608641721828200 97.2
381990000 20668518224 97.0 48608641746404200 97.2
381991000 20668518624 97.0 48608641762520500 97.2
381991900 20683067524 97.1 48641910998625716 97.3
386907400 20683068124 97.1 48641911015968216 97.3
386907800 20683068624 97.1 48641911020817916 97.3
386912200 20683068924 97.1 48641911057067516 97.3
386914200 20683070124 97.1 48641911135552316 97.3
386914700 20683070524 97.1 48641911138065216 97.3
386915800 20683070924 97.1 48641911151506116 97.3
386917100 20700122224 97.2 48680224767980228 97.4
403569900 20700122524 97.2 48680224772281028 97.4
403571900 20700123324 97.2 48680224914553828 97.4
403572900 20700123724 97.2 48680224929433828 97.4
403574800 20715761724 97.2 48715157087537380 97.4
403575700 20715762624 97.2 48715157137435780 97.4
403577500 20715763124 97.2 48715157175669880 97.4
403605400 20715763824 97.2 48715157346323480 97.4
403614600 20715764824 97.2 48715157414048984 97.4
406110000 20715765524 97.2 48715157676192984 97.4
406165200 20733447624 97.3 48755913044489432 97.5
406169100 20733448324 97.3 48755913049470432 97.5
406170800 20733449024 97.3 48755913231327232 97.5
406192000 20733449324 97.3 48755913243898832 97.5
406193700 20733449824 97.3 48755913266761232 97.5
406194100 20733450624 97.3 48755913350941832 97.5
406199400 20733450824 97.3 48755913362410632 97.5
407888900 20733451824 97.3 48755913639441928 97.5
407895200 20733452424 97.3 48755913694113628 97.5
407941200 20733452824 97.3 48755913959329628 97.5
407944500 20733453124 97.3 48755913980833628 97.5
408020600 20748611424 97.4 48789899996229468 97.6
408020800 20748611824 97.4 48789900027489168 97.6
408027200 20748612424 97.4 48789900319738768 97.6
415482100 20748615424 97.4 48789901960795664 97.6
415484700 20748616124 97.4 48789902022234264 97.6
415484900 20748616424 97.4 48789902098215064 97.6
415486300 20748618424 97.4 48789902707904664 97.6
415488300 20748618724 97.4 48789902743670964 97.6
415493200 20748620024 97.4 48789905351254708 97.6
415548300 20770243424 97.5 48841449627067060 97.7
415553100 20770243924 97.5 48841449641339760 97.7
415558000 20770244624 97.5 48841449656628860 97.7
416372900 20770245124 97.5 48841449780944956 97.7
416373300 20770245724 97.5 48841449783794156 97.7
416377300 20770245824 97.5 48841449783935756 97.7
416378900 20770246624 97.5 48841449919244748 97.7
416385300 20785914424 97.6 48876540829657548 97.8
416401400 20785916224 97.6 48876540994103244 97.8
416439700 20785917624 97.6 48876541189688344 97.8
429762700 20785918424 97.6 48876541356535144 97.8
429763600 20785919824 97.6 48876541531362944 97.8
429772800 20811670424 97.7 48939478216316544 97.9
429773100 20811670824 97.7 48939478238639744 97.9
429782000 20811671224 97.7 48939478284924544 97.9
429834300 20811672424 97.7 48939478684300352 97.9
429843000 20811673124 97.7 48939478708941352 97.9
445394700 20811674324 97.7 48939479296773224 97.9
445405800 20811674924 97.7 48939479329842424 97.9
445406600 20811675324 97.7 48939479433538024 97.9
445406900 20811676224 97.7 48939479459678224 97.9
445407300 20811677524 97.7 48939479515989124 97.9
445408100 20811678224 97.7 48939479635932228 97.9
445408700 20839395224 97.8 49007624518186052 98.0
445410400 20839396724 97.8 49007624738351460 98.0
462032600 20839397424 97.8 49007624756784760 98.0
462039900 20839398224 97.8 49007624772069460 98.0
462042700 20839398624 97.8 49007624825858060 98.0
462045500 20864327424 97.9 49067824802949132 98.1
462051600 20864328224 97.9 49067824816449632 98.1
462051800 20864328724 97.9 49067824889691232 98.1
462051900 20864329624 97.9 49067824940072032 98.1
462057800 20864330124 97.9 49067824940807632 98.1
462061300 20864330424 97.9 49067824960880532 98.1
475680400 20864331424 97.9 49067824971601632 98.1
475682600 20864331824 97.9 49067824988600032 98.1
475684200 20864332324 97.9 49067824993245032 98.1
475687000 20883102824 98.0 49111817152075624 98.2
475692300 20883103124 98.0 49111817154388124 98.2
475712600 20883103424 98.0 49111817158625224 98.2
475719100 20883103724 98.0 49111817165512424 98.2
475719900 20883104124 98.0 49111817180041424 98.2
475720100 20883104724 98.0 49111817201880924 98.2
483259200 20894459524 98.1 49136790897397596 98.3
483349200 20894460024 98.1 49136790901957896 98.3
483350000 20894460324 98.1 49136790904272396 98.3
483351100 20894461424 98.1 49136790933297396 98.3
483353900 20894462224 98.1 49136791019175300 98.3
483354800 20894463424 98.1 49136791041635500 98.3
483393400 20894464424 98.1 49136791154480300 98.3
483750600 20894465024 98.1 49136791161966400 98.3
483843600 20894465524 98.1 49136791265046992 98.3
483847900 20894465924 98.1 49136791280958292 98.3
483848100 20908490524 98.1 49168493101464404 98.4
483878900 20908491024 98.1 49168493104120604 98.4
483882600 20908491724 98.1 49168493114772704 98.4
483882900 20908492024 98.1 49168493197921504 98.4
483886100 20908492724 98.1 49168493231228704 98.4
483892500 20908493624 98.1 49168493253747604 98.4
492816700 20908493724 98.1 49168493253878204 98.4
492818900 20908493924 98.1 49168493256131004 98.4
492821200 20908494324 98.1 49168493352518300 98.4
492832300 20908494624 98.1 49168493356753600 98.4
492897900 20908495024 98.1 49168493369993200 98.4
492901000 20908495424 98.1 49168493472532496 98.4
492905900 20908496124 98.1 49168493492066096 98.4
492926600 20919120024 98.2 49191913845970736 98.4
492941500 20919120824 98.2 49191913887879036 98.4
498354700 20919121224 98.2 49191913895112136 98.4
498357400 20919121824 98.2 49191913908143536 98.4
498399000 20919122524 98.2 49191914017916336 98.4
498399600 20919123124 98.2 49191914216230240 98.4
498410800 20930654024 98.2 49217384691404128 98.4
498446900 20930654724 98.2 49217384905151936 98.4
498447500 20930655524 98.2 49217384971165136 98.4
498448100 20930656024 98.2 49217384985696536 98.4
498450500 20930656624 98.2 49217385004205136 98.4
506551200 20930657024 98.2 49217385018323236 98.4
506552400 20930658124 98.2 49217385201146132 98.4
506553100 20944745724 98.3 49249391868535568 98.5
506555600 20944746024 98.3 49249391892627268 98.5
506602500 20944746624 98.3 49249391903073668 98.5
506604000 20944747624 98.3 49249391943219068 98.5
506607100 20944748124 98.3 49249391951550368 98.5
506609200 20944748924 98.3 49249392079421168 98.5
518829800 20962707624 98.4 49291607677878000 98.6
518878900 20962708724 98.4 49291608041265200 98.6
518891200 20962709224 98.4 49291608067823100 98.6
518895700 20962709924 98.4 49291608093212500 98.6
518897100 20962710524 98.4 49291608139906900 98.6
518947800 20962711624 98.4 49291610667530580 98.6
518948200 20962712524 98.4 49291610688270280 98.6
518951700 20962713424 98.4 49291610791004376 98.6
535891800 20962714424 98.4 49291610856957276 98.6
535926800 20962715524 98.4 49291610895161976 98.6
535926900 20980937424 98.5 49335003515984504 98.7
535928800 20980938324 98.5 49335003534881904 98.7
535980400 20980939624 98.5 49335003968711920 98.7
535980600 20980939824 98.5 49335003968985020 98.7
535990100 20980940124 98.5 49335003982110220 98.7
535996400 20980940724 98.5 49335004002525020 98.7
544573600 20980941324 98.5 49335004035627220 98.7
544576100 20980941824 98.5 49335004125124820 98.7
544576400 20980943024 98.5 49335004270851220 98.7
544580000 20980943924 98.5 49335004378708916 98.7
544614400 20993868624 98.5 49363877122292660 98.7
544618200 20993869124 98.5 49363877124892460 98.7
544620100 20993869924 98.5 49363877234665260 98.7
544642900 20993870424 98.5 49363877324899660 98.7
550731600 20993872124 98.5 49363877444899460 98.7
550759100 20993872924 98.5 49363877460515960 98.7
550770300 20993873724 98.5 49363877494988760 98.7
550771300 20993874424 98.5 49363877520516660 98.7
550774300 20993875124 98.5 49363877537494560 98.7
550779000 20993875524 98.5 49363877550246560 98.7
550786200 21002625624 98.6 49382501021272736 98.8
554027600 21002626324 98.6 49382501024174236 98.8
554028200 21002626924 98.6 49382501126779036 98.8
554030600 21002627424 98.6 49382501151626036 98.8
554035400 21010511824 98.6 49399215756104500 98.8
554037200 21010512824 98.6 49399215777394400 98.8
554042400 21010513524 98.6 49399215801012400 98.8
554099700 21010514824 98.6 49399215888926400 98.8
561721100 21010515124 98.6 49399215893152900 98.8
561722300 21010516324 98.6 49399216027752100 98.8
561724700 21010516624 98.6 49399216040935900 98.8
561753600 21010517724 98.6 49399216243266796 98.8
561763900 21010518324 98.6 49399216279721196 98.8
561765300 21010519524 98.6 49399216327439596 98.8
561811800 21010520124 98.6 49399216339522796 98.8
561823800 21020060324 98.7 49419992830678252 98.9
573336400 21032832224 98.7 49449232024311020 98.9
573445100 21032832824 98.7 49449232138589420 98.9
573448000 21032834324 98.7 49449233331245676 98.9
573464100 21032834624 98.7 49449233335546476 98.9
573471600 21032835524 98.7 49449233358067276 98.9
573473300 21032836324 98.7 49449233465113876 98.9
573476900 21032837224 98.7 49449233589968076 98.9
573478900 21032838624 98.7 49449234360963980 98.9
587132500 21032839024 98.7 49449234393873580 98.9
587132600 21032839724 98.7 49449234417360480 98.9
587192700 21032840424 98.7 49449234562703072 98.9
587192800 21032840924 98.7 49449234590480872 98.9
587194100 21032841424 98.7 49449234672598672 98.9
587194800 21045394424 98.8 49478019094625936 99.0
587194900 21045395024 98.8 49478019193888336 99.0
587204600 21045395324 98.8 49478019208838736 99.0
587219800 21045395524 98.8 49478019218054736 99.0
593168800 21045396224 98.8 49478019376289632 99.0
593173300 21051286624 98.8 49490173374568288 99.0
593175000 21051287324 98.8 49490173421672288 99.0
593179900 21051287924 98.8 49490173425344388 99.0
593284600 21051288624 98.8 49490173545068084 99.0
593291500 21051289224 98.8 49490173610739084 99.0
593296700 21051289924 98.8 49490173626790984 99.0
597563000 21051290524 98.8 49490173771584584 99.0
597572300 21051291324 98.8 49490173900488280 99.0
597577100 21051292124 98.8 49490173963142380 99.0
597604000 21051292824 98.8 49490174141525580 99.0
597617700 21051293624 98.8 49490174179971880 99.0
597625000 21051295124 98.8 49490174636400072 99.0
597665900 21059048224 98.8 49506938405461448 99.0
597691700 21059049424 98.8 49506938555644648 99.0
607833800 21059049724 98.8 49506938559870748 99.0
607834900 21059050324 98.8 49506938616805148 99.0
607836400 21059051324 98.8 49506938632851148 99.0
607843200 21059051924 98.8 49506938659884748 99.0
607847700 21059052124 98.8 49506938660143448 99.0
607888700 21066495324 98.9 49523083350983000 99.1
607888900 21066495824 98.9 49523083357461600 99.1
607894300 21066496424 98.9 49523083421359200 99.1
621973300 21066496824 98.9 49523083445593100 99.1
621975200 21066497224 98.9 49523083566965004 99.1
621975300 21066497824 98.9 49523083588731304 99.1
621975500 21066498424 98.9 49523083680258904 99.1
621985900 21066498824 98.9 49523083691589004 99.1
621986000 21066499124 98.9 49523083695826004 99.1
621989400 21076638524 98.9 49546380202419284 99.1
630683100 21076639024 98.9 49546380221195184 99.1
630729300 21083734324 99.0 49561799487234992 99.1
630734800 21083734724 99.0 49561799492486892 99.1
630741000 21083735024 99.0 49561799505184492 99.1
630743800 21083735724 99.0 49561799703568588 99.1
630745500 21083735824 99.0 49561799703701588 99.1
630748200 21083736024 99.0 49561799803439188 99.1
637960600 21088055524 99.0 49570446385252436 99.2
637962700 21088056024 99.0 49570446403479636 99.2
637976200 21088056424 99.0 49570446419658836 99.2
638037300 21088056924 99.0 49570446422388036 99.2
638039600 21088057724 99.0 49570446541518132 99.2
638041100 21088057924 99.0 49570446543705532 99.2
638048700 21088059624 99.0 49570446936300348 99.2
638058800 21088060224 99.0 49570446950358448 99.2
643622400 21088060524 99.0 49570446953840048 99.2
643622700 21088060924 99.0 49570446973225348 99.2
643627600 21088061324 99.0 49570446996755848 99.2
643628800 21088062124 99.0 49570447099069248 99.2
643631100 21088062724 99.0 49570447155389248 99.2
643638600 21088063224 99.0 49570447179965248 99.2
643640400 21088063824 99.0 49570447296564448 99.2
643693800 21093791824 99.0 49582843997195488 99.2
657549400 21093792224 99.0 49582844032150688 99.2
657551700 21093792424 99.0 49582844034326688 99.2
657553700 21101464824 99.0 49600058006347936 99.2
657557000 21101465124 99.0 49600058019045536 99.2
657583400 21101465324 99.0 49600058021298336 99.2
657583800 21101465924 99.0 49600058085495836 99.2
657589100 21101466024 99.0 49600058087543836 99.2
657590000 21101466724 99.0 49600058142279836 99.2
663834800 21101467424 99.0 49600058183627036 99.2
663835000 21101467924 99.0 49600058186280736 99.2
663835800 21101468424 99.0 49600058206285536 99.2
663836300 21105906424 99.1 49609393797951200 99.2
663838800 21105906624 99.1 49609393801637600 99.2
663844300 21105907424 99.1 49609394018316000 99.2
663848100 21105907824 99.1 49609394046503500 99.2
670487000 21105908424 99.1 49609394074831900 99.2
670496300 21110066124 99.1 49617990305598492 99.2
670515500 21110066624 99.1 49617990317890092 99.2
670517100 21110067424 99.1 49617990341171292 99.2
670520900 21110068124 99.1 49617990347917692 99.2
670521700 21110068624 99.1 49617990464988492 99.2
670526000 21110069624 99.1 49617990514408492 99.2
670526400 21110069924 99.1 49617990514873392 99.2
682372400 21110070524 99.1 49617990551459092 99.2
682376400 21116523524 99.1 49632253970076948 99.3
682381700 21116523924 99.1 49632254068444852 99.3
682402700 21116524524 99.1 49632254180450652 99.3
682410700 21116525124 99.1 49632254263599452 99.3
682411800 21116525924 99.1 49632254418701660 99.3
693309200 21116526624 99.1 49632254456032560 99.3
693310200 21116527024 99.1 49632254458415860 99.3
693310500 21116527424 99.1 49632254484481960 99.3
693314100 21116527924 99.1 49632254528387260 99.3
693315200 21120381324 99.1 49639851719456956 99.3
693323100 21120381824 99.1 49639851815917852 99.3
693323400 21120382324 99.1 49639851870256552 99.3
700631700 21120382924 99.1 49639851945546952 99.3
700659400 21120383424 99.1 49639852044110048 99.3
700669700 21124008524 99.2 49646997220804832 99.3
700685200 21124008724 99.2 49646997221073432 99.3
700685300 21124009024 99.2 49646997307015632 99.3
700690300 21124009324 99.2 49646997320327632 99.3
700690500 21124010824 99.2 49646997970709200 99.3
717276400 21124011524 99.2 49646998010578300 99.3
717282700 21129203424 99.2 49658133318321532 99.3
717307500 21129204024 99.2 49658135241017852 99.3
717307900 21129204624 99.2 49658135263826352 99.3
717315500 21129205424 99.2 49658135421926064 99.3
717316100 21129205524 99.2 49658135422067864 99.3
722880900 21129206424 99.2 49658135449567264 99.3
722888400 21131766824 99.2 49663103872139296 99.3
722890900 21131767524 99.2 49663103886605396 99.3
722894000 21131768824 99.2 49663104478004372 99.3
722895300 21131769224 99.2 49663104507290772 99.3
722896500 21131769424 99.2 49663104517325972 99.3
722897600 21131770024 99.2 49663104624626372 99.3
736617800 21135693924 99.2 49671379602115268 99.4
736642600 21135694124 99.2 49671379620752068 99.4
736644800 21135694424 99.2 49671379623134768 99.4
736645700 21135695124 99.2 49671379629951768 99.4
736649000 21135696624 99.2 49671379960842072 99.4
745140500 21138043924 99.2 49675959915366232 99.4
745153400 21138044124 99.2 49675959928473432 99.4
745155100 21138044324 99.2 49675959949977432 99.4
745155600 21138044524 99.2 49675959950387032 99.4
745160600 21138045224 99.2 49675959982748132 99.4
745161800 21138045824 99.2 49675960049512932 99.4
756038500 21138046224 99.2 49675960062955132 99.4
756042400 21140703124 99.2 49681441515490940 99.4
756073700 21140703224 99.2 49681441582050940 99.4
766130700 21140703424 99.2 49681441595567740 99.4
766133700 21140704724 99.2 49681441632760340 99.4
766134800 21142651124 99.2 49685438651642388 99.4
778231200 21144558124 99.2 49689376218100244 99.4
787246800 21145854624 99.3 49691981250507284 99.4
800522200 21147243624 99.3 49694912998486548 99.4
800525000 21147245724 99.3 49694913203223540 99.4
800528900 21147246224 99.3 49694913232714740 99.4
810798600 21147984824 99.3 49696403705904116 99.4
822741100 21148625624 99.3 49697792449919988 99.4
822746600 21148626824 99.3 49697792545287892 99.4
839451500 21148855524 99.3 49698292582280916 99.4