# 10850075648 25205069263667200 948540 350084700 726052748795800 0 0
0 1902874496 17.5 1496326340608000 5.9
2294000 3071562496 28.3 3913632987480064 15.5
4213400 3644648896 33.6 5372909329580032 21.3
6008400 4036013120 37.2 6462426300022784 25.6
7698500 4334084320 39.9 7332872289517568 29.1
9295100 4576725632 42.2 8060849113530368 32.0
10810200 4782304448 44.1 8686262521167872 34.5
12246300 4960674848 45.7 9231514894073856 36.6
13619000 5118253840 47.2 9715060733640704 38.5
14947200 5259024736 48.5 10147448043339776 40.3
16219200 5386803536 49.6 10541487100002304 41.8
17466100 5503779240 50.7 10900988378480640 43.2
18672200 5611796744 51.7 11231889973051392 44.6
19838600 5712181744 52.6 11536659409534976 45.8
20950800 5805800544 53.5 11820196675190784 46.9
22092900 5893030944 54.3 12084846872494080 47.9
23228500 5973723848 55.1 12331366570000384 48.9
24305900 6049077656 55.8 12561484290719744 49.8
25357100 6120328056 56.4 12778518299541504 50.7
26417200 6187548856 57.0 12982716244951040 51.5
27408100 6251195156 57.6 13175390071685120 52.3
27410400 6251406456 57.6 13175434694086656 52.3
29360300 6369359352 58.7 13531905772474368 53.7
29363000 6369772452 58.7 13531992570236928 53.7
31289200 6477365348 59.7 13855246069567488 55.0
31292000 6477747348 59.7 13855323103580160 55.0
33097500 6576442244 60.6 14150829671337984 56.1
33099500 6576812044 60.6 14150906374541312 56.1
34878500 6669011548 61.5 14423925466615808 57.2
36507100 6755545148 62.3 14678771142774784 58.2
38254100 6755559748 62.3 14678772392413696 58.2
38254200 6835530052 63.0 14913658332137984 59.2
39843800 6910105348 63.7 15131514692979200 60.0
41454200 6979993748 64.3 15335601002793472 60.8
43113100 7046112148 64.9 15527223468509696 61.6
43113200 7046125248 64.9 15527224129160512 61.6
44549300 7108564148 65.5 15707583233728704 62.3
44552600 7108806148 65.5 15707640014930112 62.3
46724400 7108830748 65.5 15707641610101184 62.3
46724500 7196402252 66.3 15960366126064064 63.3
46728000 7196722652 66.3 15960445558473152 63.3
48879800 7278555756 67.1 16193067496784320 64.2
48883300 7278894156 67.1 16193142984221120 64.2
50989100 7354136556 67.8 16406041728065984 65.1
50993000 7354328056 67.8 16406089110557120 65.1
52884700 7424659352 68.4 16605141869695424 65.9
52887900 7424679052 68.4 16605143037675072 65.9
52888000 7424959452 68.4 16605209286960704 65.9
54850000 7425217052 68.4 16605271378916928 65.9
54850100 7425233752 68.4 16605272254133440 65.9
54850900 7490937052 69.0 16791488278770880 66.6
56656600 7553136452 69.6 16966212497650880 67.3
56662400 7553394852 69.6 16966277279986880 67.3
56662500 7553410752 69.6 16966278381512128 67.3
58347600 7612347652 70.2 17130644464674240 68.0
58347800 7612612852 70.2 17130708272702912 68.0
58355400 7612688952 70.2 17130729519148480 68.0
60923500 7612696352 70.2 17130729900460480 68.0
60923700 7686071152 70.8 17335517246245312 68.8
60926500 7686370252 70.8 17335587105204672 68.8
60926600 7686376852 70.8 17335587609326976 68.8
63157800 7754606452 71.5 17525709839611264 69.5
63157900 7754622452 71.5 17525710880431168 69.5
63161800 7754909452 71.5 17525780685864000 69.5
65411900 7754937852 71.5 17525782414087360 69.5
65412000 7818800252 72.1 17702147612464320 70.2
65414900 7819086352 72.1 17702217032619200 70.2
67494000 7819107452 72.1 17702218482895168 70.2
67494100 7879516152 72.6 17867804513365280 70.9
69771400 7936368652 73.1 18022917673152576 71.5
69771500 7936380252 73.1 18022918311222976 71.5
69771600 7936387252 73.1 18022918673474784 71.5
72205900 8002588152 73.8 18203544479409376 72.2
72207000 8002755352 73.8 18203588286334176 72.2
72212700 8002815552 73.8 18203605006917856 72.2
72212800 8002820452 73.8 18203605204366752 72.2
72212900 8002825852 73.8 18203605558891040 72.2
74585700 8064790952 74.3 18371660985405984 72.9
74594500 8064913052 74.3 18371689170303520 72.9
74594600 8064924252 74.3 18371689922155296 72.9
74594700 8064929652 74.3 18371690325906080 72.9
77099800 8122611752 74.9 18527575039840928 73.5
77108000 8122883052 74.9 18527648999338656 73.5
77108100 8122893352 74.9 18527649580765856 73.5
79233800 8177069752 75.4 18673870484066976 74.1
79242900 8177328452 75.4 18673937821471392 74.1
79243200 8177341352 75.4 18673938704353824 74.1
79243400 8177350752 75.4 18673939435556256 74.1
81773800 8177635152 75.4 18674016926346656 74.1
81774500 8177682652 75.4 18674029719178656 74.1
81775000 8238632952 75.9 18836898385481120 74.7
81784000 8238693252 75.9 18836911250997664 74.7
81784500 8238788652 75.9 18836934955573664 74.7
84503200 8238799152 75.9 18836935596321888 74.7
84503300 8295188552 76.5 18986621766478944 75.3
84503500 8295212152 76.5 18986623157948384 75.3
84510500 8295216752 76.5 18986623395964480 75.3
84510800 8295440052 76.5 18986679948285504 75.3
86916300 8348607152 76.9 19127554053510720 75.9
86916500 8348619052 76.9 19127554608254528 75.9
86922500 8348876252 76.9 19127624674774592 75.9
89346700 8398835152 77.4 19258971259080256 76.4
89348900 8398844352 77.4 19258971731900448 76.4
89349100 8398882352 77.4 19258981043951648 76.4
89356700 8398963852 77.4 19259001594540064 76.4
89356900 8398966552 77.4 19259001770994368 76.4
89362800 8399127652 77.4 19259043447216832 76.4
91801800 8453016552 77.9 19401503452338880 77.0
91802000 8453031652 77.9 19401504216014208 77.0
91808700 8453301452 77.9 19401577889217920 77.0
94537000 8453337752 77.9 19401587768974720 77.0
94537400 8453446752 77.9 19401620771061120 77.0
94545100 8453492952 77.9 19401630216867200 77.0
94545300 8453501252 77.9 19401630712992512 77.0
94546700 8504374252 78.4 19534951128371968 77.5
94554200 8504408052 78.4 19534960150221568 77.5
96878700 8504411852 78.4 19534960419520576 77.5
96879000 8551680152 78.8 19658606655946816 78.0
96891100 8551687552 78.8 19658607153445024 78.0
96891300 8551848752 78.8 19658651918424224 78.0
96891500 8551851552 78.8 19658652070698320 78.0
96896000 8551884252 78.8 19658661830442320 78.0
96896500 8551893152 78.8 19658662194175824 78.0
96906700 8551999352 78.8 19658688838125392 78.0
99711600 8552064852 78.8 19658706230290256 78.0
99718500 8552099652 78.8 19658714525506896 78.0
99721300 8552132752 78.8 19658722067676496 78.0
99722300 8552136752 78.8 19658722294117104 78.0
99722700 8602677152 79.3 19789742813229808 78.5
99732800 8602708752 79.3 19789752738247408 78.5
102220000 8602953652 79.3 19789810433585904 78.5
102223400 8649944652 79.7 19911682546529008 79.0
102223600 8649967652 79.7 19911683952239344 79.0
102234200 8649996052 79.7 19911690703471344 79.0
102234500 8650005552 79.7 19911691378749040 79.0
104944200 8650015952 79.7 19911691933165616 79.0
104944400 8699349252 80.2 20039007095072816 79.5
104944800 8699351152 80.2 20039007236794416 79.5
104951100 8699358952 80.2 20039007704029808 79.5
104951400 8699619652 80.2 20039081947757168 79.5
107295300 8745272052 80.6 20155876169842192 80.0
107295500 8745275052 80.6 20155876347813392 80.0
107309500 8745277352 80.6 20155876450513888 80.0
107309700 8745433552 80.6 20155918777484256 80.0
107309800 8745436252 80.6 20155919132305568 80.0
107310100 8745438852 80.6 20155919306795168 80.0
109986100 8792922652 81.0 20276689282476192 80.4
109986700 8792936452 81.0 20276690130110688 80.4
110000300 8792941252 81.0 20276690560455392 80.4
110000600 8792994752 81.0 20276705829190368 80.4
110026000 8792997352 81.0 20276705979103968 80.4
110026600 8793126152 81.0 20276738846083344 80.4
112341200 8837159852 81.4 20389020196391184 80.9
112341700 8837169152 81.4 20389020616418384 80.9
112353900 8837340552 81.4 20389068648125520 80.9
112354500 8837345052 81.4 20389068951054736 80.9
115529600 8837436452 81.5 20389093933670800 80.9
115536400 8837528452 81.5 20389118030752144 80.9
115554500 8837536752 81.5 20389118524303056 80.9
115554900 8837583452 81.5 20389129989896912 80.9
115582400 8882706552 81.9 20503409573739216 81.3
118326400 8882710152 81.9 20503409803453904 81.3
118326700 8882758552 81.9 20503421785033168 81.3
118341800 8924286052 82.3 20609084523629008 81.8
118351300 8924351452 82.3 20609102534363600 81.8
121379900 8924394152 82.3 20609116273512912 81.8
121392600 8966547752 82.6 20715718527816144 82.2
121392700 8966551552 82.6 20715718687830544 82.2
121392900 8966565952 82.6 20715719540600976 82.2
121395800 8966839352 82.6 20715794146570384 82.2
121414400 8966883252 82.6 20715806359609488 82.2
123244500 9006148952 83.0 20814928274055312 82.6
123259500 9006155052 83.0 20814928716766320 82.6
123259800 9006160252 83.0 20814928970820528 82.6
123260700 9006197952 83.0 20814937743102896 82.6
123261800 9006349752 83.0 20814977420432304 82.6
123262500 9006351952 83.0 20814977543985600 82.6
126001300 9006357452 83.0 20814977834244416 82.6
126002100 9006392852 83.0 20814986011294016 82.6
126008000 9006429452 83.0 20814994104133440 82.6
126014700 9006506852 83.0 20815014515052352 82.6
126022300 9046106952 83.4 20914268701069120 83.0
126026100 9046110452 83.4 20914268979421504 83.0
126026500 9046127152 83.4 20914272706589504 83.0
128206800 9046224652 83.4 20914297629520704 83.0
128236800 9046268352 83.4 20914309984490304 83.0
128237200 9046279152 83.4 20914310645744832 83.0
128241200 9046301552 83.4 20914315953189568 83.0
128261400 9083073552 83.7 21006440719987392 83.3
129530900 9083076552 83.7 21006440894821488 83.3
129531200 9083095852 83.7 21006445740252272 83.3
129538400 9120053552 84.1 21098265530817648 83.7
129553700 9120105252 84.1 21098277190038640 83.7
129572000 9120108552 84.1 21098277387357040 83.7
129572400 9120174952 84.1 21098296063953776 83.7
129573700 9120176752 84.1 21098296152202976 83.7
132920100 9120194252 84.1 21098300374283488 83.7
132925100 9120237552 84.1 21098313318542560 83.7
132926200 9157039552 84.4 21190348864105696 84.1
132929600 9157071852 84.4 21190356874308320 84.1
132944700 9157218252 84.4 21190399372057312 84.1
132945000 9157249752 84.4 21190406502335200 84.1
132950300 9157266552 84.4 21190410311958752 84.1
134186200 9193572752 84.7 21280708887183584 84.4
134196600 9193601352 84.7 21280716355610848 84.4
134196900 9193604852 84.7 21280716503205344 84.4
134199700 9193644752 84.7 21280727882594784 84.4
134208500 9193659752 84.7 21280730881716960 84.4
134212400 9193703252 84.7 21280743867363040 84.4
134235500 9193747952 84.7 21280755644590816 84.4
134235800 9193750652 84.7 21280755755043216 84.4
137364600 9193779152 84.7 21280762230142864 84.4
137365100 9193781852 84.7 21280762378541072 84.4
137365800 9227485952 85.0 21364614987995152 84.8
137388000 9227603152 85.0 21364647629939728 84.8
137400500 9227644552 85.0 21364658895168528 84.8
137407300 9227647152 85.0 21364659083776432 84.8
137408400 9227702652 85.0 21364673092900272 84.8
138696600 9227727752 85.0 21364680862334384 84.8
138710300 9227772452 85.0 21364692658647472 84.8
138717600 9227776052 85.0 21364692887606672 84.8
138717700 9261134852 85.4 21447209905421200 85.1
138725000 9261138752 85.4 21447210113794704 85.1
138725300 9261141052 85.4 21447210249073904 85.1
138725500 9261164052 85.4 21447214909912304 85.1
138732100 9261251152 85.4 21447238121536752 85.1
141812800 9261305852 85.4 21447253053978864 85.1
141821800 9261308952 85.4 21447253309355472 85.1
141823400 9294261552 85.7 21529225587160528 85.4
141832700 9294307652 85.7 21529237222722000 85.4
141832900 9294311052 85.7 21529237479063408 85.4
141838400 9294335452 85.7 21529243183149424 85.4
141838500 9294337552 85.7 21529243348353024 85.4
141867500 9294361252 85.7 21529249402445824 85.4
141908500 9294383952 85.7 21529253168424960 85.4
143130300 9326977052 86.0 21609430200231936 85.7
143131300 9326982552 86.0 21609430577056224 85.7
143134700 9327004052 86.0 21609434875197920 85.7
143150300 9327022552 86.0 21609439962225120 85.7
143153300 9327090552 86.0 21609456321165792 85.7
143174300 9327134252 86.0 21609467110318560 85.7
143184700 9327184852 86.0 21609479990799840 85.7
145590800 9359319352 86.3 21688865213509088 86.0
145597500 9359442352 86.3 21688898025967072 86.0
145597800 9359475152 86.3 21688906575035872 86.0
145620900 9359477452 86.3 21688906705596768 86.0
145622000 9359482052 86.3 21688907022269760 86.0
145622100 9359485152 86.3 21688907188910368 86.0
145622700 9359508052 86.3 21688912179087136 86.0
147224000 9359552252 86.3 21688926715834144 86.0
147229800 9359591652 86.3 21688937888161568 86.0
147245600 9359615252 86.3 21688942977776416 86.0
147247200 9391022952 86.6 21766313147792160 86.4
147254000 9391037852 86.6 21766316721679648 86.4
147279600 9391059252 86.6 21766321211454240 86.4
147284700 9391123452 86.6 21766340371241760 86.4
149059200 9391205852 86.6 21766360829012768 86.4
149078300 9391260852 86.6 21766373353221920 86.4
149082200 9391265952 86.6 21766373741913024 86.4
149082600 9422532052 86.8 21843572130014144 86.7
149083200 9422555352 86.8 21843577770613696 86.7
149108000 9422583852 86.8 21843589248905152 86.7
149128600 9422604652 86.8 21843594462144448 86.7
152912900 9422607352 86.8 21843594608832256 86.7
152913200 9422676152 86.8 21843615054016256 86.7
152913500 9422678552 86.8 21843615249049856 86.7
152918100 9422692452 86.8 21843618073061376 86.7
152920200 9422694952 86.8 21843618278388176 86.7
152920800 9453270552 87.1 21919378993295824 87.0
152934800 9453345352 87.1 21919395679310288 87.0
152952700 9453410052 87.1 21919412892660176 87.0
154275100 9453460452 87.1 21919426389042640 87.0
154277800 9483744552 87.4 21994635854964176 87.3
154286300 9483747652 87.4 21994636043241472 87.3
154286800 9483772752 87.4 21994642727635968 87.3
154290300 9483783052 87.4 21994644557128064 87.3
154294500 9483791752 87.4 21994646225224064 87.3
154307500 9483834852 87.4 21994659644530048 87.3
154316400 9483863552 87.4 21994667296172928 87.3
154324000 9483901852 87.4 21994680417250176 87.3
156669800 9483933952 87.4 21994688997346176 87.3
156697100 9483983752 87.4 21994701638771584 87.3
156703600 9484000052 87.4 21994705547518080 87.3
156705400 9513856252 87.7 22068441445392512 87.6
156719600 9513875352 87.7 22068446154839680 87.6
156719700 9513898052 87.7 22068451124452992 87.6
156721600 9513900352 87.7 22068451254220496 87.6
156755500 9513922252 87.7 22068456689090256 87.6
156763700 9513960352 87.7 22068468818967248 87.6
160068700 9544565952 88.0 22144450145876688 87.9
160135200 9544589952 88.0 22144458507580624 87.9
160135700 9544592852 88.0 22144458651413232 87.9
160145100 9544594952 88.0 22144458775249032 87.9
160147100 9544645452 88.0 22144473532126344 87.9
160163200 9544669952 88.0 22144480204955784 87.9
160165900 9544687652 88.0 22144484836442760 87.9
160181100 9544719352 88.0 22144492066962568 87.9
160200800 9544747552 88.0 22144499628661384 87.9
163699200 9544750252 88.0 22144499723856984 87.9
163701400 9544807052 88.0 22144514795908184 87.9
163727100 9544852552 88.0 22144528559150168 87.9
163734800 9544873752 88.0 22144534575559768 87.9
163745200 9575050452 88.2 22219251370144856 88.2
163746100 9575054052 88.2 22219251619454952 88.2
163755900 9575071752 88.2 22219255847227368 88.2
163760900 9575090952 88.2 22219260917051368 88.2
163762100 9575112052 88.2 22219268898108904 88.2
163798400 9575138052 88.2 22219275781499368 88.2
167665000 9575171752 88.2 22219286164039144 88.2
167678400 9575250652 88.3 22219309486587368 88.2
167684400 9575288052 88.3 22219321582777832 88.2
167700000 9575298052 88.3 22219324089596136 88.2
167713700 9575322152 88.3 22219330222666472 88.2
167714400 9575325752 88.3 22219330404316568 88.2
167714600 9575329652 88.3 22219330611477672 88.2
167741700 9604920352 88.5 22293515551538344 88.4
169957300 9604947052 88.5 22293521487440040 88.4
169985100 9604972652 88.5 22293527617914536 88.4
169992300 9604993952 88.5 22293532304143528 88.4
169996600 9605029952 88.5 22293541595314344 88.4
170001000 9605058352 88.5 22293550682904744 88.4
170008800 9605083252 88.5 22293556460501672 88.4
170013200 9635234652 88.8 22368365269727912 88.7
170019000 9635263552 88.8 22368372923686568 88.7
174815800 9635277152 88.8 22368376651794344 88.7
174827200 9664841752 89.1 22442151590250408 89.0
174838800 9664868252 89.1 22442159442332584 89.0
174857800 9664902552 89.1 22442168406397864 89.0
174872600 9664934852 89.1 22442178426353576 89.0
174874300 9664962452 89.1 22442186055488424 89.0
174877000 9664981452 89.1 22442191641671592 89.0
174881300 9665008452 89.1 22442196670456232 89.0
174905800 9665031852 89.1 22442203695211432 89.0
178805700 9665046052 89.1 22442206801119912 89.0
178811800 9665083152 89.1 22442215828627112 89.0
178829200 9665098852 89.1 22442218969083048 89.0
178856900 9665108452 89.1 22442221130161576 89.0
178871800 9665153052 89.1 22442232360294824 89.0
178890300 9665187352 89.1 22442241332837800 89.0
178895000 9695328652 89.4 22516987437219240 89.3
178899700 9695367952 89.4 22516998619504040 89.3
183736800 9695390152 89.4 22517005149089192 89.3
183754900 9695433752 89.4 22517017234565544 89.3
183759300 9695482052 89.4 22517033824012712 89.3
183770400 9695494552 89.4 22517037500304808 89.3
183787000 9695516452 89.4 22517043595757992 89.3
183809500 9725969952 89.6 22592902071503272 89.6
183827400 9725991452 89.6 22592907701168552 89.6
183827500 9726012852 89.6 22592913824767400 89.6
183843800 9726021852 89.6 22592915537362088 89.6
188028800 9726047852 89.6 22592922386685096 89.6
188035600 9755752752 89.9 22667013827321000 89.9
188036000 9755755652 89.9 22667014048639800 89.9
188046600 9755803352 89.9 22667026532517688 89.9
188063800 9755816252 89.9 22667028605855032 89.9
188091500 9755838752 89.9 22667037659858232 89.9
188093900 9755859852 89.9 22667041990092600 89.9
188094900 9755909652 89.9 22667056371558200 89.9
188129700 9755939152 89.9 22667065288998712 89.9
192020600 9755962952 89.9 22667069965046584 89.9
192036500 9755988452 89.9 22667077128369976 89.9
192063900 9756014552 89.9 22667082313729336 89.9
192080500 9756045952 89.9 22667092619126072 89.9
192083500 9756070752 89.9 22667098801980216 89.9
192091600 9785872852 90.2 22741555306447672 90.2
192098500 9785900552 90.2 22741561432689464 90.2
192116100 9785929852 90.2 22741568279093560 90.2
192137100 9785956352 90.2 22741575717095736 90.2
198217100 9785981752 90.2 22741584005222200 90.2
198221300 9786014952 90.2 22741592222483768 90.2
198232800 9786038652 90.2 22741599304335160 90.2
198248400 9786060552 90.2 22741604160592696 90.2
198251700 9786086152 90.2 22741611985360696 90.2
198267700 9786116852 90.2 22741621682536248 90.2
198287800 9816159952 90.5 22817401808682808 90.5
198299400 9816183352 90.5 22817406792215352 90.5
198303600 9816215252 90.5 22817414944262456 90.5
202764700 9816253152 90.5 22817424382124344 90.5
202795600 9816279452 90.5 22817431523493176 90.5
202796600 9816308752 90.5 22817438523275064 90.5
202799900 9816339452 90.5 22817446565529912 90.5
202801200 9816357052 90.5 22817451621265720 90.5
202819900 9816377852 90.5 22817456763448120 90.5
202821000 9846601452 90.8 22892844034304824 90.8
202823200 9846619352 90.8 22892847907456824 90.8
202825700 9846647952 90.8 22892856261622072 90.8
209136100 9846670352 90.8 22892861505712952 90.8
209155100 9846711652 90.8 22892873001746232 90.8
209157600 9846714852 90.8 22892873271415224 90.8
209164900 9846716352 90.8 22892873409375224 90.8
209165900 9846743152 90.8 22892878488399864 90.8
209167800 9846763152 90.8 22892884340145144 90.8
209175800 9877211552 91.0 22969895360297976 91.1
209176100 9877213952 91.0 22969895486787576 91.1
209203800 9877261852 91.0 22969907119740920 91.1
209213800 9877280052 91.0 22969912431999480 91.1
215595800 9877313652 91.0 22969921069225464 91.1
215606900 9877335552 91.0 22969925020907512 91.1
215609400 9877366052 91.0 22969932516109304 91.1
215625100 9908983852 91.3 23049219617270776 91.4
215631000 9908986152 91.3 23049219728170872 91.4
215631600 9909016452 91.3 23049228062847864 91.4
215632100 9909058452 91.3 23049242708908920 91.4
215640000 9909084052 91.3 23049250936863608 91.4
215656300 9909097252 91.3 23049253841363576 91.4
223527100 9909130852 91.3 23049260693870200 91.4
223548800 9909162852 91.3 23049269826655864 91.4
223555200 9909191152 91.3 23049276217497208 91.4
223564000 9909218452 91.3 23049283259610232 91.4
223590700 9909241752 91.3 23049289211953784 91.4
223623800 9941187752 91.6 23129501769515640 91.8
223630100 9941215152 91.6 23129508471453816 91.8
223636600 9941237352 91.6 23129514047185528 91.8
231067500 9974747352 91.9 23214151226368632 92.1
231108800 9974798152 91.9 23214164539652728 92.1
231112900 9974845852 91.9 23214179565972088 92.1
231114200 9974889152 91.9 23214190530173560 92.1
231122100 9974916352 91.9 23214198937792632 92.1
231123900 9974919652 91.9 23214199153247336 92.1
231130200 9974949752 91.9 23214207812448360 92.1
231131400 9974953152 91.9 23214208000117656 92.1
231149900 9974974352 91.9 23214211859186328 92.1
231195900 9975002452 91.9 23214218039553688 92.1
239905800 10009161652 92.2 23301366348541592 92.4
239953100 10009185752 92.2 23301374291699864 92.4
239964400 10009197952 92.3 23301376637812888 92.4
239969800 10009212852 92.3 23301380555780248 92.4
239985800 10009238752 92.3 23301387396281496 92.4
239999800 10009268352 92.3 23301394448457368 92.4
240018900 10009294152 92.3 23301403132022424 92.4
240022800 10009317952 92.3 23301408932808344 92.4
240024800 10009347752 92.3 23301417646008984 92.4
240061700 10009392652 92.3 23301428560958104 92.4
249791500 10045268752 92.6 23393240910828184 92.8
249825400 10045290052 92.6 23393245671133848 92.8
249870000 10045316052 92.6 23393252445062296 92.8
249884900 10045322452 92.6 23393252775053496 92.8
249885500 10045336752 92.6 23393255528897208 92.8
249886000 10045342152 92.6 23393255791014200 92.8
249919900 10045382952 92.6 23393266598049080 92.8
249971900 10045491152 92.6 23393294212633912 92.8
260827100 10045550252 92.6 23393308569756984 92.8
260857300 10045552952 92.6 23393308667446584 92.8
260857600 10082612852 92.9 23488398194804024 93.2
260874500 10082692852 92.9 23488420821095736 93.2
260874700 10082696752 92.9 23488421064437240 93.2
260893000 10082712952 92.9 23488425141050616 93.2
260913000 10082735252 92.9 23488431264422136 93.2
260924600 10082767252 92.9 23488443876642040 93.2
260924900 10082769552 92.9 23488444093320936 93.2
260957300 10082812652 92.9 23488455075848936 93.2
272719900 10082866652 92.9 23488469539095272 93.2
272766600 10082869552 92.9 23488469712260680 93.2
272769000 10120784252 93.3 23586645567884872 93.6
272771800 10120788452 93.3 23586645729943080 93.6
272773200 10120885152 93.3 23586672696833576 93.6
272774500 10120888952 93.3 23586672943899976 93.6
272795300 10120917952 93.3 23586678780270920 93.6
272825400 10121010052 93.3 23586702228402504 93.6
272875600 10121044552 93.3 23586712046444872 93.6
284756000 10121090952 93.3 23586726654149960 93.6
284757200 10121118852 93.3 23586734955430216 93.6
284769200 10121163452 93.3 23586746071132488 93.6
284770800 10158438452 93.6 23682815035582792 94.0
284797300 10158466652 93.6 23682821761584968 94.0
284799200 10158505352 93.6 23682830976733000 94.0
284808600 10158537252 93.6 23682840233440072 94.0
284856600 10158575552 93.6 23682849462782792 94.0
284905600 10158607052 93.6 23682856456051016 94.0
296202100 10158634552 93.6 23682864688578376 94.0
296278400 10158665552 93.6 23682873915867976 94.0
296323800 10158740952 93.6 23682897145215816 94.0
296326800 10158795052 93.6 23682911203287880 94.0
296331200 10193939252 94.0 23773647655461704 94.3
296331800 10193944052 94.0 23773647929286792 94.3
296396300 10193978552 94.0 23773657901455496 94.3
296432700 10194014952 94.0 23773667069160584 94.3
296434700 10194045452 94.0 23773676579432584 94.3
307045700 10194140452 94.0 23773705799729288 94.3
307055100 10194174152 94.0 23773714401513608 94.3
307096000 10194179352 94.0 23773714833853096 94.3
307097700 10224502752 94.2 23850472828422824 94.6
307120900 10224545952 94.2 23850485508385448 94.6
307136900 10224574652 94.2 23850492067664552 94.6
307137800 10224586752 94.2 23850494851385768 94.6
307143800 10224612152 94.2 23850501534693800 94.6
307146000 10224639552 94.2 23850506957223848 94.6
316592900 10249919852 94.5 23913600999880616 94.9
316600300 10249941252 94.5 23913606491453352 94.9
316631400 10249987552 94.5 23913621731015592 94.9
316634700 10250042552 94.5 23913636569669544 94.9
316668100 10250047452 94.5 23913637172388456 94.9
316681600 10250075152 94.5 23913643169870952 94.9
316691500 10250100152 94.5 23913648531360376 94.9
316740400 10250120152 94.5 23913654832354936 94.9
324419800 10270735352 94.7 23964242215458424 95.1
324448000 10270750252 94.7 23964245587313016 95.1
324478800 10270778052 94.7 23964253369795448 95.1
324499700 10270803352 94.7 23964259510274424 95.1
324502000 10270810452 94.7 23964261460166008 95.1
324544200 10270837252 94.7 23964269391455096 95.1
324546700 10270870552 94.7 23964278342646648 95.1
324553700 10270901852 94.7 23964289236639608 95.1
324588800 10270923852 94.7 23964297521176952 95.1
324591600 10270956952 94.7 23964306876218744 95.1
331613300 10270985852 94.7 23964313124595576 95.1
331684500 10287935152 94.8 24005117100681080 95.2
331693200 10287959352 94.8 24005122091793272 95.2
331703500 10287978852 94.8 24005126863819128 95.2
331743000 10288005952 94.8 24005133513732472 95.2
331756600 10288033652 94.8 24005141327532408 95.2
331823500 10288053452 94.8 24005146348550520 95.2
331824500 10288075052 94.8 24005151476150648 95.2
331838900 10288106852 94.8 24005159537486712 95.2
336344400 10288141652 94.8 24005166945551736 95.2
336389100 10288173352 94.8 24005176927403384 95.2
336427900 10302561852 95.0 24039082120658296 95.4
336468100 10302582352 95.0 24039087121802616 95.4
336469200 10302605552 95.0 24039094256971128 95.4
336475300 10302625752 95.0 24039098585803128 95.4
336496000 10302636952 95.0 24039100996790648 95.4
336561600 10302664652 95.0 24039107883865464 95.4
336678100 10302692552 95.0 24039113629939064 95.4
339723900 10302723452 95.0 24039127222874488 95.4
339794600 10302749352 95.0 24039133948998008 95.4
339810400 10302766252 95.0 24039138347965816 95.4
339866700 10314926952 95.1 24067113787317624 95.5
339890500 10314949852 95.1 24067125405685112 95.5
339945800 10314970952 95.1 24067131145484664 95.5
339962400 10314990852 95.1 24067134926932856 95.5
339979100 10315018552 95.1 24067142022002040 95.5
340062200 10315042852 95.1 24067149158945144 95.5
340078500 10315066252 95.1 24067154692502392 95.5
340828000 10315090552 95.1 24067160984490872 95.5
340865500 10328084452 95.2 24097043146052472 95.6
340911500 10328106152 95.2 24097048222913400 95.6
341025000 10328127752 95.2 24097053077959032 95.6
341048400 10328147652 95.2 24097057652595064 95.6
341059300 10328168452 95.2 24097062909074808 95.6
341082800 10328193652 95.2 24097070124539256 95.6
341140000 10328215452 95.2 24097075722779000 95.6
341166700 10328239952 95.2 24097083141583224 95.6
343375700 10328260752 95.2 24097088129878904 95.6
343378500 10328298452 95.2 24097098613126008 95.6
343399100 10328325352 95.2 24097104806522744 95.6
343450200 10328344652 95.2 24097108903296376 95.6
343464600 10328355852 95.2 24097111506013560 95.6
343467400 10328387952 95.2 24097120461755768 95.6
343485700 10328412852 95.2 24097124874147704 95.6
343508400 10340416552 95.3 24124730581407608 95.7
343552100 10340436152 95.3 24124736175112056 95.7
343572800 10340461552 95.3 24124744548501368 95.7
347482700 10340472152 95.3 24124748719652472 95.7
347492800 10340493352 95.3 24124756573649528 95.7
347498300 10340512752 95.3 24124765060053112 95.7
347517000 10340535952 95.3 24124770658110584 95.7
347540000 10352862552 95.4 24153299321965688 95.8
347540300 10352912752 95.4 24153312809917816 95.8
347562200 10352936852 95.4 24153319500495736 95.8
347614200 10352958052 95.4 24153326633348472 95.8
347615800 10352980352 95.4 24153333180342648 95.8
351739100 10352994552 95.4 24153338195749752 95.8
351777100 10366177252 95.5 24184477065161592 96.0
351814600 10366206052 95.5 24184484126800760 96.0
351816400 10366232652 95.5 24184491783807864 96.0
351837400 10366257452 95.5 24184498343681400 96.0
351838600 10366287752 95.5 24184506174535544 96.0
351863000 10366304852 95.5 24184511051289464 96.0
351896100 10366329652 95.5 24184517781287288 96.0
351908200 10366349752 95.5 24184524176684920 96.0
351917600 10366382852 95.5 24184531954896248 96.0
358769700 10366410952 95.5 24184538758075256 96.0
358786300 10366442552 95.5 24184547122423160 96.0
359094500 10381067752 95.7 24219936327542136 96.1
359114300 10381095852 95.7 24219943908415864 96.1
359128000 10381129652 95.7 24219951225026936 96.1
359143000 10381155152 95.7 24219959746888056 96.1
359156900 10381181252 95.7 24219967278301048 96.1
359171900 10381214952 95.7 24219975590713720 96.1
359181800 10381245752 95.7 24219983841633144 96.1
359267300 10381272752 95.7 24219990087228792 96.1
370491000 10381303952 95.7 24219997755351928 96.1
370556400 10381363852 95.7 24220012526707576 96.1
370585700 10381391152 95.7 24220019103448440 96.1
370587100 10381423852 95.7 24220028675872120 96.1
370600600 10398602952 95.8 24262093107418488 96.3
370602000 10398648652 95.8 24262105539708280 96.3
370612100 10398657052 95.8 24262107371167480 96.3
370640700 10398689952 95.8 24262117747526392 96.3
370647700 10398700652 95.8 24262120879518712 96.3
370650300 10398729452 95.8 24262128304985080 96.3
380370100 10398766352 95.8 24262139551393784 96.3
380481800 10398817352 95.8 24262156093955064 96.3
380571100 10398836952 95.8 24262162309486072 96.3
380629300 10398874752 95.8 24262175054537208 96.3
380632100 10398914952 95.8 24262190567988728 96.3
380655700 10419263852 96.0 24313651029024248 96.5
380657600 10419303752 96.0 24313662582343160 96.5
380696800 10419325652 96.0 24313668637259256 96.5
380717800 10419360352 96.0 24313677090828792 96.5
380818700 10419399752 96.0 24313687724546552 96.5
393954100 10419436452 96.0 24313697239379448 96.5
393972700 10419464552 96.0 24313703320602616 96.5
394008800 10419497252 96.0 24313712405852152 96.5
394036400 10419527952 96.0 24313720440240632 96.5
394112700 10419552352 96.0 24313727555853304 96.5
394127800 10419586252 96.0 24313734858397688 96.5
394132800 10419627052 96.0 24313748861230072 96.5
394147600 10419657652 96.0 24313756880224248 96.5
394184000 10440884652 96.2 24368196626694136 96.7
394261400 10440904952 96.2 24368203502092280 96.7
405619600 10440934152 96.2 24368212136770552 96.7
405649800 10440961852 96.2 24368220643376632 96.7
405743500 10458886752 96.4 24413277035544056 96.9
405794500 10458912452 96.4 24413285649865208 96.9
405841000 10458941352 96.4 24413294659581432 96.9
405846600 10458979752 96.4 24413305500977656 96.9
405861600 10459008452 96.4 24413313183730680 96.9
405870600 10459038252 96.4 24413323910447096 96.9
405946000 10459067252 96.4 24413331586340344 96.9
405983100 10459088452 96.4 24413338058299896 96.9
412620400 10459108852 96.4 24413345816594936 96.9
412874400 10459136652 96.4 24413354804386296 96.9
412876200 10459161152 96.4 24413361832080376 96.9
412955300 10459181552 96.4 24413367018191864 96.9
412959900 10459207652 96.4 24413372681043960 96.9
412961800 10459232552 96.4 24413379839545848 96.9
412963200 10459252452 96.4 24413385966603768 96.9
412967800 10459282252 96.4 24413395537097208 96.9
413046400 10472332152 96.5 24444946293453304 97.0
413086300 10472355752 96.5 24444954220237816 97.0
419987500 10472378752 96.5 24444961101902328 97.0
420106100 10472400152 96.5 24444968933983736 97.0
420224700 10472423252 96.5 24444975211849720 97.0
420482900 10472446952 96.5 24444983107091960 97.0
420524800 10472467452 96.5 24444988427560952 97.0
420585400 10472488052 96.5 24444994389862392 97.0
420593500 10472510052 96.5 24444999360276472 97.0
420615300 10472544852 96.5 24445009060169720 97.0
420616300 10482573952 96.6 24468719158691832 97.1
420699400 10482604152 96.6 24468727202783224 97.1
423103500 10491095952 96.7 24488135639900152 97.2
423162300 10491117252 96.7 24488141335876600 97.2
423270800 10491145952 96.7 24488148138366968 97.2
423288900 10491177752 96.7 24488158097029112 97.2
423336900 10491201952 96.7 24488167087198200 97.2
423372800 10491228852 96.7 24488172623468024 97.2
423389800 10491252052 96.7 24488180045733880 97.2
423389900 10491267752 96.7 24488183145294072 97.2
423582000 10491291852 96.7 24488189173231864 97.2
423639000 10491316252 96.7 24488196564873464 97.2
425025800 10491343552 96.7 24488204840841976 97.2
425082900 10491372052 96.7 24488212049174264 97.2
425299400 10491394952 96.7 24488218436578552 97.2
425316800 10491419352 96.7 24488225638705912 97.2
425438700 10491444252 96.7 24488232225180920 97.2
425554900 10491456452 96.7 24488234820995832 97.2
425639900 10491499952 96.7 24488245982243576 97.2
425655300 10491522252 96.7 24488251458589944 97.2
425681900 10499982952 96.8 24507447049458936 97.2
425857000 10500008852 96.8 24507454790688504 97.2
433542500 10500036952 96.8 24507461417383160 97.2
433642000 10500060652 96.8 24507469794678008 97.2
433815400 10500088252 96.8 24507476993882360 97.2
433819700 10500119752 96.8 24507486326668536 97.2
433835900 10509628852 96.9 24529673213361400 97.3
433863300 10509655452 96.9 24529681815758072 97.3
433865800 10509679952 96.9 24529688807418616 97.3
433875100 10509702652 96.9 24529695039753464 97.3
433884900 10509731652 96.9 24529705213733112 97.3
433958900 10509759852 96.9 24529713398107384 97.3
442874800 10509796552 96.9 24529722776972536 97.3
442894200 10509827052 96.9 24529731925649656 97.3
443067000 10509856652 96.9 24529743882760440 97.3
443133700 10522021352 97.0 24558993562153208 97.4
443134100 10522047052 97.0 24559000000164600 97.4
443140500 10522088952 97.0 24559013777651448 97.4
443176800 10522122352 97.0 24559022526040824 97.4
443250300 10522169852 97.0 24559038535206648 97.4
443257900 10522223952 97.0 24559054573495032 97.4
456935700 10522264652 97.0 24559067647041272 97.4
457070200 10522310152 97.0 24559081045531384 97.4
457098300 10522349352 97.0 24559094154725112 97.4
457227400 10522385552 97.0 24559104421710584 97.4
457344200 10522415552 97.0 24559111993013496 97.4
457375700 10537549352 97.1 24596946095682808 97.6
457405300 10537588052 97.1 24596957415454968 97.6
457477600 10537626652 97.1 24596971291211000 97.6
457512000 10537665052 97.1 24596982906041592 97.6
457590100 10537699852 97.1 24596992940518648 97.6
468792100 10537724452 97.1 24597000726984952 97.6
468921800 10537750152 97.1 24597007625251576 97.6
469026600 10551164852 97.2 24630353111706360 97.7
469062000 10551192552 97.2 24630362263187192 97.7
469114100 10551221052 97.2 24630369334256376 97.7
469166700 10551245552 97.2 24630377587326200 97.7
469216600 10551270852 97.2 24630385631270136 97.7
469253200 10551293152 97.2 24630390641966328 97.7
469299900 10551327252 97.2 24630399497247992 97.7
469351600 10551355852 97.2 24630409272755448 97.7
476167800 10551379552 97.2 24630416677027576 97.7
476232500 10551399252 97.2 24630422704454904 97.7
476246100 10551428152 97.2 24630430743145208 97.7
476327100 10551450652 97.2 24630436806216952 97.7
476353800 10551474252 97.2 24630445452798200 97.7
476370100 10560234552 97.3 24651221569811448 97.8
476449500 10560258452 97.3 24651229054987256 97.8
476494000 10560276952 97.3 24651234375013368 97.8
476569700 10560302952 97.3 24651243955331064 97.8
481073700 10560323452 97.3 24651250066771448 97.8
481370900 10560347852 97.3 24651256733421048 97.8
481406600 10560373552 97.3 24651264212921336 97.8
481407000 10567072452 97.4 24666209002515448 97.9
481425000 10567091852 97.4 24666213933588472 97.9
481501200 10567112452 97.4 24666218867146232 97.9
481552700 10567136052 97.4 24666224402328056 97.9
481725300 10567155252 97.4 24666229539832312 97.9
481844500 10567180352 97.4 24666237864200696 97.9
481855500 10567202952 97.4 24666243726509048 97.9
484153300 10567228352 97.4 24666251346740728 97.9
484301500 10567249752 97.4 24666257094247928 97.9
484318000 10567273452 97.4 24666266110596600 97.9
484415100 10567300152 97.4 24666275004011000 97.9
484434800 10573786052 97.5 24680844696998392 97.9
484637000 10573811252 97.5 24680852025123320 97.9
484791000 10573838452 97.5 24680860410673144 97.9
484796600 10573868352 97.5 24680871358041080 97.9
484884300 10573888452 97.5 24680877396906488 97.9
484893900 10573914952 97.5 24680886298001912 97.9
493386200 10573950252 97.5 24680894730308088 97.9
493428100 10573985652 97.5 24680905289117176 97.9
493462000 10574024552 97.5 24680919666574840 97.9
493524500 10574055952 97.5 24680930170829304 97.9
493620900 10574093952 97.5 24680942463230456 97.9
493664200 10574131152 97.5 24680955628430840 97.9
493665500 10582242852 97.5 24699809918297592 98.0
493709900 10582280452 97.5 24699820550271480 98.0
493723400 10582316852 97.5 24699835087836664 98.0
493730500 10582350452 97.5 24699846194336248 98.0
507522300 10582383652 97.5 24699857423362552 98.0
507584400 10582423452 97.5 24699868238174712 98.0
507691200 10593597852 97.6 24727288066464248 98.1
507779500 10593631952 97.6 24727296996965880 98.1
507816900 10593660452 97.6 24727304270821368 98.1
507837500 10593684452 97.6 24727313217217528 98.1
507997300 10593716952 97.6 24727322225816568 98.1
508136300 10593750852 97.6 24727331332990968 98.1
508198600 10593776352 97.6 24727337478693880 98.1
508209700 10593807852 97.6 24727347735085048 98.1
518008000 10593833452 97.6 24727353863598584 98.1
518571600 10593857852 97.6 24727360741631480 98.1
518754700 10593882052 97.6 24727366207759352 98.1
519102400 10593906752 97.6 24727374388413944 98.1
519226000 10593931752 97.6 24727380833301496 98.1
519254300 10593950352 97.6 24727385704728568 98.1
519313400 10593974852 97.6 24727392501449720 98.1
519406100 10594001952 97.6 24727399756457976 98.1
519640100 10602741952 97.7 24748330149210104 98.2
519647100 10602762152 97.7 24748335452551160 98.2
525472300 10602786252 97.7 24748342591600632 98.2
525512300 10602810752 97.7 24748350329149432 98.2
525569700 10602832652 97.7 24748355221157880 98.2
525632600 10608228152 97.8 24760609182283768 98.2
525640900 10608249452 97.8 24760615840045560 98.2
525662300 10608268052 97.8 24760623430689784 98.2
525697800 10608287352 97.8 24760628939529208 98.2
525739800 10608310352 97.8 24760634232813048 98.2
525769800 10608330352 97.8 24760640177580024 98.2
525950800 10608353352 97.8 24760645861066232 98.2
526009900 10608374952 97.8 24760652549503480 98.2
526376600 10608394952 97.8 24760657638226936 98.2
526449600 10608417552 97.8 24760665173817336 98.2
526560600 10608440952 97.8 24760674251403256 98.2
526587300 10613310952 97.8 24771487696646136 98.3
526650900 10613332352 97.8 24771492833373688 98.3
526765900 10613361352 97.8 24771500601354232 98.3
526773600 10613392352 97.8 24771509277624312 98.3
526997100 10613417952 97.8 24771517034815992 98.3
539879200 10613452452 97.8 24771525076487160 98.3
540364300 10613482952 97.8 24771533251593720 98.3
540386100 10613517052 97.8 24771545887216120 98.3
540467600 10620013252 97.9 24786529884115448 98.3
540572100 10620044452 97.9 24786538829408760 98.3
540623800 10620068152 97.9 24786547802165752 98.3
540794900 10620096352 97.9 24786555448624120 98.3
540818000 10620117752 97.9 24786561400426488 98.3
540821300 10620138452 97.9 24786567954180088 98.3
540841300 10620164052 97.9 24786578098442232 98.3
552939400 10620187252 97.9 24786585274163704 98.3
553413700 10620204552 97.9 24786589766454776 98.3
553616700 10620221852 97.9 24786595369855992 98.3
553638200 10620239252 97.9 24786600617339384 98.3
553726000 10627997952 98.0 24805345540729336 98.4
553816300 10628017252 98.0 24805350179788792 98.4
553909900 10628033752 98.0 24805355714246136 98.4
554181800 10628054752 98.0 24805361024334840 98.4
554385000 10628069552 98.0 24805364819982328 98.4
554516100 10628083852 98.0 24805368071517944 98.4
563297200 10628099852 98.0 24805372523390200 98.4
563578200 10628115252 98.0 24805376439238136 98.4
563619600 10628132952 98.0 24805381007294456 98.4
563642900 10632679752 98.0 24815469841432568 98.5
563678800 10632698552 98.0 24815475553304568 98.5
563748300 10632722752 98.0 24815483111342584 98.5
564099500 10632740552 98.0 24815487963990008 98.5
564198600 10632756752 98.0 24815491922419960 98.5
564269400 10632771152 98.0 24815496523329272 98.5
564308300 10632791752 98.0 24815502816313080 98.5
565382500 10632812252 98.0 24815508080576248 98.5
565487300 10632831552 98.0 24815512981575416 98.5
565542200 10632850652 98.0 24815517771721464 98.5
565607900 10632876752 98.0 24815525550490360 98.5
565669900 10632895652 98.0 24815531481395960 98.5
565883800 10636505652 98.0 24823444256092920 98.5
565945700 10636531952 98.0 24823450499873528 98.5
565991700 10636553052 98.0 24823457077227768 98.5
566307400 10636571752 98.0 24823462226366712 98.5
575793500 10636601152 98.0 24823471392320760 98.5
577046700 10636630352 98.0 24823480347686136 98.5
577051200 10636656052 98.0 24823488171904248 98.5
577064100 10636677552 98.0 24823493493135608 98.5
577158300 10641904752 98.1 24835576011036920 98.5
577216900 10641924652 98.1 24835583765379320 98.5
577306000 10641953552 98.1 24835593827678456 98.5
577457300 10641984452 98.1 24835606292411640 98.5
577483100 10642009352 98.1 24835612000317688 98.5
577864300 10642027852 98.1 24835617990437624 98.5
588924900 10642043652 98.1 24835622849317624 98.5
589418700 10647357552 98.1 24848201102494456 98.6
589686200 10647371552 98.1 24848204555627256 98.6
589817700 10647387052 98.1 24848207454584568 98.6
589825700 10647403252 98.1 24848212152488184 98.6
589928800 10647421652 98.1 24848218257097464 98.6
590258500 10647438352 98.1 24848222634673912 98.6
590268400 10647452652 98.1 24848226886812920 98.6
590302600 10647467852 98.1 24848234009020664 98.6
590698800 10647482252 98.1 24848239982359288 98.6
592847300 10647499152 98.1 24848243806392056 98.6
592858900 10647514952 98.1 24848247258091768 98.6
592893600 10647528052 98.1 24848250068766968 98.6
593052700 10647542152 98.1 24848254563123960 98.6
593208600 10647557152 98.1 24848259170753784 98.6
593264300 10647576052 98.1 24848263299726584 98.6
593844400 10647589052 98.1 24848266973561592 98.6
593893400 10650457952 98.2 24854387934774008 98.6
594085300 10650473252 98.2 24854392056094968 98.6
594114000 10650488252 98.2 24854395887428344 98.6
601475800 10650502752 98.2 24854400312951544 98.6
601890000 10654087852 98.2 24862388149961464 98.6
602194200 10654111252 98.2 24862395521627896 98.6
602403200 10654130352 98.2 24862402079758072 98.6
602511200 10654148052 98.2 24862406221635064 98.6
602570500 10654171352 98.2 24862412577885176 98.6
602727000 10654189552 98.2 24862419340748792 98.6
602792900 10654211552 98.2 24862424622627320 98.6
603104900 10654235552 98.2 24862434322504184 98.6
603143000 10654252552 98.2 24862437720480760 98.6
617145000 10658609152 98.2 24872636066847736 98.7
617501000 10658625552 98.2 24872641867762168 98.7
617877700 10658639252 98.2 24872646358639096 98.7
618021200 10658653352 98.2 24872649472694776 98.7
618218200 10658665352 98.2 24872653518444536 98.7
618295500 10658677552 98.2 24872656646722296 98.7
618313600 10658689852 98.2 24872659532354296 98.7
618368100 10658702752 98.2 24872663331287544 98.7
618419700 10658713152 98.2 24872665064981880 98.7
618750200 10658729652 98.2 24872669420960632 98.7
625155400 10661027052 98.3 24877448683043704 98.7
625745200 10661041852 98.3 24877452887587704 98.7
626004700 10661051252 98.3 24877456342102904 98.7
626019300 10661065052 98.3 24877460871752056 98.7
626038900 10661082652 98.3 24877463377854072 98.7
626136300 10661093352 98.3 24877466993757816 98.7
626279600 10661107952 98.3 24877470456751992 98.7
626307200 10661122152 98.3 24877474889164664 98.7
626363900 10661137352 98.3 24877477862176120 98.7
626486300 10661150352 98.3 24877481988146552 98.7
633212900 10661161352 98.3 24877484042580984 98.7
633316600 10661182652 98.3 24877491510842360 98.7
633321700 10661193652 98.3 24877496094824952 98.7
633572800 10661201252 98.3 24877497440082168 98.7
634198000 10664261852 98.3 24884376725166328 98.7
634394300 10664281452 98.3 24884382365626616 98.7
634426200 10664304852 98.3 24884389092626168 98.7
634681000 10664313452 98.3 24884391594053368 98.7
634761500 10664326452 98.3 24884395219627768 98.7
634796300 10664342352 98.3 24884399080991480 98.7
644968500 10664351452 98.3 24884401910098680 98.7
645419400 10664359552 98.3 24884404131351544 98.7
645495700 10664369352 98.3 24884406242020344 98.7
645589400 10664379152 98.3 24884408385599096 98.7
645836400 10664387952 98.3 24884410807080824 98.7
646032900 10664396352 98.3 24884413117908600 98.7
646136700 10664405452 98.3 24884415769863800 98.7
646139200 10664415452 98.3 24884418516566648 98.7
646213400 10667111452 98.3 24890531215524472 98.8
646469900 10667119852 98.3 24890532998922872 98.8
651625100 10667129552 98.3 24890534776521336 98.8
651686600 10667141052 98.3 24890539479529080 98.8
651756800 10667157052 98.3 24890543700253048 98.8
651868800 10667169652 98.3 24890547433812344 98.8
651955300 10668965052 98.3 24894354506559864 98.8
652313900 10668977652 98.3 24894358328064632 98.8
652560700 10668989752 98.3 24894360144231032 98.8
652797300 10669000252 98.3 24894363741007224 98.8
653171100 10669012852 98.3 24894366465873272 98.8
653272900 10669025452 98.3 24894368934532472 98.8
663614300 10669034852 98.3 24894371962630264 98.8
664067700 10671505652 98.4 24900011895369848 98.8
664650800 10671515552 98.4 24900014634803320 98.8
664706300 10671521952 98.4 24900016270336120 98.8
664838600 10671527152 98.4 24900018327961720 98.8
665088100 10671533452 98.4 24900019553106424 98.8
665123800 10671538952 98.4 24900020448492024 98.8
665141100 10671547752 98.4 24900022348216824 98.8
665367600 10671553952 98.4 24900024012421624 98.8
665733500 10671560752 98.4 24900025548012024 98.8
667532800 10671567552 98.4 24900026866719224 98.8
667665300 10671574752 98.4 24900028618783224 98.8
667928000 10671583152 98.4 24900032254633464 98.8
667965100 10671591652 98.4 24900033552720888 98.8
668436100 10671599752 98.4 24900035054778232 98.8
668484500 10671607952 98.4 24900037438104184 98.8
668680900 10672832752 98.4 24902615762494072 98.8
669024800 10672839552 98.4 24902617567195512 98.8
669169500 10672848152 98.4 24902619405091448 98.8
669398400 10672853752 98.4 24902621791998072 98.8
684735100 10672858152 98.4 24902622822480568 98.8
685204500 10672862152 98.4 24902623762102968 98.8
685206900 10672864652 98.4 24902624540884472 98.8
685285600 10672869552 98.4 24902625872622328 98.8
685329900 10672874652 98.4 24902626664788728 98.8
685556500 10672878352 98.4 24902627287035896 98.8
685753900 10672883252 98.4 24902628548808696 98.8
686088100 10672888852 98.4 24902630808733688 98.8
686250900 10672896052 98.4 24902633309956088 98.8
686319200 10674688552 98.4 24906645826267128 98.8
691813800 10674692852 98.4 24906646997864568 98.8
692073800 10674695852 98.4 24906648367806840 98.8
692250000 10675609152 98.4 24908558196160888 98.8
692344900 10675613052 98.4 24908558894948088 98.8
692474800 10675616352 98.4 24908561012346744 98.8
692636200 10675619252 98.4 24908561826631544 98.8
693192800 10675622152 98.4 24908562576689528 98.8
693336000 10675627752 98.4 24908563712510328 98.8
693420700 10675631952 98.4 24908565266532728 98.8
693466000 10675636352 98.4 24908566190385528 98.8
703636200 10675639952 98.4 24908567119463608 98.8
703715500 10675641752 98.4 24908567404750008 98.8
703733800 10675644952 98.4 24908568656282808 98.8
703748400 10676861952 98.4 24911281021977784 98.8
703815500 10676865652 98.4 24911282287189816 98.8
704525900 10676868352 98.4 24911283822575416 98.8
704600400 10676871652 98.4 24911284504535416 98.8
704623600 10676875252 98.4 24911285021041016 98.8
704626700 10676881352 98.4 24911286226958072 98.8
710230200 10676883552 98.4 24911286805722872 98.8
710460400 10676884852 98.4 24911287069095672 98.8
710547600 10676886852 98.4 24911287526144056 98.8
710558700 10676888752 98.4 24911288218368056 98.8
710637600 10676893752 98.4 24911290420992056 98.8
710704300 10677539052 98.4 24912660302960696 98.8
710939700 10677543252 98.4 24912661404784696 98.8
711058000 10677546452 98.4 24912662682736696 98.8
711087100 10677552352 98.4 24912664796589496 98.8
721414600 10678247652 98.4 24914214217575864 98.8
721507100 10678250452 98.4 24914215240756664 98.8
721535600 10678253352 98.4 24914215704014264 98.8
722177500 10678255552 98.4 24914216124860152 98.8
735508700 10678647052 98.4 24914998770124536 98.8
736021700 10678660952 98.4 24915002484164856 98.8
736023100 10678661652 98.4 24915002555025656 98.8
741305600 10678798452 98.4 24915268242262264 98.9
741441900 10678801252 98.4 24915268828399864 98.9
749138000 10678832352 98.4 24915334765398264 98.9