# 7898427392 17638927099756544 950340 378230200 842521450148300 0 0
0 819405248 10.4 383108935319552 2.2
1741800 1388150336 17.6 1398235461582848 7.9
3289000 1724126848 21.8 2077546212491264 11.8
4730600 1972033856 25.0 2619727012691968 14.9
6104200 2168967856 27.5 3077396211171328 17.4
7416000 2333182768 29.5 3478046229135360 19.7
8680600 2474499472 31.3 3833930675388416 21.7
9910400 2599119072 32.9 4154984883027968 23.6
11100400 2710766768 34.3 4449069581729792 25.2
12245700 2811940272 35.6 4718917310218240 26.8
13370300 2904248576 36.8 4968516381835264 28.2
14470500 2989220472 37.8 5200535196008448 29.5
15514700 3068007368 38.8 5417328149790720 30.7
16570900 3141917176 39.8 5621250948857856 31.9
17567300 3210947384 40.7 5812546678292480 33.0
18579900 3275828084 41.5 5993082742898688 34.0
19578000 3336852684 42.2 6163559155236864 34.9
20557600 3394554484 43.0 6326233407160320 35.9
21502400 3449506684 43.7 6481721574817792 36.7
22449200 3501447584 44.3 6628778621009920 37.6
23379600 3501448284 44.3 6628778767851520 37.6
23382000 3550961384 45.0 6768993343938560 38.4
25150400 3550962484 45.0 6768993375329560 38.4
25150700 3643509780 46.1 7030826829061400 39.9
26885800 3643510880 46.1 7030827013176600 39.9
26885900 3728682880 47.2 7271539159923992 41.2
28584200 3807742780 48.2 7494548773934744 42.5
30246100 3881259084 49.1 7700594478028440 43.7
31816500 3950206988 50.0 7893804325648024 44.8
33413900 4014793188 50.8 8075135898728088 45.8
33414400 4014794488 50.8 8075136034100888 45.8
34873800 4075343088 51.6 8243624547669656 46.7
34878400 4075343888 51.6 8243624638600856 46.7
36426700 4132492488 52.3 8403276357621400 47.6
36427000 4132494288 52.3 8403276509110008 47.6
37920700 4186469688 53.0 8553899519008504 48.5
39337100 4237845688 53.7 8696518253371128 49.3
39339800 4237845988 53.7 8696518267092728 49.3
41387500 4237846188 53.7 8696518273851128 49.3
41391700 4310365188 54.6 8897072375717624 50.4
43547300 4378185684 55.4 9083598644633336 51.5
43550800 4378186584 55.4 9083598745470736 51.5
45607500 4378186784 55.4 9083598755710736 51.5
45610000 4378187084 55.4 9083598769971636 51.5
45610100 4441624784 56.2 9257556051976628 52.5
47427600 4441625384 56.2 9257556166050228 52.5
47427700 4441625984 56.2 9257556251798228 52.5
47428100 4501003584 57.0 9420001847044820 53.4
49379500 4501003684 57.0 9420001847249620 53.4
49379600 4501004084 57.0 9420001868548820 53.4
49383200 4556917284 57.7 9572504094411476 54.3
51271200 4609942584 58.4 9717218554710740 55.1
51271400 4609943084 58.4 9717218588502740 55.1
53041800 4609943284 58.4 9717218588782440 55.1
53041900 4660503684 59.0 9853411290632040 55.9
53042300 4660503984 59.0 9853411358420840 55.9
55275500 4723461084 59.8 10023711828094824 56.8
55276700 4723461784 59.8 10023711852465524 56.8
55277600 4723461984 59.8 10023711865982324 56.8
57591700 4723465784 59.8 10023712336407924 56.8
57592600 4782415684 60.5 10182526654246260 57.7
57593300 4782416484 60.5 10182526844095860 57.7
57593400 4782416784 60.5 10182526870105460 57.7
59851600 4782417184 60.5 10182526899391860 57.7
59852300 4782417484 60.5 10182526952025460 57.7
59852500 4838059584 61.3 10332027163520372 58.6
59853000 4838067884 61.3 10332027730406772 58.6
61968500 4838068184 61.3 10332027750681972 58.6
61968900 4838068584 61.3 10332027785497972 58.6
61969200 4838068884 61.3 10332027812941172 58.6
61970100 4890388984 61.9 10471848199949684 59.4
64076900 4890389184 61.9 10471848206912884 59.4
64077100 4890389584 61.9 10471848321396084 59.4
64077500 4890389984 61.9 10471848584359284 59.4
64077700 4890390284 61.9 10471848661978484 59.4
64080100 4939792184 62.5 10603232240045428 60.1
66807300 4939792384 62.5 10603232253562228 60.1
66807900 4939793384 62.5 10603232757511412 60.1
66808000 4998166384 63.3 10758141154915572 61.0
66809800 4998166784 63.3 10758141927830772 61.0
66816600 4998166984 63.3 10758142012617972 61.0
69275200 4998167384 63.3 10758142028669372 61.0
69276100 4998167484 63.3 10758142028798372 61.0
69276300 4998167784 63.3 10758142063819172 61.0
69277300 5052944284 64.0 10902977672395172 61.8
69277900 5052945984 64.0 10902977898959572 61.8
71411600 5052946084 64.0 10902977901007572 61.8
71411800 5104442384 64.6 11038192145306324 62.6
71411900 5104442784 64.6 11038192157531224 62.6
73792300 5104442884 64.6 11038192157672424 62.6
73792500 5104443084 64.6 11038192159925224 62.6
73792700 5104443184 64.6 11038192179176424 62.6
73792800 5152779584 65.2 11164661299635176 63.3
73793500 5152779984 65.2 11164661326259176 63.3
73795200 5152780184 65.2 11164661366195176 63.3
76293500 5152780584 65.2 11164661590246376 63.3
76296300 5207655084 65.9 11306745936724968 64.1
76300500 5207655684 65.9 11306745978233068 64.1
76300600 5207655884 65.9 11306745980485868 64.1
79138300 5258766184 66.6 11438551606198508 64.8
79140500 5258766584 66.6 11438551674601708 64.8
79142500 5258767284 66.6 11438551761436908 64.8
79150700 5258767984 66.6 11438551861379308 64.8
79151000 5258768084 66.6 11438551871209708 64.8
81782000 5306878684 67.2 11562425833177324 65.6
81783100 5306878784 67.2 11562425833382124 65.6
81783300 5306879084 67.2 11562425847718124 65.6
81783700 5306879184 67.2 11562425861644524 65.6
81788000 5306879584 67.2 11562425907724524 65.6
84257600 5306879984 67.2 11562425965890024 65.6
84257700 5306880084 67.2 11562425966031724 65.6
84257800 5306880184 67.2 11562425979958124 65.6
84259900 5352107084 67.8 11678755915756396 66.2
84262800 5352107584 67.8 11678755996857196 66.2
86964400 5352107684 67.8 11678756003615596 66.2
86970500 5401821284 68.4 11805950671557484 66.9
86973000 5401821484 68.4 11805950685688684 66.9
86973100 5401821784 68.4 11805950713746284 66.9
86973500 5401821884 68.4 11805950727672684 66.9
89876900 5401823084 68.4 11805950777848684 66.9
89877000 5401823384 68.4 11805950833144684 66.9
89877400 5401823884 68.4 11805950904210284 66.9
89878700 5401824384 68.4 11805950925036284 66.9
89879000 5401824684 68.4 11805950975396884 66.9
89879300 5401825084 68.4 11805951045028884 66.9
89880300 5448209184 69.0 11923818587507732 67.6
91701700 5448209284 69.0 11923818599590932 67.6
91701800 5448209384 69.0 11923818602253332 67.6
91701900 5491876984 69.5 12034946837728276 68.2
91702100 5491877084 69.5 12034946839776276 68.2
91702200 5491877384 69.5 12034946945657876 68.2
91702500 5491877484 69.5 12034946945799076 68.2
95225600 5538550484 70.1 12152526163432356 68.9
95225900 5538550884 70.1 12152526208488356 68.9
95226300 5538550984 70.1 12152526215246756 68.9
95226500 5538551184 70.1 12152526241181456 68.9
95226700 5538551384 70.1 12152526254698256 68.9
95226800 5538551484 70.1 12152526261456656 68.9
95228500 5538552184 70.1 12152526461546256 68.9
98219300 5538552384 70.1 12152526478749456 68.9
98219400 5538552584 70.1 12152526480929156 68.9
98219700 5538553184 70.1 12152526545645956 68.9
98220000 5538553484 70.1 12152526570974656 68.9
98220200 5538553684 70.1 12152526601899456 68.9
98221000 5582387984 70.7 12262564259614144 69.5
98221100 5582388384 70.7 12262564285214144 69.5
98222500 5582388584 70.7 12262564292177344 69.5
98237500 5582388784 70.7 12262564300983744 69.5
100462000 5628682584 71.3 12378487515123136 70.2
100468200 5628682684 71.3 12378487517171136 70.2
100468600 5628682984 71.3 12378487531711936 70.2
100473600 5628683484 71.3 12378487578815936 70.2
103307000 5628683784 71.3 12378487599091136 70.2
103307200 5628684184 71.3 12378487609256536 70.2
103308100 5628684484 71.3 12378487619701336 70.2
103308300 5628684884 71.3 12378487662299736 70.2
103308400 5628684984 71.3 12378487662504536 70.2
103316700 5671935984 71.8 12486364700011096 70.8
106292300 5671936384 71.8 12486364766161496 70.8
106292500 5716406284 72.4 12596861893102168 71.4
106292600 5716406384 72.4 12596861893306968 71.4
106292900 5716406584 72.4 12596861895559768 71.4
106294300 5716406884 72.4 12596861912967768 71.4
106294500 5716407084 72.4 12596861925870168 71.4
109521600 5758289384 72.9 12700523117431384 72.0
109521700 5758289884 72.9 12700523146642684 72.0
109522200 5758290284 72.9 12700523177977084 72.0
109530000 5758290384 72.9 12700523178181884 72.0
111905600 5758290784 72.9 12700523183496284 72.0
111905800 5758291384 72.9 12700523380513884 72.0
111906800 5758291684 72.9 12700523400174684 72.0
111907000 5801128584 73.4 12805397039193180 72.6
111907700 5801128984 73.4 12805397102885980 72.6
114970100 5801129184 73.4 12805397111692380 72.6
114971100 5841004284 74.0 12903330477825116 73.2
114973400 5841004384 74.0 12903330491751516 73.2
114973700 5841004484 74.0 12903330494413916 73.2
114973800 5841004584 74.0 12903330503425116 73.2
114980300 5841004784 74.0 12903330543975516 73.2
117939500 5841004884 74.0 12903330550733916 73.2
117940400 5881329384 74.5 13001856815291484 73.7
117941200 5881329584 74.5 13001856819117184 73.7
117947100 5881329884 74.5 13001857039279488 73.7
117950200 5881330384 74.5 13001857088358688 73.7
120780000 5881331084 74.5 13001857315891488 73.7
120782900 5919217584 74.9 13094247582132512 74.2
120783400 5919218284 74.9 13094247640017612 74.2
120790000 5919218984 74.9 13094247794846412 74.2
120791000 5919219284 74.9 13094247851910512 74.2
120809700 5919219784 74.9 13094247947756912 74.2
123386200 5919220284 74.9 13094247970221512 74.2
123387400 5919220484 74.9 13094247980051912 74.2
123400500 5957655884 75.4 13187233292201416 74.8
126962000 5957656084 75.4 13187233302031816 74.8
126962200 5957656684 75.4 13187233328590316 74.8
126962600 5957657084 75.4 13187233434062316 74.8
126969400 5993460884 75.9 13273743898463724 75.3
126969800 5993461384 75.9 13273744002297324 75.3
128662400 5993461484 75.9 13273744002504424 75.3
128662700 5993461784 75.9 13273744104290024 75.3
128665500 5993462184 75.9 13273744145659624 75.3
128665700 5993462884 75.9 13273744172693224 75.3
128668500 6029241684 76.3 13359861773416168 75.7
128668900 6029242284 76.3 13359861811508968 75.7
128669300 6029242984 76.3 13359861842228968 75.7
131728100 6065258884 76.8 13446395442411240 76.2
131732300 6065259484 76.8 13446395686532840 76.2
131732900 6065260084 76.8 13446395711455340 76.2
131736500 6065260784 76.8 13446395754195040 76.2
131751800 6065261084 76.8 13446395768735840 76.2
131772100 6065261384 76.8 13446395786758240 76.2
134121100 6065261684 76.8 13446395807033440 76.2
134125600 6065261884 76.8 13446395827308640 76.2
134126000 6065262084 76.8 13446395834208240 76.2
134127000 6065262384 76.8 13446395850723740 76.2
134140800 6065262784 76.8 13446395875504540 76.2
134165700 6101030984 77.2 13532079751639452 76.7
134168300 6101031384 77.2 13532079770685852 76.7
137102800 6101031684 77.2 13532079787815252 76.7
137105700 6101032084 77.2 13532079832256852 76.7
137109400 6101032284 77.2 13532079876084052 76.7
137112500 6101032384 77.2 13532079890010452 76.7
137112600 6134330584 77.7 13611390294724948 77.2
139855400 6134330884 77.7 13611390295410348 77.2
139858200 6167548284 78.1 13690121936504492 77.6
139862500 6167548384 78.1 13690121943262892 77.6
139869400 6167548484 78.1 13690121945310892 77.6
139869500 6167548584 78.1 13690121952069292 77.6
139869700 6167548784 78.1 13690121973778092 77.6
139889600 6167548884 78.1 13690121980536492 77.6
141742200 6167549184 78.1 13690122009003692 77.6
141743000 6200631084 78.5 13768127372805804 78.1
141748400 6200631184 78.5 13768127374853804 78.1
141748800 6200631884 78.5 13768127427081004 78.1
141753600 6200632484 78.5 13768127462035304 78.1
141789100 6200633384 78.5 13768127671750504 78.1
143915900 6200633784 78.5 13768127692230504 78.1
143917500 6200633984 78.5 13768127701036904 78.1
143921700 6200634384 78.5 13768127734560504 78.1
143928800 6200634584 78.5 13768127743366904 78.1
143930900 6233352484 78.9 13845508499805944 78.5
143931900 6233352784 78.9 13845508508817144 78.5
143936300 6233353484 78.9 13845508571076344 78.5
143974900 6233353684 78.9 13845508596676344 78.5
145584200 6233354884 78.9 13845508852881144 78.5
145590000 6265586484 79.3 13921598359279352 78.9
145591200 6265587284 79.3 13921598408636152 78.9
145591700 6265587584 79.3 13921598428643652 78.9
145592000 6265588084 79.3 13921598453629252 78.9
145592300 6265588384 79.3 13921598468579652 78.9
145593300 6265589384 79.3 13921598573578452 78.9
149301900 6265589584 79.3 13921598587095252 78.9
149304700 6265589884 79.3 13921598599588052 78.9
149316200 6297683784 79.7 13997032225892564 79.4
149317600 6297684084 79.7 13997032255793364 79.4
149317700 6297684584 79.7 13997032267057364 79.4
149318600 6297684884 79.7 13997032275175564 79.4
151397300 6297685184 79.7 13997032351361164 79.4
151402100 6297685584 79.7 13997032355319864 79.4
151402400 6297686384 79.7 13997032461815864 79.4
151410200 6297687384 79.7 13997032578690168 79.4
151413600 6297687584 79.7 13997032593640568 79.4
151417500 6297687884 79.7 13997032616168568 79.4
151419600 6329329884 80.1 14071807644470392 79.8
153349900 6329330284 80.1 14071807771855992 79.8
153357500 6329330484 80.1 14071807778819192 79.8
153358400 6329331284 80.1 14071807799232892 79.8
153363000 6329331884 80.1 14071807818688892 79.8
153363100 6329331984 80.1 14071807825037692 79.8
153363200 6360789184 80.5 14145302441380220 80.2
153367000 6360789384 80.5 14145302484183420 80.2
153371300 6360789584 80.5 14145302610954620 80.2
155742100 6360789984 80.5 14145302753625020 80.2
155745500 6360790184 80.5 14145302801485020 80.2
155747600 6360790784 80.5 14145302878285020 80.2
155751100 6360791184 80.5 14145302894056920 80.2
155754100 6391769784 80.9 14218443083322840 80.6
157949400 6391770384 80.9 14218443088217840 80.6
157957800 6391770684 80.9 14218443101866140 80.6
157960500 6391771284 80.9 14218443151222940 80.6
157961000 6391771684 80.9 14218443160848540 80.6
157962200 6422597084 81.3 14290781055256732 81.0
157962300 6422597684 81.3 14290781137586332 81.0
161073400 6422597984 81.3 14290781190219932 81.0
161077500 6422598084 81.3 14290781192267932 81.0
161077700 6454350984 81.7 14365183044954268 81.4
161077800 6454351484 81.7 14365183053351068 81.4
161078500 6454351784 81.7 14365183063591068 81.4
161110100 6454352484 81.7 14365183093008568 81.4
164769100 6454352784 81.7 14365183119222968 81.4
164773000 6454353784 81.7 14365183197661368 81.4
164773400 6454354584 81.7 14365183353718968 81.4
164782700 6454354984 81.7 14365183383210168 81.4
164807100 6454355584 81.7 14365183753898168 81.4
164815400 6454356184 81.7 14365183998560472 81.4
164816000 6485750984 82.1 14438585501354200 81.9
168774100 6485751884 82.1 14438585587350000 81.9
168774400 6516934384 82.5 14511890738592240 82.3
168774800 6516934984 82.5 14511890788153840 82.3
168781800 6516935884 82.5 14511890989472240 82.3
168782100 6516936384 82.5 14511891039994240 82.3
168802500 6516937084 82.5 14511891092423040 82.3
171865800 6516937884 82.5 14511891141511640 82.3
171866000 6516938684 82.5 14511891238520344 82.3
171866100 6516938984 82.5 14511891261255444 82.3
171869100 6516939884 82.5 14511891312045844 82.3
171877500 6516940384 82.5 14511891345633044 82.3
171878300 6516940684 82.5 14511891362979444 82.3
171879400 6548655684 82.9 14586326241615476 82.7
176811600 6548656184 82.9 14586326299100876 82.7
176814600 6548656884 82.9 14586326355824176 82.7
176814800 6579884284 83.3 14659715938405936 83.1
176817200 6579884584 83.3 14659715973836336 83.1
176825400 6579885084 83.3 14659716083330640 83.1
176829400 6579885284 83.3 14659716110159440 83.1
176853600 6579885484 83.3 14659716114869840 83.1
176872600 6579885584 83.3 14659716121628240 83.1
181060600 6611806584 83.7 14734193027190352 83.5
181072000 6611807684 83.7 14734193123630952 83.5
181072400 6611807984 83.7 14734193136328552 83.5
181074100 6611808584 83.7 14734193247944552 83.5
181075200 6611809184 83.7 14734194613550952 83.5
181076000 6611809484 83.7 14734194628501352 83.5
181113900 6611810084 83.7 14734194658327052 83.5
186794800 6611810184 83.7 14734194660375052 83.5
186794900 6611810484 83.7 14734194705635852 83.5
186795300 6611810584 83.7 14734194707683852 83.5
186799100 6611810984 83.7 14734194722634252 83.5
186803700 6611811184 83.7 14734194773629452 83.5
186813800 6611811784 83.7 14734194791039752 83.5
186816000 6644038384 84.1 14809702413255432 84.0
186816400 6644038784 84.1 14809702445409032 84.0
191601600 6644038884 84.1 14809702452167432 84.0
191601900 6675778684 84.5 14883857117741832 84.4
191615900 6675779684 84.5 14883857164231432 84.4
191618400 6675780084 84.5 14883857181434632 84.4
191618500 6675780284 84.5 14883857192836932 84.4
191618800 6675780484 84.5 14883857203896132 84.4
191619200 6675780984 84.5 14883857221687732 84.4
197141600 6675781284 84.5 14883857233975732 84.4
197143100 6707631684 84.9 14958303831497140 84.8
197143800 6707631984 84.9 14958303841519640 84.8
197148100 6707632184 84.9 14958303872649240 84.8
197154500 6707632584 84.9 14958303881801640 84.8
197158500 6707632884 84.9 14958303892656040 84.8
197164100 6707633884 84.9 14958303946649540 84.8
204038600 6707634884 84.9 14958303963422240 84.8
204047200 6707635384 84.9 14958304001656440 84.8
204050400 6707635984 84.9 14958304011832840 84.8
204052200 6707636184 84.9 14958304015519240 84.8
204056100 6707636484 84.9 14958304053816840 84.8
204058100 6739576384 85.3 15033294870670856 85.2
204064100 6739577084 85.3 15033294929182756 85.2
210732100 6771454284 85.7 15108551715242020 85.7
210736000 6771454384 85.7 15108551722000420 85.7
210737900 6771454984 85.7 15108551765213220 85.7
210738100 6771455184 85.7 15108551776615520 85.7
210738800 6771455384 85.7 15108551780711520 85.7
210738900 6771456184 85.7 15108551820176320 85.7
210739100 6771456384 85.7 15108551820510520 85.7
210739900 6771456584 85.7 15108551822689520 85.7
218285300 6803420584 86.1 15183706192233712 86.1
218286500 6803420984 86.1 15183706217039912 86.1
218287400 6803421384 86.1 15183706222979112 86.1
218293300 6803421784 86.1 15183706245097512 86.1
218293900 6803422484 86.1 15183706300183012 86.1
218299500 6803422984 86.1 15183706328035812 86.1
218308300 6803423684 86.1 15183707671859300 86.1
224342000 6803423984 86.1 15183707759247604 86.1
224342100 6803424084 86.1 15183707770306804 86.1
224347600 6803424284 86.1 15183707770640904 86.1
224347700 6803425084 86.1 15183707804776004 86.1
224348700 6836320284 86.6 15261272833766980 86.5
224354000 6836320984 86.6 15261272868930280 86.5
224354300 6836321284 86.6 15261272873231080 86.5
232156500 6836322084 86.6 15261272895539580 86.5
232177600 6836322584 86.6 15261273007565180 86.5
232178200 6869662784 87.0 15339443819882876 87.0
232192500 6869662984 87.0 15339443832107476 87.0
232192600 6869663284 87.0 15339443952939476 87.0
232193000 6869663684 87.0 15339443981816276 87.0
232222700 6869663884 87.0 15339444202385876 87.0
239917900 6869664184 87.0 15339444204695276 87.0
239918100 6869665284 87.0 15339444314407076 87.0
239920800 6903947584 87.4 15420308532592804 87.4
239936200 6903947984 87.4 15420308590551204 87.4
239937100 6903948684 87.4 15420308687831204 87.4
239957000 6903949084 87.4 15420308740126904 87.4
239959000 6903949284 87.4 15420308753643704 87.4
239960300 6903950084 87.4 15420308801337704 87.4
239978000 6903950184 87.4 15420308820588904 87.4
248585500 6903950384 87.4 15420308886124904 87.4
248587200 6903951384 87.4 15420308937659404 87.4
248600900 6903951484 87.4 15420308944417804 87.4
248617100 6903951584 87.4 15420308944609904 87.4
248617300 6903952184 87.4 15420309104290304 87.4
248618200 6903952484 87.4 15420309108591104 87.4
248642800 6903952984 87.4 15420309128251904 87.4
248644000 6939046484 87.9 15503852625889792 87.9
257423400 6939047284 87.9 15503853086571776 87.9
257434700 6975226884 88.3 15589705330457856 88.4
257451100 6975227084 88.3 15589705344525956 88.4
257451500 6975227384 88.3 15589705346919956 88.4
257451700 6975227584 88.3 15589705361051156 88.4
257451800 6975228384 88.3 15589705568718356 88.4
266993100 7012768784 88.8 15679296791350804 88.9
267014000 7012769384 88.8 15679296825476604 88.9
267026700 7012769584 88.8 15679296849028604 88.9
267027100 7012770384 88.8 15679296998327804 88.9
267028100 7012771184 88.8 15679297114039804 88.9
267043000 7012773084 88.8 15679297534289404 88.9
267061300 7012773584 88.8 15679297573201404 88.9
267064100 7012774284 88.8 15679297737035612 88.9
278695500 7012775084 88.8 15679297799018312 88.9
278695600 7012775784 88.8 15679297889951816 88.9
278696000 7012776384 88.8 15679297953849416 88.9
278698700 7012776984 88.8 15679298016455016 88.9
278704600 7012778084 88.8 15679298187872616 88.9
278710900 7012778684 88.8 15679298309859720 88.9
278716400 7012779284 88.8 15679298319285720 88.9
278728400 7051252984 89.3 15771199068306904 89.4
289392100 7051253584 89.3 15771199387515896 89.4
289399000 7089494284 89.8 15862291910933496 89.9
289400600 7089494384 89.8 15862291911075396 89.9
289400800 7089494984 89.8 15862291992176196 89.9
289407000 7089495784 89.8 15862292157589188 89.9
289457200 7089496384 89.8 15862292173642588 89.9
289457400 7089496984 89.8 15862292272356188 89.9
298961700 7089497184 89.8 15862292272693288 89.9
298962400 7089497484 89.8 15862292296376388 89.9
298963100 7089498184 89.8 15862292411473988 89.9
298970300 7126678284 90.2 15950065604649028 90.4
298970400 7126678384 90.2 15950065604853828 90.4
298976800 7126678684 90.2 15950065608681628 90.4
298980400 7126678984 90.2 15950065611126528 90.4
298985300 7126679484 90.2 15950065669419428 90.4
299023600 7126680184 90.2 15950065685675028 90.4
306469700 7126680484 90.2 15950065711479828 90.4
306486300 7126681284 90.2 15950065773871428 90.4
306494000 7159810584 90.6 16028101403771204 90.9
306517600 7159811184 90.6 16028101423764704 90.9
306552200 7159811384 90.6 16028101430654804 90.9
306556000 7159812184 90.6 16028101505202004 90.9
313873100 7159812584 90.6 16028101519118904 90.9
313873400 7188633084 91.0 16094962365534776 91.2
313917200 7188633484 91.0 16094962385605176 91.2
313917500 7188633584 91.0 16094962396254776 91.2
313919000 7188633684 91.0 16094962396384476 91.2
313919500 7188633984 91.0 16094962405805276 91.2
313919800 7188634684 91.0 16094962442259676 91.2
322670200 7188634884 91.0 16094962454752476 91.2
322671200 7188635284 91.0 16094962473122276 91.2
322683600 7188638984 91.0 16094962784149860 91.2
322687700 7213325584 91.3 16150915416072548 91.6
322692100 7213325784 91.3 16150915423854948 91.6
322693800 7213326484 91.3 16150915520866548 91.6
328659100 7213326884 91.3 16150915530767148 91.6
328659400 7213327184 91.3 16150915546741548 91.6
328671900 7213328284 91.3 16150915689348444 91.6
328681700 7213328784 91.3 16150915693855844 91.6
328682700 7234356584 91.6 16197727892980836 91.8
328683000 7234356884 91.6 16197727900421836 91.8
336138400 7252334384 91.8 16236943837515468 92.1
336138900 7252334584 91.8 16236943837798468 92.1
336139100 7252334784 91.8 16236943840051268 92.1
336149800 7252335184 91.8 16236943849129568 92.1
336165100 7252336084 91.8 16236943900124768 92.1
336165600 7252336584 91.8 16236943927501468 92.1
342638300 7252336884 91.8 16236943937127068 92.1
342642100 7252337184 91.8 16236943946138268 92.1
342673700 7252337784 91.8 16236943967577068 92.1
342685700 7268264684 92.0 16270765442524140 92.2
342733700 7268265584 92.0 16270765501903440 92.2
342742500 7268266684 92.0 16270765549678540 92.2
346197400 7268266884 92.0 16270765569134540 92.2
346230300 7268267384 92.0 16270765629550540 92.2
346232000 7283082284 92.2 16301778053279692 92.4
346232500 7283082484 92.2 16301778053689292 92.4
346254100 7283082884 92.2 16301778069328992 92.4
346255100 7283083284 92.2 16301778082918692 92.4
355280800 7283083784 92.2 16301778205389092 92.4
355293800 7283083984 92.2 16301778207641892 92.4
355295300 7283085284 92.2 16301778267478992 92.4
355318500 7297744884 92.4 16332390288268240 92.6
355323200 7297745284 92.4 16332390383090640 92.6
355328800 7297745884 92.4 16332390459276240 92.6
355329000 7297746284 92.4 16332390463718740 92.6
361186200 7312733584 92.6 16363717074371924 92.8
361199300 7312733784 92.6 16363717085777124 92.8
361199600 7312734784 92.6 16363717277608228 92.8
361249800 7312735184 92.6 16363717300136228 92.8
361250800 7312735684 92.6 16363717315496228 92.8
361251500 7312737384 92.6 16363717467117732 92.8
366135600 7312737984 92.6 16363717504391332 92.8
366136300 7312738384 92.6 16363717523416932 92.8
366139300 7312738784 92.6 16363717544703032 92.8
366140300 7328662584 92.8 16398374959117368 93.0
366154100 7328663284 92.8 16398375088067864 93.0
366160300 7328663684 92.8 16398375138170264 93.0
366174300 7328663884 92.8 16398375142266264 93.0
366174900 7328664284 92.8 16398375168071064 93.0
366209300 7328664684 92.8 16398375178311064 93.0
373074800 7346284684 93.0 16437037723129240 93.2
373075000 7346284984 93.0 16437037737874840 93.2
373075100 7346285284 93.0 16437037940012440 93.2
373075200 7346285484 93.0 16437037944108440 93.2
373076500 7346285784 93.0 16437037956392140 93.2
373077700 7346286684 93.0 16437038042959244 93.2
373077800 7346287384 93.0 16437038143516044 93.2
373115200 7346287784 93.0 16437038159900044 93.2
373166400 7346288484 93.0 16437038182764344 93.2
380269000 7346288884 93.0 16437038206316344 93.2
380278000 7366839284 93.3 16483064308985656 93.4
380283900 7366840084 93.3 16483064417529656 93.4
380310100 7366840884 93.3 16483064443680856 93.4
380312000 7366841784 93.3 16483064476671456 93.4
380312900 7366841984 93.3 16483064528690656 93.4
380319400 7366842684 93.3 16483064600502256 93.4
394516900 7366843684 93.3 16483064695324656 93.4
394541700 7366844384 93.3 16483064825167856 93.4
394542600 7366844884 93.3 16483064836766956 93.4
394550000 7366845884 93.3 16483064907348356 93.4
394552800 7390730684 93.6 16538438498826628 93.8
394553100 7390731584 93.6 16538438520398528 93.8
394588200 7390732084 93.6 16538438585936828 93.8
394599000 7390733884 93.6 16538438761590028 93.8
407291500 7390734084 93.6 16538438768553228 93.8
407292200 7390734484 93.6 16538438828349028 93.8
407317700 7390734584 93.6 16538438830397028 93.8
407319600 7390735084 93.6 16538438872585828 93.8
407321000 7416185884 93.9 16597989781132900 94.1
407348500 7416186184 93.9 16597989790694300 94.1
407348700 7416186684 93.9 16597989814860700 94.1
407349200 7416187084 93.9 16597989847628700 94.1
419534400 7416187484 93.9 16597989858687900 94.1
419534700 7416188084 93.9 16597989874319000 94.1
419585500 7437774284 94.2 16647113155919512 94.4
419597900 7437774984 94.2 16647113203228312 94.4
419620200 7437775284 94.2 16647113218178712 94.4
419621000 7437775584 94.2 16647113223896712 94.4
430468200 7437776984 94.2 16647113291139416 94.4
430512500 7437777484 94.2 16647113306014716 94.4
430566100 7437777884 94.2 16647113351138716 94.4
430575000 7453960284 94.4 16682945042746780 94.6
430576100 7453960984 94.4 16682945064802080 94.6
430583000 7453961284 94.4 16682945090197280 94.6
430606200 7453961684 94.4 16682945096546080 94.6
430606300 7453962584 94.4 16682945268373280 94.6
433882300 7466487184 94.5 16709082283464480 94.7
433899800 7466487984 94.5 16709082554005280 94.7
433904200 7466488384 94.5 16709082582267680 94.7
433907100 7466488684 94.5 16709082661934880 94.7
433909400 7466489384 94.5 16709082687125280 94.7
433956900 7466489984 94.5 16709082713535280 94.7
433957400 7466490384 94.5 16709082714146480 94.7
433969900 7466490784 94.5 16709082736469680 94.7
443126400 7466491584 94.5 16709082767048480 94.7
443153100 7466491984 94.5 16709082788142880 94.7
443153700 7466492384 94.5 16709082808827680 94.7
443153900 7466492484 94.5 16709082822139680 94.7
443154700 7477269284 94.7 16731381801606944 94.9
443156200 7477269784 94.7 16731381806317344 94.9
445956800 7477269884 94.7 16731381815123744 94.9
445957400 7477270484 94.7 16731381829660044 94.9
445994300 7477271184 94.7 16731381864885644 94.9
446009700 7477271884 94.7 16731381926120844 94.9
446053800 7488012984 94.8 16753686096039308 95.0
446066900 7488013584 94.8 16753686191758708 95.0
446067200 7488013884 94.8 16753686205275508 95.0
453838600 7488014084 94.8 16753686212175108 95.0
453885100 7488014184 94.8 16753686214223108 95.0
453886100 7488014684 94.8 16753686245276508 95.0
453887600 7500010484 95.0 16779076714101596 95.1
453887900 7500011384 95.0 16779076804345692 95.1
453888400 7500011984 95.0 16779076848851092 95.1
453889300 7500012484 95.0 16779077003065492 95.1
453947400 7500013084 95.0 16779077021013392 95.1
463720700 7500019484 95.0 16779079666953104 95.1
463749200 7515055884 95.1 16812245909826448 95.3
463751300 7515056384 95.1 16812245924842048 95.3
463754000 7515057584 95.1 16812246350621248 95.3
463756400 7515058784 95.1 16812246423325248 95.3
463764200 7515059584 95.1 16812246739465856 95.3
463837900 7515060184 95.1 16812246966793856 95.3
463863500 7515060584 95.1 16812246989102156 95.3
479158300 7515061284 95.1 16812251461449804 95.3
479164300 7515061684 95.1 16812251463443704 95.3
479200800 7533826884 95.4 16855020953298168 95.6
479211000 7533827384 95.4 16855020962572968 95.6
479226700 7533828084 95.4 16855021006604968 95.6
479227600 7533829084 95.4 16855021135290568 95.6
479282100 7533829884 95.4 16855021190381768 95.6
479285300 7533830584 95.4 16855021297829864 95.6
493136100 7533830984 95.4 16855021358041064 95.6
493136600 7533831584 95.4 16855021389299664 95.6
493137200 7533832484 95.4 16855021535871264 95.6
493209800 7550380084 95.6 16892229059854624 95.8
493211200 7550380184 95.6 16892229061902624 95.8
493212000 7550381084 95.6 16892229158363424 95.8
493212800 7550381684 95.6 16892229166820124 95.8
501635000 7550383184 95.6 16892229267034724 95.8
501635400 7550383684 95.6 16892239263259236 95.8
501636800 7550383984 95.6 16892239292340836 95.8
501648800 7550384684 95.6 16892239335758436 95.8
501673800 7561229384 95.7 16914764363045476 95.9
501759500 7561229984 95.7 16914764403780476 95.9
501767800 7561230884 95.7 16914764643806076 95.9
507880400 7561231984 95.7 16914764743599772 95.9
507883100 7561232284 95.7 16914764744036372 95.9
507884200 7561232884 95.7 16914764824522772 95.9
507895600 7561233784 95.7 16914764955317572 95.9
507951700 7569513984 95.8 16931430037648708 96.0
507953400 7569514284 95.8 16931430040019008 96.0
507975000 7569515084 95.8 16931430119891008 96.0
508005100 7569515884 95.8 16931430159342208 96.0
511882400 7569516884 95.8 16931430265772608 96.0
511901400 7569517784 95.8 16931430320183808 96.0
511945900 7569518284 95.8 16931430348855808 96.0
511956800 7577830584 95.9 16948346263149056 96.1
511957500 7577830884 95.9 16948346272301656 96.1
511959200 7577831284 95.9 16948346287791656 96.1
511959600 7577831484 95.9 16948346291887656 96.1
524708400 7588296184 96.1 16970859002601000 96.2
524711200 7588296584 96.1 16970859010115500 96.2
524712800 7588297484 96.1 16970859056392800 96.2
524754500 7588298084 96.1 16970859123299200 96.2
524772800 7588298684 96.1 16970859140643600 96.2
524774100 7588299484 96.1 16970859246604200 96.2
524776200 7588300784 96.1 16970859380544400 96.2
524781800 7588301284 96.1 16970859402308500 96.2
524818300 7588301584 96.1 16970859422583700 96.2
540069900 7588302884 96.1 16970859454815400 96.2
540072100 7588302984 96.1 16970859456863400 96.2
540072900 7588304384 96.1 16970859540217000 96.2
540090200 7588304784 96.1 16970859571141800 96.2
540091100 7588304884 96.1 16970859577900200 96.2
540092600 7588305084 96.1 16970859584843200 96.2
540093700 7588305384 96.1 16970859590299500 96.2
540097400 7602144984 96.2 17002063580475244 96.4
553497000 7602145584 96.2 17002063774420844 96.4
553511700 7602146284 96.2 17002063798933044 96.4
553540700 7602146484 96.2 17002063799271044 96.4
553542200 7613176184 96.4 17026101135294084 96.5
553548400 7613176584 96.4 17026101156798084 96.5
553623900 7613177084 96.4 17026101213322884 96.5
559914000 7613177884 96.4 17026101392448980 96.5
559914500 7613178784 96.4 17026101406709080 96.5
559973300 7613179884 96.4 17026101440351480 96.5
559974500 7619882784 96.5 17039621273881848 96.6
559975000 7619882984 96.5 17039621288013048 96.6
560048000 7619884484 96.5 17039621906918648 96.6
560049000 7619884984 96.5 17039621907762448 96.6
567376800 7619885084 96.5 17039621911244048 96.6
567385700 7619885684 96.5 17039621951794448 96.6
567403900 7619885884 96.5 17039621964492048 96.6
567408200 7619886384 96.5 17039621973774048 96.6
567410700 7619886784 96.5 17039621991386848 96.6
567427100 7626228584 96.6 17052382365437664 96.7
567427300 7626229084 96.6 17052382377652364 96.7
567468200 7626229884 96.6 17052382506061964 96.7
580021800 7626230184 96.6 17052382518964364 96.7
580029900 7626230884 96.6 17052382565044364 96.7
580067800 7626231484 96.6 17052382605185164 96.7
580072000 7626232084 96.6 17052382653576964 96.7
580102300 7626243984 96.6 17052383322658564 96.7
580106000 7634617184 96.7 17070229278775044 96.8
596964200 7634617584 96.7 17070229295085444 96.8
596964500 7634619484 96.7 17070229534565044 96.8
597038700 7634620384 96.7 17070229779096244 96.8
597052400 7634620484 96.7 17070229785854644 96.8
597077700 7634621084 96.7 17070229817803444 96.8
597079100 7644706484 96.8 17091994661044916 96.9
597119700 7644706984 96.8 17091994706100916 96.9
607453600 7644707684 96.8 17091994874241716 96.9
607463700 7644707984 96.8 17091994894516916 96.9
607480200 7644708084 96.8 17091994897179316 96.9
607549900 7650543084 96.9 17103588136936116 97.0
607550000 7650544284 96.9 17103588255171516 97.0
607551000 7650544884 96.9 17103588296923816 97.0
613881800 7650545484 96.9 17103588321068216 97.0
613882700 7650546084 96.9 17103588367699316 97.0
613883800 7650546184 96.9 17103588369747316 97.0
613893100 7655275384 96.9 17112805880221044 97.0
628819800 7655275584 96.9 17112806022352244 97.0
628820000 7655276084 96.9 17112806040721144 97.0
628863100 7661982984 97.0 17127003349767928 97.1
628883800 7661983484 97.0 17127003389089528 97.1
628932600 7661983684 97.0 17127003403220728 97.1
637001900 7668728784 97.1 17141180209460984 97.2
637011800 7668729084 97.1 17141180267419384 97.2
637121500 7668730784 97.1 17141180460814584 97.2
637122800 7668730984 97.1 17141180461085484 97.2
637123000 7668731484 97.1 17141180476574984 97.2
654187800 7672647284 97.1 17148606534798600 97.2
654214900 7672648384 97.1 17148606587062700 97.2
654242600 7672648784 97.1 17148606609181100 97.2
654243800 7672649084 97.1 17148606712605100 97.2
654313100 7672649284 97.1 17148606725507500 97.2
659684400 7677335684 97.2 17157942717729196 97.3
659684700 7677336284 97.2 17157942741823196 97.3
659699800 7677337684 97.2 17157942786930296 97.3
659700700 7677337784 97.2 17157942810277496 97.3
659711800 7677338084 97.2 17157942822565496 97.3
659767300 7677338284 97.2 17157942841611896 97.3
684919900 7683391184 97.3 17170942030943864 97.3
684941900 7683391484 97.3 17170942062483064 97.3
684991600 7683392084 97.3 17170942144188760 97.3
690012200 7683392284 97.3 17170942167126360 97.3
690014300 7683392784 97.3 17170942215049560 97.3
690016100 7686766884 97.3 17177277341094232 97.4
690016600 7686767684 97.3 17177277379258432 97.4
690018400 7686769284 97.3 17177277439674432 97.4
690076200 7686769684 97.3 17177277535520832 97.4
690078000 7686769984 97.3 17177277562964032 97.4
690079000 7686770084 97.3 17177277563103132 97.4
702984700 7691275684 97.4 17186562487576476 97.4
702986000 7691275984 97.4 17186562493720476 97.4
702995800 7691276684 97.4 17186562637899676 97.4
703020700 7691277784 97.4 17186562732235876 97.4
703027900 7691277884 97.4 17186562738994276 97.4
722480000 7695333484 97.4 17194909353098340 97.5
722492800 7695333684 97.4 17194909387299940 97.5
722495600 7695333984 97.4 17194909392961040 97.5
722519000 7695334184 97.4 17194909406887440 97.5
722519400 7695335484 97.4 17194909496929240 97.5
730062400 7698070684 97.5 17200211496692696 97.5
730063500 7698072384 97.5 17200211595322600 97.5
745504600 7698073184 97.5 17200211655943400 97.5
745505600 7698073984 97.5 17200211664761200 97.5
745538800 7701784384 97.5 17207987132625264 97.6
745558000 7701784484 97.5 17207987206148464 97.6
760495700 7701785784 97.5 17207987428151664 97.6
760545200 7703712184 97.5 17211493668114800 97.6
760574100 7703712484 97.5 17211493685113200 97.6
760576600 7703714084 97.5 17211493771746400 97.6
774461500 7706489284 97.6 17217310899149920 97.6
774463000 7706489884 97.6 17217310934375520 97.6
781271800 7706490584 97.6 17217310970215520 97.6
781272600 7706491784 97.6 17217310995674620 97.6
781286700 7707892784 97.6 17219876191106556 97.6
798261600 7709794684 97.6 17223881368172028 97.6
798263300 7709795184 97.6 17223881397663228 97.6
808230100 7710767784 97.6 17225815568053756 97.7
827455400 7711802084 97.6 17227960475481596 97.7
827457400 7711802484 97.6 17227960496717396 97.7
839584300 7712456284 97.6 17229311597379156 97.7
839645700 7712456484 97.6 17229311604547156 97.7
839647500 7712457084 97.6 17229311636556256 97.7
850147100 7712698584 97.6 17229795356625376 97.7
860679400 7712787284 97.6 17229976739793376 97.7