# 17362817024 41697595503935488 950340 370129700 813927300405700 0 0
0 3464308224 20.0 3205194238132224 7.7
3258700 5697572864 32.8 8604894231527424 20.6
5881000 6764980992 39.0 11728922446135296 28.1
8219200 7479507840 43.1 13939146573742080 33.4
10352000 8014170752 46.2 15629601678032896 37.5
12340400 8440688352 48.6 16988568387846144 40.7
14202600 8795471552 50.7 18119671647567872 43.5
15980200 9098312448 52.4 19081232214130688 45.8
17669100 9362475648 53.9 19914764436111360 47.8
19274900 9595933056 55.3 20649297863245824 49.5
20819500 9805036752 56.5 21302853305892864 51.1
22347600 9994081648 57.6 21890659375906816 52.5
23797300 10166651136 58.6 22424413685153792 53.8
25222500 10325222928 59.5 22911351642914816 54.9
26578300 10471762240 60.3 23359163925004288 56.0
27949700 10607173040 61.1 23771590776848384 57.0
29291200 10732606848 61.8 24154327459299328 57.9
30594500 10849115744 62.5 24507604457750528 58.8
31858300 10958330648 63.1 24836956609314816 59.6
33103900 11060804952 63.7 25145421831602176 60.3
34315500 11157710248 64.3 25436785601413120 61.0
34316600 11157737748 64.3 25436796022256640 61.0
36602300 11336026948 65.3 25969085479220224 62.3
36602400 11336027348 65.3 25969085553153024 62.3
38844900 11336052648 65.3 25969094146561024 62.3
38845800 11497645656 66.2 26447345969173504 63.4
41035700 11644312456 67.1 26878564007580672 64.5
41037200 11644366256 67.1 26878583459075072 64.5
43142500 11778707552 67.8 27270803999740928 65.4
43143400 11778755452 67.8 27270825294281728 65.4
45147900 11903244652 68.6 27632560492624896 66.3
45148000 11903245452 68.6 27632560679197696 66.3
47169000 11903245552 68.6 27632560688208896 66.3
47169100 12017798352 69.2 27964436133059584 67.1
49123300 12017816752 69.2 27964442730077184 67.1
49125000 12123983152 69.8 28269659883346944 67.8
51002200 12123983852 69.8 28269659914066944 67.8
51002300 12222902652 70.4 28552487839030272 68.5
52896900 12315326556 70.9 28816605544274944 69.1
52897300 12315326756 70.9 28816605548370944 69.1
54757200 12401910164 71.4 29063121588444160 69.7
54761200 12401927164 71.4 29063129639067136 69.7
57288400 12522763764 72.1 29404959006170624 70.5
57291000 12522763964 72.1 29404959031091924 70.5
57291100 12522780064 72.1 29404965867315924 70.5
59994700 12522827164 72.1 29404984434279124 70.5
59995200 12633953468 72.8 29717541720212180 71.3
59997300 12633969068 72.8 29717548968418516 71.3
62478800 12735646764 73.4 30002108000083156 72.0
62483800 12735686764 73.4 30002125269023956 72.0
65046600 12829622764 73.9 30264420163304660 72.6
65047100 12829634864 73.9 30264423267663060 72.6
65050600 12829647764 73.9 30264427594267860 72.6
67224800 12829648064 73.9 30264427598978260 72.6
67225100 12917091464 74.4 30507408528645332 73.2
67227700 12917118764 74.4 30507416933022932 73.2
69666900 12917129464 74.4 30507421737630932 73.2
69667600 12998893064 74.9 30733630652234964 73.7
69669600 12998904664 74.9 30733634814385364 73.7
71801800 12998928964 74.9 30733645815217364 73.7
71803700 12998941764 74.9 30733650854526164 73.7
71803800 12998942164 74.9 30733650872960764 73.7
71807500 13075881572 75.3 30943687423756028 74.2
74933500 13172740676 75.9 31210416787883772 74.8
74933600 13172750376 75.9 31210421621778172 74.8
74933700 13172750676 75.9 31210421626078972 74.8
74936800 13172764576 75.9 31210429634987772 74.8
77665000 13172798476 75.9 31210445360146172 74.8
77667100 13265172572 76.4 31463676397037308 75.5
77667700 13265182572 76.4 31463678692640508 75.5
77676100 13265192572 76.4 31463682770208508 75.5
80342300 13352738068 76.9 31703143772849916 76.0
80342500 13352738368 76.9 31703143807870716 76.0
80352400 13352765068 76.9 31703155247589116 76.0
83061000 13352773468 76.9 31703158379390716 76.0
83062500 13436163668 77.4 31929606956525308 76.6
83062600 13436163768 77.4 31929606965536508 76.6
83067700 13436180468 77.4 31929614343866108 76.6
85570400 13514766260 77.8 32142308221126396 77.1
85572700 13514776860 77.8 32142313410963196 77.1
85576700 13514786060 77.8 32142318029203196 77.1
88655800 13607561860 78.4 32392214644745980 77.7
88658700 13607571960 78.4 32392218261451260 77.7
88661500 13607582360 78.4 32392223161496060 77.7
88666400 13607592160 78.4 32392228051505660 77.7
91669300 13607600660 78.4 32392231110808060 77.7
91671200 13607600960 78.4 32392231144601960 77.7
91671300 13695005360 78.9 32626915388635496 78.2
91678000 13695046460 78.9 32626931247733096 78.2
94844100 13695055460 78.9 32626935758453096 78.2
94847900 13695062960 78.9 32626938743413096 78.2
94849700 13695071260 78.9 32626942346459496 78.2
94852800 13777001564 79.3 32845810289539432 78.8
94853200 13777011464 79.3 32845813779871080 78.8
97703400 13854240968 79.8 33051081457349992 79.3
97708400 13854249768 79.8 33051084620281192 79.3
97709800 13854255568 79.8 33051086211372392 79.3
97714000 13854272068 79.8 33051093363807592 79.3
97717800 13854288268 79.8 33051101232223592 79.3
100808900 13854295868 79.8 33051104551212392 79.3
100814600 13854309468 79.8 33051111952274792 79.3
100817700 13941206468 80.3 33280739358856552 79.8
100817800 13941206668 80.3 33280739384046952 79.8
100819500 13941213368 80.3 33280741855573352 79.8
104209400 13941220368 80.3 33280744619963752 79.8
104213000 14022475768 80.8 33494803256636776 80.3
104213600 14022482868 80.8 33494806321189480 80.3
104218900 14022489868 80.8 33494809761419880 80.3
104223500 14022496068 80.8 33494813998117480 80.3
104223800 14022502968 80.8 33494816963416680 80.3
107131100 14022516368 80.8 33494822807384680 80.3
107133700 14022524668 80.8 33494826663910248 80.3
107134000 14022524868 80.8 33494826699545448 80.3
107134100 14022531068 80.8 33494830176577384 80.3
107141800 14098606068 81.2 33694119712565096 80.8
107144200 14098610968 81.2 33694121584846696 80.8
110128200 14170211272 81.6 33880751570511720 81.3
110129600 14170211572 81.6 33880751611203520 81.3
110129800 14170221172 81.6 33880756275933120 81.3
110132200 14170228972 81.6 33880759371485120 81.3
110137500 14170242372 81.6 33880764101750720 81.3
110138200 14170247972 81.6 33880766234799424 81.3
110138500 14170256272 81.6 33880769151356224 81.3
113638200 14170256772 81.6 33880769174910824 81.3
113638400 14249456372 82.1 34087038636734312 81.7
113642600 14249480272 82.1 34087048271755112 81.7
113650600 14249486872 82.1 34087050732427112 81.7
113654800 14249493172 82.1 34087055503038312 81.7
116700400 14323903268 82.5 34279872691083112 82.2
116706800 14323908068 82.5 34279873994635112 82.2
116706900 14323918668 82.5 34279877555902312 82.2
116708700 14323923868 82.5 34279880400101480 82.2
116715900 14323928868 82.5 34279881656959080 82.2
116717800 14323935668 82.5 34279886607567464 82.2
119970200 14393813268 82.9 34460607221549672 82.6
119979200 14393819268 82.9 34460609404103272 82.6
119986100 14393819668 82.9 34460609406689972 82.6
119986300 14393831968 82.9 34460616003707572 82.6
119996300 14393850068 82.9 34460621908910772 82.6
123822700 14393856268 82.9 34460624262540468 82.6
123823100 14393861568 82.9 34460625360678068 82.6
123830200 14393872068 82.9 34460630347905204 82.6
123830600 14393877968 82.9 34460632533057972 82.6
123835200 14393884868 82.9 34460635187061172 82.6
123835500 14393885068 82.9 34460635199758772 82.6
123836300 14468816268 83.3 34653367310541236 83.1
123845800 14468822068 83.3 34653369862144436 83.1
126610100 14468826368 83.3 34653372317696436 83.1
126617400 14468826468 83.3 34653372328141236 83.1
126617500 14468826568 83.3 34653372340429236 83.1
126617800 14468831568 83.3 34653375017165236 83.1
126620600 14468837668 83.3 34653377644749236 83.1
126622400 14538512276 83.7 34832701236732340 83.5
126631100 14538517776 83.7 34832703866569140 83.5
126633200 14538522676 83.7 34832705727996340 83.5
126638300 14538527776 83.7 34832707085532084 83.5
130363800 14538531276 83.7 34832708928322484 83.5
130364100 14538535576 83.7 34832710582826932 83.5
130367700 14538541176 83.7 34832712499077300 83.5
130371000 14538541276 83.7 34832712499282100 83.5
130371600 14611599180 84.2 35019732202897588 84.0
130376600 14611603680 84.2 35019733861572788 84.0
130377300 14611613080 84.2 35019738650615988 84.0
130382700 14611617380 84.2 35019740050628788 84.0
130389400 14611622080 84.2 35019741615300788 84.0
133307300 14611626680 84.2 35019743194923188 84.0
133310300 14611631580 84.2 35019744518545588 84.0
133313100 14611634280 84.2 35019745500561588 84.0
133314100 14611644480 84.2 35019748955883956 84.0
133316600 14611649180 84.2 35019750420203956 84.0
133323300 14611654480 84.2 35019752005153460 84.0
133324200 14679678480 84.5 35192482503570100 84.4
133328100 14679683780 84.5 35192483982021300 84.4
133333100 14679688280 84.5 35192485093266100 84.4
137659500 14679692980 84.5 35192486975787700 84.4
137660000 14679699380 84.5 35192489258488500 84.4
137664600 14679704580 84.5 35192491385131700 84.4
137665700 14679710380 84.5 35192493252907700 84.4
137666500 14679718680 84.5 35192497409733300 84.4
137668200 14679724480 84.5 35192500096140724 84.4
137673200 14749988776 85.0 35370625325139380 84.8
137675100 14749992676 85.0 35370627764102580 84.8
137696300 14749997476 85.0 35370629321811380 84.8
140979800 14750005576 85.0 35370633079072180 84.8
140983500 14815596276 85.3 35535842066343348 85.2
140984700 14815603976 85.3 35535846097768116 85.2
140988300 14815614276 85.3 35535849952718516 85.2
141022000 14815623276 85.3 35535853800970164 85.2
144946000 14815632576 85.3 35535858110166964 85.2
144952900 14815640076 85.3 35535861329213364 85.2
144965800 14882882676 85.7 35705267657160628 85.6
144966800 14882890076 85.7 35705269852207028 85.6
144970200 14882897876 85.7 35705272730466228 85.6
144971300 14882908676 85.7 35705278118959028 85.6
148632400 14882912376 85.7 35705279354722228 85.6
148636200 14945173276 86.1 35862242038339508 86.0
148641300 14945181676 86.1 35862244546729908 86.0
148642500 14945189876 86.1 35862247478415540 86.0
148646400 14945199276 86.1 35862252151337140 86.0
148683000 14945207576 86.1 35862255240130740 86.0
152041500 14945215876 86.1 35862259289436340 86.0
152048000 15008214476 86.4 36020025282932916 86.4
152049800 15008221576 86.4 36020029731535540 86.4
152052900 15008230376 86.4 36020033408719540 86.4
152054900 15008240276 86.4 36020037926607540 86.4
152073100 15008252176 86.4 36020045356267188 86.4
155547000 15008258276 86.4 36020046823454388 86.4
155566200 15008265276 86.4 36020048802700468 86.4
155567600 15008271876 86.4 36020051014335668 86.4
155568300 15008271976 86.4 36020051014540468 86.4
155578400 15066768376 86.8 36166117500345524 86.7
155578500 15066782976 86.8 36166121888595124 86.7
155578900 15066788276 86.8 36166123691859124 86.7
158823600 15066796476 86.8 36166128298194612 86.7
158835000 15066800476 86.8 36166129658271412 86.7
158841300 15066812476 86.8 36166135821113012 86.7
158842200 15066824076 86.8 36166140306847412 86.7
158851000 15125489176 87.1 36312007798093492 87.1
158866000 15125496276 87.1 36312010879309492 87.1
162701100 15125502876 87.1 36312013720707252 87.1
162707300 15125509876 87.1 36312016725532852 87.1
162719700 15125523876 87.1 36312022051971252 87.1
162722100 15125530176 87.1 36312025328361652 87.1
162726900 15180272876 87.4 36448091360305332 87.4
162736800 15180274976 87.4 36448092535447732 87.4
162737700 15180283676 87.4 36448099163185332 87.4
165734400 15180300176 87.4 36448106860388532 87.4
165750000 15180304176 87.4 36448107897700532 87.4
165752100 15180311576 87.4 36448111614794164 87.4
165752600 15234950276 87.7 36583715577043380 87.7
165766100 15234955676 87.7 36583717302483380 87.7
165772200 15234962876 87.7 36583723379923380 87.7
165792500 15234969576 87.7 36583726332524980 87.7
169264000 15234977276 87.7 36583730128902580 87.7
169277600 15234984076 87.7 36583732843451572 87.7
169288300 15234993276 87.7 36583737808548532 87.7
169289900 15234999976 87.7 36583741053809332 87.7
169300900 15235009976 87.7 36583745703178932 87.7
169302700 15235011576 87.7 36583746949591732 87.7
169310200 15289522776 88.1 36717688071631540 88.1
169311300 15289528776 88.1 36717690322178740 88.1
172612500 15289539176 88.1 36717693227471540 88.1
172619000 15289544676 88.1 36717694956393140 88.1
172638500 15289548576 88.1 36717696741981620 88.1
172642800 15289554976 88.1 36717699093904820 88.1
172647500 15289559876 88.1 36717700878736820 88.1
172650400 15343601176 88.4 36850897184906676 88.4
172690400 15343606976 88.4 36850898505661876 88.4
176325400 15343614276 88.4 36850900780580276 88.4
176326800 15393957076 88.7 36974666370121140 88.7
176341400 15393966876 88.7 36974670204121524 88.7
176344000 15393972276 88.7 36974672780095924 88.7
176364400 15393976976 88.7 36974674702553524 88.7
176373800 15393983576 88.7 36974677264260020 88.7
176414100 15393991776 88.7 36974679614340020 88.7
180317600 15393996276 88.7 36974680865452468 88.7
180343900 15394000376 88.7 36974682091590068 88.7
180356400 15394009376 88.7 36974685261279668 88.7
180357700 15394020176 88.7 36974690568671668 88.7
180374600 15394022676 88.7 36974691278098868 88.7
180389600 15443930976 88.9 37096865003442612 89.0
180389700 15443937576 88.9 37096869370188212 89.0
180415300 15443946376 88.9 37096872697369012 89.0
182723800 15443951576 88.9 37096874566580532 89.0
182728700 15443956976 88.9 37096876148046132 89.0
182732100 15443962976 88.9 37096878045927732 89.0
182745900 15443968976 88.9 37096883357006132 89.0
182751600 15443973076 88.9 37096885365210932 89.0
182755900 15443976776 88.9 37096886648078132 89.0
182763400 15443986776 88.9 37096889786433332 89.0
182779300 15493083376 89.2 37217276788604724 89.3
182789900 15493087776 89.2 37217278139465524 89.3
182834900 15493092576 89.2 37217280098582324 89.3
185997500 15493096376 89.2 37217280780696948 89.3
186024700 15493102476 89.2 37217282951372148 89.3
186053300 15493107376 89.2 37217284614757748 89.3
186061500 15493111376 89.2 37217286308658548 89.3
186069500 15493116176 89.2 37217288300952948 89.3
186072600 15541567976 89.5 37335568084794740 89.5
186078800 15541573076 89.5 37335570410913140 89.5
186090600 15541579176 89.5 37335572350920948 89.5
186111000 15541585276 89.5 37335575680086772 89.5
189643300 15541591276 89.5 37335577919779572 89.5
189671800 15541596576 89.5 37335581216240372 89.5
189683300 15541601476 89.5 37335582459990772 89.5
189687900 15589102076 89.8 37452016951399156 89.8
189695900 15589108876 89.8 37452020709274356 89.8
189719400 15589113776 89.8 37452022721639156 89.8
189722500 15589121176 89.8 37452024973008116 89.8
192198100 15589132376 89.8 37452029912572660 89.8
192208800 15589139476 89.8 37452033930339060 89.8
192229900 15589144776 89.8 37452036837884660 89.8
192240500 15589149676 89.8 37452038485500660 89.8
192243600 15589155276 89.8 37452041376047860 89.8
192262700 15589161276 89.8 37452043338031860 89.8
192268600 15635977676 90.1 37566646042665716 90.1
196631100 15681864476 90.3 37679061199659764 90.4
196631300 15681870676 90.3 37679063445836788 90.4
196664500 15681876676 90.3 37679065686478580 90.4
196670600 15681882776 90.3 37679068702772980 90.4
196672700 15681888576 90.3 37679071466139380 90.4
196682000 15681895176 90.3 37679075904395508 90.4
196690200 15681901176 90.3 37679077441419508 90.4
196717500 15681906376 90.3 37679079203046644 90.4
198788400 15681913976 90.3 37679082810803444 90.4
198814200 15681919676 90.3 37679085557785844 90.4
198817700 15726661076 90.6 37788584482317556 90.6
198819200 15726667076 90.6 37788586008208244 90.6
198843500 15726671576 90.6 37788588904080244 90.6
198845000 15726675976 90.6 37788590204074868 90.6
198859200 15726683976 90.6 37788593444625268 90.6
198876300 15726690676 90.6 37788597810142068 90.6
203416100 15726695676 90.6 37788599928798068 90.6
203431900 15726698876 90.6 37788601126263668 90.6
203438000 15770412676 90.8 37895932501597044 90.9
203457900 15770417176 90.8 37895934913731444 90.9
203459700 15770422476 90.8 37895938498550644 90.9
203488200 15770426376 90.8 37895940575632244 90.9
203503100 15770430376 90.8 37895942435421044 90.9
203506200 15770437776 90.8 37895944882371444 90.9
207301000 15770443276 90.8 37895946070621044 90.9
207319900 15770448276 90.8 37895949101803380 90.9
207353700 15770453976 90.8 37895952009963380 90.9
207357300 15770458376 90.8 37895953103800180 90.9
207385900 15813366276 91.1 38001028874717044 91.1
207388300 15813374276 91.1 38001031215723124 91.1
207405800 15813379776 91.1 38001034098487924 91.1
207412600 15813386476 91.1 38001037531894388 91.1
207425900 15813394576 91.1 38001040550776436 91.1
210711500 15813401776 91.1 38001043341586036 91.1
210732400 15856959576 91.3 38107316410134132 91.4
210741600 15856963676 91.3 38107318685871732 91.4
210749400 15856969076 91.3 38107320454524532 91.4
210753900 15856973976 91.3 38107321760943732 91.4
210761400 15856978676 91.3 38107323338108532 91.4
210770200 15856983276 91.3 38107325655140724 91.4
210771500 15856988076 91.3 38107328974948724 91.4
210811300 15856993176 91.3 38107331020633460 91.4
215431200 15856999276 91.3 38107335263747956 91.4
215464600 15857004576 91.3 38107337384042356 91.4
215465000 15857010176 91.3 38107339787307380 91.4
215481000 15857014976 91.3 38107340440209780 91.4
215484900 15857021676 91.3 38107343577950580 91.4
215500600 15857028276 91.3 38107348597393780 91.4
215504100 15857035476 91.3 38107351177259380 91.4
215510600 15857039976 91.3 38107352271915380 91.4
215530600 15899756476 91.6 38212178565630324 91.6
219321000 15941602576 91.8 38314723896166772 91.9
219376800 15941607576 91.8 38314725459200372 91.9
219380100 15941615376 91.8 38314728869120372 91.9
219399300 15941624276 91.8 38314732591360372 91.9
219401900 15941630576 91.8 38314735523072372 91.9
219406200 15941637976 91.8 38314738146969972 91.9
219420000 15941646776 91.8 38314741940275572 91.9
219463300 15941651876 91.8 38314744197785972 91.9
223529000 15941658776 91.8 38314748792883572 91.9
223538100 15941663276 91.8 38314751430645108 91.9
223553700 15941669776 91.8 38314755606517108 91.9
223589600 15941675076 91.8 38314757833654644 91.9
223595300 15983828876 92.1 38418604816105844 92.1
223636100 15983834676 92.1 38418607116624244 92.1
223638100 15983839676 92.1 38418609508893044 92.1
223649000 15983845276 92.1 38418612593590644 92.1
229228300 15983851776 92.1 38418615430330484 92.1
229246400 15983855676 92.1 38418617552058484 92.1
229264300 15983862676 92.1 38418619160967284 92.1
229270700 16024802176 92.3 38519461151094900 92.4
229284400 16024807576 92.3 38519463127619700 92.4
229285100 16024817676 92.3 38519468015786100 92.4
229313700 16024822176 92.3 38519469813725300 92.4
229322100 16024827676 92.3 38519472907564148 92.4
229369900 16024833676 92.3 38519478752493684 92.4
234383100 16024840176 92.3 38519481563297908 92.4
234410000 16024844676 92.3 38519483717793908 92.4
234438900 16024851876 92.3 38519487617800308 92.4
234458700 16024860376 92.3 38519490827630708 92.4
234463700 16024865576 92.3 38519492318574708 92.4
234469500 16024873176 92.3 38519495223253108 92.4
234494000 16024877076 92.3 38519496704981108 92.4
234506000 16065791876 92.5 38619818307811444 92.6
234508500 16065794976 92.5 38619819142576244 92.6
239410900 16065800076 92.5 38619821399677044 92.6
239429700 16065805476 92.5 38619822954726772 92.6
239441800 16065810376 92.5 38619825495885172 92.6
239470400 16065815676 92.5 38619827154765172 92.6
239482700 16065820276 92.5 38619829317043572 92.6
239487800 16065824176 92.5 38619830384256372 92.6
239527100 16065827876 92.5 38619831940736372 92.6
239538300 16106848876 92.8 38720946334131572 92.9
239575600 16106853676 92.8 38720948931814772 92.9
239665000 16106859776 92.8 38720951265920372 92.9
245622300 16106864376 92.8 38720954643891572 92.9
245673500 16106868876 92.8 38720956618777972 92.9
245697600 16146731776 93.0 38818867671213428 93.1
245722700 16146739276 93.0 38818870059925620 93.1
245737900 16146745476 93.0 38818873783740788 93.1
245739800 16146750876 93.0 38818875647011188 93.1
245767500 16146756276 93.0 38818878069527412 93.1
245771300 16146762476 93.0 38818880181430260 93.1
245863600 16146765576 93.0 38818881071491060 93.1
251104900 16146773276 93.0 38818883404713972 93.1
251161300 16146779376 93.0 38818885830916596 93.1
251180200 16146786876 93.0 38818888537285620 93.1
251192200 16146792776 93.0 38818889915516788 93.1
251204500 16146800976 93.0 38818892744421748 93.1
251248900 16186565376 93.2 38916938601787764 93.3
251320200 16186570376 93.2 38916940081943156 93.3
251325900 16186576676 93.2 38916941747991156 93.3
258237600 16186581476 93.2 38916943137763956 93.3
258241600 16186586376 93.2 38916945499312756 93.3
258261000 16186591176 93.2 38916946636362356 93.3
258267100 16226124976 93.5 39014030295224948 93.6
258324300 16226130476 93.5 39014032825733748 93.6
258331700 16226135076 93.5 39014033880044148 93.6
258337600 16226140776 93.5 39014035527048308 93.6
258355900 16226145676 93.5 39014038791702388 93.6
258392400 16226151876 93.5 39014041962958196 93.6
264638300 16226157876 93.5 39014044252622196 93.6
264644400 16226164176 93.5 39014048316878196 93.6
264645300 16265364676 93.7 39110968968310132 93.8
264653100 16265368176 93.7 39110970221890932 93.8
264659800 16265373176 93.7 39110972697040756 93.8
264697100 16265377676 93.7 39110974271747956 93.8
264743500 16265384376 93.7 39110977908791156 93.8
264746200 16265389576 93.7 39110979186055668 93.8
264813200 16265393776 93.7 39110980265351668 93.8
272739300 16265398776 93.7 39110982248909300 93.8
272787900 16304112076 93.9 39207324690369012 94.0
272788800 16304115476 93.9 39207326644775412 94.0
272805600 16304120376 93.9 39207329261300212 94.0
272808200 16304125176 93.9 39207331014183412 94.0
272825700 16304129576 93.9 39207332370369012 94.0
272832400 16304137876 93.9 39207334580775412 94.0
272857600 16304142576 93.9 39207335975798004 94.0
272890200 16304148376 93.9 39207338791183604 94.0
272949100 16304153676 93.9 39207341046173172 94.0
279853300 16304158376 93.9 39207343133085172 94.0
279911900 16343818276 94.1 39306214949572084 94.3
279929400 16343825876 94.1 39306219072198644 94.3
279965900 16343832176 94.1 39306223418669044 94.3
279988500 16343837776 94.1 39306225549613044 94.3
280006700 16343842376 94.1 39306227753468404 94.3
280042900 16343848276 94.1 39306229342244084 94.3
280059100 16343856076 94.1 39306231236581236 94.3
280106000 16343860976 94.1 39306232880101236 94.3
288331900 16343866576 94.1 39306235509528436 94.3
288414100 16343870576 94.1 39306236787890036 94.3
288447600 16343876476 94.1 39306239860850804 94.3
288453900 16343883076 94.1 39306242132839028 94.3
288512700 16343888576 94.1 39306243769395828 94.3
288576500 16383270076 94.4 39404786693728884 94.5
288617300 16383278176 94.4 39404789891476084 94.5
288627600 16383281776 94.4 39404791009479284 94.5
288683600 16383287976 94.4 39404793861524084 94.5
297508000 16383292576 94.4 39404795212794484 94.5
297511800 16423349076 94.6 39505099996465780 94.7
297602800 16423354176 94.6 39505102134168180 94.7
297612400 16423359476 94.6 39505104569854580 94.7
297632200 16423364676 94.6 39505106002840180 94.7
297636200 16423370376 94.6 39505108642986100 94.7
297657500 16423376876 94.6 39505111105501300 94.7
297668100 16423382276 94.6 39505113498513524 94.7
297696000 16423386776 94.6 39505115890782324 94.7
297713300 16423392276 94.6 39505118404295284 94.7
307457900 16463353576 94.8 39605467890858612 95.0
307516600 16463358976 94.8 39605471854353012 95.0
307580000 16463362176 94.8 39605472395844212 95.0
307595000 16463367376 94.8 39605474417935988 95.0
307657500 16463371976 94.8 39605475375043700 95.0
307661100 16463375276 94.8 39605476854314100 95.0
307667000 16463379776 94.8 39605478309213300 95.0
307713200 16463385876 94.8 39605481447493236 95.0
307742700 16463391276 94.8 39605483302776436 95.0
307759400 16463396976 94.8 39605485875883636 95.0
317163300 16463400976 94.8 39605487399111028 95.0
317165200 16463404776 94.8 39605489692385652 95.0
317202900 16463410476 94.8 39605495258235252 95.0
317244600 16463415276 94.8 39605497795297652 95.0
317276900 16463420076 94.8 39605500194658932 95.0
317307700 16463424476 94.8 39605503401547636 95.0
317324900 16504029576 95.1 39708442946328436 95.2
317419700 16504034076 95.1 39708446123383924 95.2
317486000 16504038976 95.1 39708447877700724 95.2
328841100 16504046276 95.1 39708451548535924 95.2
328889200 16545111576 95.3 39812692929780852 95.5
328979100 16545117676 95.3 39812695446698356 95.5
329026200 16545122376 95.3 39812696888695156 95.5
329027000 16545127876 95.3 39812699407325556 95.5
329069400 16545134776 95.3 39812702194795892 95.5
329087100 16545141676 95.3 39812710704645492 95.5
329128000 16545146876 95.3 39812712978335092 95.5
329204500 16545152676 95.3 39812715316460404 95.5
340464700 16545158976 95.3 39812717849426804 95.5
340476200 16545164376 95.3 39812721599047540 95.5
340501600 16545168476 95.3 39812724238030196 95.5
340614000 16545173976 95.3 39812727089837940 95.5
340630700 16545178076 95.3 39812728454153204 95.5
340634900 16545182776 95.3 39812729830614004 95.5
340694800 16545188576 95.3 39812731597833204 95.5
340718100 16545193876 95.3 39812732844860404 95.5
340804300 16545199076 95.3 39812734562446580 95.5
340831100 16586375476 95.5 39917906089323764 95.7
351844500 16586382076 95.5 39917909342571764 95.7
351894200 16586386276 95.5 39917910320987572 95.7
351904700 16626248176 95.8 40019310547811764 96.0
351929700 16626253676 95.8 40019314074262964 96.0
351961200 16626261876 95.8 40019317186533812 96.0
351991200 16626267776 95.8 40019319814117812 96.0
352050600 16626273476 95.8 40019322026981812 96.0
352137800 16626278076 95.8 40019323778841012 96.0
352143700 16626284976 95.8 40019327026755764 96.0
363289800 16626290176 95.8 40019328317324596 96.0
363342800 16626296376 95.8 40019330419596596 96.0
363345700 16664290276 96.0 40115915719646516 96.2
363403000 16664293876 96.0 40115917771537716 96.2
363437500 16664298676 96.0 40115919582993716 96.2
363473400 16664304376 96.0 40115921124318516 96.2
363537900 16664307476 96.0 40115924173995316 96.2
363551800 16664311476 96.0 40115925913708852 96.2
363570700 16664318276 96.0 40115927999503796 96.2
363664400 16664323876 96.0 40115930007772596 96.2
373544100 16664327676 96.0 40115933934749876 96.2
373559600 16664331176 96.0 40115934403946676 96.2
373744500 16664337476 96.0 40115937783078580 96.2
373800200 16664343576 96.0 40115940330981556 96.2
373814300 16664348576 96.0 40115941339211956 96.2
373871900 16664354576 96.0 40115943348162228 96.2
373876000 16697792876 96.2 40199956255526580 96.4
373984100 16697799276 96.2 40199958032985780 96.4
373987600 16697803376 96.2 40199959397912628 96.4
374137400 16697807576 96.2 40199960571435188 96.4
381789300 16697810976 96.2 40199962858577332 96.4
381792000 16697817676 96.2 40199967286148532 96.4
381842400 16697822176 96.2 40199968448593332 96.4
381866300 16697826076 96.2 40199969588100532 96.4
381870800 16697831976 96.2 40199972250705332 96.4
381905400 16697838176 96.2 40199974320146356 96.4
381909100 16697842376 96.2 40199975447775156 96.4
381923300 16697846476 96.2 40199977251180724 96.4
381923700 16697851876 96.2 40199979845587124 96.4
381947100 16727151476 96.3 40272761715462324 96.6
390340200 16727156776 96.3 40272763023315124 96.6
390477400 16727160276 96.3 40272764324541492 96.6
390506200 16751941176 96.5 40333466733114420 96.7
390508600 16751944476 96.5 40333467396590836 96.7
390579600 16751949576 96.5 40333469353801972 96.7
390613600 16751953976 96.5 40333470919489780 96.7
390614900 16751960176 96.5 40333473648244980 96.7
390626700 16751964376 96.5 40333474783994228 96.7
390694800 16751968476 96.5 40333476060512628 96.7
390716500 16751973076 96.5 40333477806432628 96.7
396846700 16772953376 96.6 40383730865758580 96.8
396968100 16772958776 96.6 40383732842825460 96.8
396991300 16772962676 96.6 40383733912422068 96.8
397072600 16772966076 96.6 40383735181977268 96.8
397073000 16772970676 96.6 40383738272409268 96.8
397133800 16772976176 96.6 40383741543410356 96.8
397179100 16772981776 96.6 40383744113650356 96.8
397315500 16772986776 96.6 40383747182783156 96.8
397447100 16772990976 96.6 40383748429810356 96.8
402710700 16791083176 96.7 40426808828201652 97.0
402742700 16791086376 96.7 40426809682217652 97.0
402742900 16791090076 96.7 40426810554870452 97.0
402746800 16791095576 96.7 40426813671107252 97.0
402760600 16791099076 96.7 40426815071734452 97.0
402831100 16791101776 96.7 40426815840069684 97.0
402860300 16791105676 96.7 40426816929810484 97.0
402965400 16791109276 96.7 40426819343173684 97.0
402975700 16791112776 96.7 40426823509964340 97.0
402987500 16791116376 96.7 40426825597900340 97.0
404864800 16807458076 96.8 40465137494709812 97.0
404901700 16807461276 96.8 40465138781468212 97.0
405037300 16807466776 96.8 40465140265386676 97.0
405115300 16807470676 96.8 40465142678545076 97.0
405242800 16807474576 96.8 40465143932125876 97.0
405268400 16807478576 96.8 40465145668215476 97.0
405270500 16807482576 96.8 40465147163050676 97.0
405372700 16807487176 96.8 40465149813981876 97.0
405431400 16807490676 96.8 40465151303287476 97.0
408983500 16807493876 96.8 40465153243496884 97.0
409267500 16807496676 96.8 40465154376789940 97.0
409291300 16807500076 96.8 40465155419221940 97.0
409304700 16822606376 96.9 40500301417623476 97.1
409398000 16822610576 96.9 40500302550503092 97.1
409400700 16822615576 96.9 40500304172928692 97.1
409445400 16822619976 96.9 40500307199872692 97.1
409482500 16822624076 96.9 40500308190695092 97.1
409510100 16822627576 96.9 40500309642459828 97.1
409654100 16822630876 96.9 40500310316866228 97.1
412857400 16822634576 96.9 40500311932467892 97.1
412874600 16822638776 96.9 40500312694528692 97.1
412963300 16837633376 97.0 40535376662829748 97.2
412963400 16837638076 97.0 40535378076564148 97.2
413110800 16837642076 97.0 40535379657622708 97.2
413132400 16837646476 97.0 40535380595530484 97.2
413165100 16837648976 97.0 40535381613386484 97.2
413226600 16837652876 97.0 40535383683162100 97.2
413367200 16837656676 97.0 40535384280209908 97.2
413438100 16837660976 97.0 40535385197639284 97.2
418622700 16837665476 97.0 40535388254279284 97.2
418704800 16837669376 97.0 40535389060167284 97.2
418762900 16837673776 97.0 40535389946132084 97.2
418777400 16837678676 97.0 40535392377927284 97.2
418789400 16853031676 97.1 40571571223688820 97.3
418799000 16853036276 97.1 40571573838295924 97.3
418799800 16853039176 97.1 40571574523021300 97.3
418843200 16853042176 97.1 40571576602765300 97.3
418900000 16853046676 97.1 40571578739648500 97.3
419088800 16853049976 97.1 40571579639949300 97.3
425570500 16853053576 97.1 40571580282127092 97.3
425706500 16853057076 97.1 40571581371663092 97.3
425748100 16869323776 97.2 40610066082185972 97.4
425760500 16869326176 97.2 40610066824585972 97.4
425836500 16869330076 97.2 40610068226441972 97.4
425836800 16869335176 97.2 40610071511638772 97.4
425924500 16869339476 97.2 40610073102864116 97.4
426003900 16869344676 97.2 40610079502044916 97.4
426197800 16869347576 97.2 40610080842999668 97.4
433201100 16869352376 97.2 40610082083473268 97.4
433442500 16869356476 97.2 40610083628484468 97.4
433580200 16869359876 97.2 40610084996280948 97.4
433600500 16869363676 97.2 40610086253474164 97.4
433717800 16869369076 97.2 40610089511227764 97.4
433735000 16869372576 97.2 40610091294011764 97.4
433809100 16869376076 97.2 40610091878101364 97.4
433909700 16869380376 97.2 40610093117755764 97.4
433928000 16886901976 97.3 40652006961205620 97.5
434061900 16886907176 97.3 40652008744808820 97.5
442521300 16886910476 97.3 40652010329742964 97.5
442527000 16886914676 97.3 40652011804712564 97.5
442542000 16906078876 97.4 40698771008806516 97.6
442597700 16906082576 97.4 40698771997510388 97.6
442799500 16906086876 97.4 40698775206316788 97.6
443069900 16906090976 97.4 40698776115759796 97.6
443078700 16906094776 97.4 40698777191642292 97.6
443125200 16906098276 97.4 40698777648216884 97.6
443173600 16906104076 97.4 40698779109189940 97.6
443293000 16906108476 97.4 40698780202543156 97.6
454347500 16906114076 97.4 40698784434325556 97.6
454355400 16906119476 97.4 40698787591977524 97.6
454654600 16906124776 97.4 40698789319260724 97.6
454734300 16906130476 97.4 40698791468081204 97.6
454763300 16906135576 97.4 40698794401022004 97.6
454982800 16906138976 97.4 40698795460380276 97.6
455094700 16906144076 97.4 40698797047721844 97.6
455144200 16906147776 97.4 40698798317481844 97.6
455163000 16926804876 97.5 40750035276640116 97.7
455309000 16926809376 97.5 40750036123625140 97.7
464772400 16926814076 97.5 40750037767759540 97.7
464870700 16926818376 97.5 40750039731996340 97.7
465045300 16926822576 97.5 40750041246082740 97.7
465141100 16926826576 97.5 40750042037429940 97.7
465195700 16926830476 97.5 40750045060073140 97.7
465327800 16926834576 97.5 40750047072847540 97.7
465380700 16926839276 97.5 40750049596393140 97.7
465391800 16947557476 97.6 40801581280904884 97.9
465510400 16947561976 97.6 40801582825916084 97.9
465662800 16947565976 97.6 40801587733257908 97.9
477097900 16947569476 97.6 40801588327177908 97.9
477172300 16947573176 97.6 40801589314913012 97.9
477183500 16947577376 97.6 40801591768621812 97.9
477244600 16947583476 97.6 40801596446049012 97.9
477275500 16965857676 97.7 40846735969321716 98.0
477296000 16965866476 97.7 40846739722821620 98.0
477509200 16965872376 97.7 40846741791231092 98.0
477573800 16965876576 97.7 40846742802328692 98.0
477963600 16965879976 97.7 40846745475583092 98.0
478126300 16965882876 97.7 40846746272847284 98.0
485649300 16965887176 97.7 40846748504284084 98.0
485718600 16965891076 97.7 40846749321361204 98.0
485771800 16965896576 97.7 40846750974023348 98.0
485853000 16981176776 97.8 40883847952930484 98.0
485990500 16981181876 97.8 40883851196348084 98.0
486107100 16981185076 97.8 40883852663944884 98.0
486272800 16981189076 97.8 40883854044296884 98.0
486354600 16981191976 97.8 40883855231522484 98.0
486387600 16981195976 97.8 40883855835824884 98.0
486470500 16981201676 97.8 40883857920307060 98.0
494064200 16981205476 97.8 40883859463864948 98.0
494202800 16981212176 97.8 40883866177823348 98.0
494244200 16993859776 97.9 40913834907722356 98.1
494433100 16993865176 97.9 40913836800011636 98.1
494511900 16993870176 97.9 40913840037018228 98.1
494538900 16993873876 97.9 40913841663315316 98.1
494609400 16993878876 97.9 40913842705747316 98.1
494627300 16993882876 97.9 40913844320456052 98.1
494806900 16993886776 97.9 40913845850312052 98.1
494918800 16993891776 97.9 40913847386721652 98.1
498717000 16993894876 97.9 40913849457454452 98.1
499080000 16993901076 97.9 40913856689278836 98.1
499081900 17004878176 97.9 40939369774387060 98.2
499207000 17004882476 97.9 40939370686010228 98.2
499260600 17004886076 97.9 40939372117496308 98.2
499301700 17004890876 97.9 40939375696916212 98.2
499414600 17004897576 97.9 40939377364730228 98.2
499739400 17004901176 97.9 40939378169519220 98.2
499836500 17004904976 97.9 40939379439484020 98.2
499846700 17004910376 97.9 40939381020652404 98.2
505242300 17004914376 97.9 40939383372166004 98.2
505267500 17004917976 97.9 40939384871506804 98.2
505292200 17004922076 97.9 40939386084332404 98.2
505361900 17004928376 97.9 40939388092743540 98.2
505408000 17004933076 97.9 40939390355708532 98.2
505456200 17004936276 97.9 40939391253551732 98.2
505710000 17015356176 98.0 40963536745994868 98.2
505710400 17015360476 98.0 40963537851914868 98.2
505778000 17015364576 98.0 40963540363508084 98.2
505794400 17015368876 98.0 40963541765085172 98.2
506909400 17015374076 98.0 40963545268253684 98.2
506937100 17015377576 98.0 40963546616452084 98.2
507005700 17015382676 98.0 40963547998852084 98.2
507474400 17015387876 98.0 40963550081722100 98.2
507475900 17015392476 98.0 40963551432508148 98.2
507505500 17015397776 98.0 40963553704089844 98.2
507686300 17015405076 98.0 40963555801431284 98.2
507941900 17026402676 98.1 40989320397978868 98.3
508179700 17026407476 98.1 40989321727540468 98.3
508404000 17026414076 98.1 40989324923444468 98.3
521996800 17026419376 98.1 40989326262964980 98.3
522220600 17026425776 98.1 40989328444494580 98.3
522280700 17026431476 98.1 40989329882653428 98.3
522426400 17039770076 98.1 41021366685442804 98.4
522501800 17039776976 98.1 41021370574386676 98.4
522618300 17039782176 98.1 41021371589927092 98.4
522635400 17039788376 98.1 41021373028647092 98.4
522805600 17039795176 98.1 41021374910554292 98.4
522833500 17039800976 98.1 41021377561485492 98.4
522837900 17039808576 98.1 41021380995701684 98.4
535968000 17055685776 98.2 41060303146965940 98.5
536037500 17055691476 98.2 41060305346247860 98.5
536216400 17055695376 98.2 41060306420684084 98.5
536372600 17055702476 98.2 41060308775474484 98.5
536392600 17055708776 98.2 41060311141119284 98.5
536413600 17055712776 98.2 41060312214003956 98.5
536442600 17055719976 98.2 41060314203973108 98.5
536618400 17055726576 98.2 41060319225054708 98.5
536749700 17055732076 98.2 41060322788369908 98.5
537239700 17055739076 98.2 41060324751992308 98.5
547896000 17055743576 98.2 41060325795168500 98.5
548008500 17055747076 98.2 41060326329696500 98.5
548182900 17055751476 98.2 41060328320966900 98.5
548190500 17070187676 98.3 41095315810328820 98.6
548211400 17070193576 98.3 41095318343490292 98.6
548356200 17070197576 98.3 41095319162821108 98.6
548459200 17070201376 98.3 41095320611371508 98.6
548494900 17070205976 98.3 41095321727121908 98.6
548544200 17070213176 98.3 41095323791096308 98.6
548685200 17070219476 98.3 41095326487979764 98.6
554091900 17070224476 98.3 41095329208469492 98.6
554145500 17070229576 98.3 41095330323334900 98.6
554229500 17070233776 98.3 41095331562034676 98.6
554266400 17070239676 98.3 41095334015333876 98.6
554312900 17070245176 98.3 41095335818727924 98.6
554450500 17070250976 98.3 41095337692787060 98.6
554521600 17070255076 98.3 41095338680267188 98.6
554668400 17080814176 98.4 41120044070351284 98.6
555083500 17080819376 98.4 41120045621637044 98.6
555190900 17080823976 98.4 41120047045611444 98.6
560532100 17080826276 98.4 41120047801937844 98.6
560687100 17080830276 98.4 41120048759992244 98.6
560727500 17080834876 98.4 41120049836722996 98.6
561131200 17080839176 98.4 41120051527756596 98.6
561229100 17089172976 98.4 41139113666358068 98.7
561233700 17089176876 98.4 41139114725583668 98.7
561246500 17089182676 98.4 41139116391836468 98.7
561396200 17089187576 98.4 41139117955689268 98.7
561581700 17089192576 98.4 41139119228558516 98.7
561978000 17089197076 98.4 41139120470190260 98.7
565266900 17097212776 98.5 41157387771406516 98.7
565406800 17097216376 98.5 41157389619316916 98.7
565540400 17097221176 98.5 41157390334006388 98.7
565572000 17097225476 98.5 41157391586909428 98.7
565669500 17097231576 98.5 41157393999596020 98.7
565691300 17097234976 98.5 41157395042642420 98.7
566092500 17097240676 98.5 41157396696866676 98.7
566139800 17097244276 98.5 41157397371068276 98.7
566501400 17097247976 98.5 41157398249455476 98.7
566544800 17097251376 98.5 41157399286357876 98.7
576658700 17097257476 98.5 41157400714083572 98.7
576672100 17097264076 98.5 41157402728022516 98.7
576972800 17106654076 98.5 41179409240769012 98.8
577073100 17106658276 98.5 41179410231527604 98.8
577344900 17106664776 98.5 41179419363279028 98.8
577429500 17106670776 98.5 41179420842397620 98.8
577457700 17106674876 98.5 41179422209028020 98.8
577511200 17106683476 98.5 41179425381584820 98.8
577600900 17106688976 98.5 41179427169425588 98.8
578268800 17106694276 98.5 41179428408725300 98.8
586758200 17106699276 98.5 41179429815640244 98.8
586855500 17106703576 98.5 41179431048460340 98.8
587198200 17106709476 98.5 41179435300175156 98.8
587530100 17106713676 98.5 41179436021480756 98.8
587563800 17118095476 98.6 41206814850448692 98.8
587599200 17118101476 98.6 41206819309906228 98.8
587616500 17118108576 98.6 41206821836868660 98.8
587637900 17118113676 98.6 41206823114684596 98.8
587791300 17118117276 98.6 41206825425162932 98.8
588364800 17118123576 98.6 41206827623618740 98.8
595849900 17118128476 98.6 41206828460636340 98.8
595930800 17118135176 98.6 41206830460303540 98.8
595978700 17118140076 98.6 41206832629545140 98.8
596019200 17118145076 98.6 41206833924700340 98.8
596068900 17127833476 98.6 41230066612861108 98.9
596164700 17127837076 98.6 41230068020861108 98.9
596313500 17127841776 98.6 41230068764014900 98.9
596549900 17127845976 98.6 41230070010018100 98.9
596676900 17127852776 98.6 41230073992836404 98.9
596858100 17127857476 98.6 41230075111489716 98.9
606533500 17127860676 98.6 41230075840372916 98.9
606543800 17127864976 98.6 41230076513550516 98.9
606601600 17127869076 98.6 41230077251649716 98.9
606702100 17127872576 98.6 41230078326030516 98.9
606788200 17127878976 98.6 41230080004916660 98.9
607538500 17134642976 98.7 41245750254962100 98.9
607595000 17134649876 98.7 41245752044032436 98.9
607874500 17134653776 98.7 41245753324442036 98.9
607912200 17134658676 98.7 41245756385040052 98.9
608039500 17134662876 98.7 41245757110236852 98.9
611607300 17140680376 98.7 41259473356732084 98.9
611668100 17140685776 98.7 41259475696905908 98.9
611942000 17140691276 98.7 41259477224023860 98.9
612012600 17140695376 98.7 41259478078039860 98.9
612187900 17140699576 98.7 41259480431601460 98.9
612204500 17140705676 98.7 41259482168232756 98.9
612254900 17140713276 98.7 41259484083254324 98.9
612324500 17140719176 98.7 41259485241603124 98.9
612388000 17140725376 98.7 41259485987626740 98.9
612419900 17140731176 98.7 41259487556804340 98.9
620051800 17140737576 98.7 41259489278893556 98.9
620244700 17140744476 98.7 41259490899952372 98.9
620273600 17140750176 98.7 41259492875657972 98.9
620429900 17140756676 98.7 41259495722835956 98.9
620579800 17140761976 98.7 41259496503123956 98.9
620782700 17140766776 98.7 41259497600851956 98.9
620885200 17140772776 98.7 41259500693331956 98.9
621012100 17140777076 98.7 41259502365523956 98.9
621338200 17148222776 98.8 41276946837618676 99.0
621526900 17148226376 98.8 41276947660709876 99.0
637273100 17148231976 98.8 41276948641720372 99.0
637623200 17148236576 98.8 41276949424014260 99.0
637639900 17148240176 98.8 41276950669403060 99.0
637715600 17156666576 98.8 41296834837062580 99.0
638004500 17156672276 98.8 41296835856011060 99.0
638071800 17156676976 98.8 41296836645924660 99.0
638127700 17156680576 98.8 41296837427646260 99.0
638330900 17156683976 98.8 41296839113355060 99.0
638705100 17156686876 98.8 41296839944023860 99.0
638718100 17156691776 98.8 41296841699774260 99.0
642258500 17156695676 98.8 41296842376706484 99.0
642269400 17156698976 98.8 41296843125175796 99.0
642409800 17156704476 98.8 41296844759274996 99.0
642520900 17156708276 98.8 41296845465015796 99.0
642524200 17156712876 98.8 41296846494819316 99.0
642683700 17156716976 98.8 41296847279332404 99.0
642753200 17162548576 98.8 41310289341029428 99.1
642953200 17162552976 98.8 41310290395749428 99.1
643842900 17162556676 98.8 41310291211877428 99.1
643940800 17162561376 98.8 41310292334528052 99.1
650203400 17162567076 98.8 41310294554671156 99.1
650219000 17162571076 98.8 41310295216584756 99.1
650370400 17167187976 98.9 41320624413702196 99.1
650396700 17167190976 98.9 41320624842962996 99.1
650467400 17167196376 98.9 41320626300235828 99.1
650498600 17167199176 98.9 41320627099570228 99.1
650718600 17167204076 98.9 41320627805240500 99.1
650803600 17167209876 98.9 41320629896862900 99.1
651092900 17167213176 98.9 41320630724664500 99.1
651850700 17167217476 98.9 41320631419473332 99.1
656143400 17173224076 98.9 41334544868511156 99.1
656193400 17173229176 98.9 41334545909714356 99.1
656204800 17173233076 98.9 41334546902584756 99.1
656448600 17173236976 98.9 41334547700690356 99.1
656468500 17173242176 98.9 41334549094765876 99.1
656643300 17173246076 98.9 41334550883284276 99.1
656677600 17173252476 98.9 41334553470665268 99.1
656972100 17173258376 98.9 41334554965221428 99.1
657697200 17173262076 98.9 41334555945189428 99.1
657740300 17173265376 98.9 41334557078757428 99.1
671241700 17179364676 98.9 41348584302485556 99.2
671294200 17179369776 98.9 41348585686114356 99.2
671497300 17179374376 98.9 41348586397547380 99.2
671603500 17179377976 98.9 41348587468446580 99.2
671694700 17179382676 98.9 41348588721617780 99.2
672179500 17179385876 98.9 41348590321720180 99.2
672184100 17179391876 98.9 41348591007519476 99.2
672285400 17179395176 98.9 41348591772652276 99.2
672653500 17179398476 98.9 41348592725791476 99.2
672801600 17179402076 98.9 41348593413305076 99.2
678866100 17179406576 98.9 41348594390547956 99.2
679039000 17183228376 99.0 41357031792983540 99.2
679081800 17183232176 99.0 41357032545418740 99.2
679136500 17183234776 99.0 41357033068002836 99.2
679155600 17183239576 99.0 41357035966742036 99.2
679228900 17183243976 99.0 41357038380310036 99.2
679600000 17183250176 99.0 41357040794558228 99.2
679671100 17183253776 99.0 41357041592254228 99.2
679713700 17183257176 99.0 41357042605399828 99.2
679755200 17183260776 99.0 41357043626532628 99.2
687505000 17183264576 99.0 41357044655447828 99.2
687685400 17183268076 99.0 41357045340831508 99.2
687714100 17183271176 99.0 41357046133817108 99.2
687767700 17183276076 99.0 41357049681504276 99.2
687803100 17187418376 99.0 41366294531500052 99.2
687853000 17187423076 99.0 41366295328240468 99.2
687854200 17187427476 99.0 41366296507683668 99.2
688808700 17187431576 99.0 41366297835197268 99.2
688879500 17187436376 99.0 41366298857763668 99.2
688891300 17187441976 99.0 41366300427354452 99.2
695453900 17187445576 99.0 41366301298778452 99.2
695457700 17192372676 99.0 41377663056994644 99.2
695629900 17192377776 99.0 41377664264290644 99.2
695636300 17192380176 99.0 41377664878690644 99.2
695929200 17192385276 99.0 41377666397413844 99.2
695983200 17192389276 99.0 41377666989689044 99.2
696127700 17192394476 99.0 41377668472645844 99.2
696354200 17192397876 99.0 41377669324204244 99.2
696728300 17192403376 99.0 41377670445893844 99.2
696776600 17192408876 99.0 41377671981484244 99.2
703858300 17192411976 99.0 41377673124063444 99.2
703886300 17195382876 99.0 41384202499860692 99.2
704060100 17195385576 99.0 41384203216767572 99.2
704170100 17195389676 99.0 41384204145805972 99.2
704320400 17195392976 99.0 41384204864449172 99.2
704716500 17195395976 99.0 41384205586101460 99.2
704770700 17195401976 99.0 41384206896616660 99.2
705100700 17195406176 99.0 41384208057627860 99.2
705213100 17195412076 99.0 41384209579166804 99.2
705298000 17195417076 99.0 41384211572615252 99.2
714391100 17195422376 99.0 41384213881940052 99.2
714405900 17195427876 99.0 41384214972909652 99.2
714429600 17195431876 99.0 41384215538163284 99.2
714559400 17195436176 99.0 41384217063718484 99.2
714651700 17195439476 99.0 41384218126220884 99.2
714928200 17195445176 99.0 41384220418956884 99.2
715023400 17198840776 99.1 41391856584547924 99.3
715110300 17198843776 99.1 41391857674903124 99.3
715118900 17198847076 99.1 41391858575262228 99.3
715371000 17198852276 99.1 41391859679824788 99.3
724594800 17201994376 99.1 41398899530730388 99.3
724753600 17201998176 99.1 41398901287914388 99.3
724825700 17202003876 99.1 41398902524701588 99.3
724965500 17202007676 99.1 41398903447456788 99.3
725074600 17202011676 99.1 41398904439303188 99.3
725105200 17202014676 99.1 41398905370119188 99.3
725249300 17202021476 99.1 41398906830343188 99.3
725255200 17202025976 99.1 41398907407320980 99.3
725400200 17202031476 99.1 41398909016639380 99.3
725529800 17202035276 99.1 41398909924658900 99.3
736704300 17204213876 99.1 41403452256276180 99.3
736725000 17204218376 99.1 41403453072199380 99.3
736750500 17204221776 99.1 41403454345440980 99.3
736760400 17204226076 99.1 41403455227441108 99.3
736791700 17204230376 99.1 41403456105967892 99.3
736806000 17204233376 99.1 41403456910627092 99.3
736899900 17204236476 99.1 41403457866428692 99.3
736946400 17204240376 99.1 41403459367269652 99.3
736981000 17204242876 99.1 41403460306482452 99.3
737231700 17204246376 99.1 41403461711410452 99.3
743768400 17207067576 99.1 41409549073626388 99.3
743789700 17207070776 99.1 41409549938638804 99.3
744045100 17207074176 99.1 41409551472795604 99.3
744075400 17207078176 99.1 41409553997979604 99.3
744102300 17207081776 99.1 41409555274498004 99.3
744113800 17207083676 99.1 41409555850395604 99.3
744139200 17207084876 99.1 41409556358634004 99.3
744231300 17207088976 99.1 41409557683075604 99.3
757555400 17207097976 99.1 41409567335299604 99.3
757711900 17208817376 99.1 41413183817562644 99.3
757830600 17208820776 99.1 41413184772550932 99.3
757833900 17208822576 99.1 41413185029370132 99.3
757884300 17208825676 99.1 41413186307117332 99.3
769001400 17211000476 99.1 41417902515704084 99.3
769205100 17211018976 99.1 41417908870443284 99.3
769207100 17211020076 99.1 41417908934609184 99.3
776675000 17211025876 99.1 41417911233079584 99.3
776709800 17211044776 99.1 41417916928567584 99.3
776715800 17212394076 99.1 41420801376332064 99.3
776717400 17212398876 99.1 41420802008920736 99.3
776760600 17212402976 99.1 41420803015922336 99.3
777097600 17212405176 99.1 41420804107915936 99.3
777136800 17212407776 99.1 41420804425560736 99.3
789116100 17212411776 99.1 41420805937189536 99.3
789179700 17212414376 99.1 41420806926783136 99.3
789224100 17212415776 99.1 41420807202499232 99.3
789307300 17213899876 99.1 41424117576592032 99.3
789496900 17213902476 99.1 41424118146140832 99.3
801586300 17214750976 99.1 41425952832490144 99.3
801613100 17214753076 99.1 41425953100359552 99.3
801814900 17214760276 99.1 41425955479930752 99.3
806695600 17215557076 99.2 41427738341197696 99.4
806907400 17215569276 99.2 41427741723264896 99.4
819553900 17216199276 99.2 41429091333900160 99.4
819556900 17216199376 99.2 41429091335948160 99.4
819557400 17216199576 99.2 41429091363186560 99.4
819785900 17216221076 99.2 41429096293541760 99.4
819938900 17216225876 99.2 41429098560677760 99.4
830268500 17216673976 99.2 41430078093256576 99.4
843659700 17216779476 99.2 41430289201096576 99.4