# 2165428224 5345291884560384 950340 169092600 419548591799600 0 0
0 204898784 9.5 56214578790400 1.1
664900 344376176 15.9 308937886793728 5.8
1261400 427295776 19.7 481200720314368 9.0
1811300 489134476 22.6 620235589681152 11.6
2336000 538889976 24.9 739479509794816 13.8
2838800 580521776 26.8 844600176541696 15.8
3326600 616658276 28.5 939817605005312 17.6
3799600 648485976 29.9 1025628946038784 19.2
4250100 677049576 31.3 1104286423449600 20.7
4695600 702875376 32.5 1176712524070912 22.0
5126900 726510076 33.6 1243736273059840 23.3
5568700 748383676 34.6 1306442598449152 24.4
5978800 768603276 35.5 1365389439139840 25.5
6397500 787405776 36.4 1420487624228864 26.6
6781700 805209376 37.2 1472879757623296 27.6
7162600 821917076 38.0 1522981050253312 28.5
7579800 837517076 38.7 1570425255493632 29.4
7968000 852141876 39.4 1615630075691008 30.2
8355000 865962376 40.0 1658301699850240 31.0
8772000 879016376 40.6 1698775164780544 31.8
9139700 891498576 41.2 1737854782799872 32.5
9815700 891498876 41.2 1737854821916672 32.5
9815900 914585976 42.2 1810391517945856 33.9
10567100 935747176 43.2 1876467412951040 35.1
11219700 935747276 43.2 1876467413079040 35.1
11219800 955369576 44.1 1938046905144320 36.3
11867400 973511376 45.0 1995042540893184 37.3
12495100 990640176 45.7 2048921069245440 38.3
13120800 1006627376 46.5 2099390378497024 39.3
13803100 1021485676 47.2 2146600793232384 40.2
14459800 1035331276 47.8 2190614812775424 41.0
15046500 1048383376 48.4 2232187684475904 41.8
15671200 1060739876 49.0 2271205834970112 42.5
16455300 1060739976 49.0 2271205841933312 42.5
16455600 1078206476 49.8 2326384045954048 43.5
17303300 1094593076 50.5 2378151009948672 44.5
18213600 1109681876 51.2 2425734168286208 45.4
18213700 1109682276 51.2 2425734175249408 45.4
19071100 1123630076 51.9 2469710781600768 46.2
19761800 1136803376 52.5 2511129709761536 47.0
20515500 1149147276 53.1 2549728601822208 47.7
21294400 1161050576 53.6 2586831470162944 48.4
22357400 1175575876 54.3 2632158042616832 49.2
22357500 1175575976 54.3 2632158042821632 49.2
23427300 1189521376 54.9 2675823863829504 50.1
24512100 1202714976 55.5 2717626342167552 50.8
25368600 1202715076 55.5 2717626344215552 50.8
25368700 1202715176 55.5 2717626773476352 50.8
25368800 1215299476 56.1 2756749580243968 51.6
26073400 1227296976 56.7 2794455936996352 52.3
27233900 1241418976 57.3 2838614899102720 53.1
27234100 1241419076 57.3 2838614908728320 53.1
28671200 1254806976 57.9 2880552882009088 53.9
29538100 1254807076 57.9 2880552900645888 53.9
29538200 1267507876 58.5 2920094118597632 54.6
30362200 1279435176 59.1 2957246240019456 55.3
30362400 1279435276 59.1 2957246240224256 55.3
31648000 1293019676 59.7 2999401436509184 56.1
31649600 1293019876 59.7 2999401877238784 56.1
32829700 1305690376 60.3 3038467586946048 56.8
33908600 1317742076 60.9 3075773131813888 57.5
35373700 1329110976 61.4 3110441359143936 58.2
35373800 1329111076 61.4 3110441381057536 58.2
36438900 1341614576 62.0 3148577138070528 58.9
37744700 1353479176 62.5 3184583681823744 59.6
39013400 1364565676 63.0 3217865276445696 60.2
40292200 1376559676 63.6 3254051445462016 60.9
41470200 1387906476 64.1 3287898958648320 61.5
42906300 1399866876 64.6 3323560999048192 62.2
44024900 1399866976 64.6 3323560999188592 62.2
44025000 1411210776 65.2 3357209530398832 62.8
44702200 1422913776 65.7 3391411455981680 63.4
44702700 1422913876 65.7 3391411464992880 63.4
46831100 1422913976 65.7 3391411465197680 63.4
46831400 1433803276 66.2 3423587860715632 64.0
47972500 1444941276 66.7 3456333232445552 64.7
49422800 1455406876 67.2 3486882172999792 65.2
50826700 1455407076 67.2 3486882175252592 65.2
50826800 1466072976 67.7 3517424031832176 65.8
51588100 1466073176 67.7 3517424034084976 65.8
51588200 1476002076 68.2 3545964853033072 66.3
53099700 1486110876 68.6 3574805617145968 66.9
54527600 1495620976 69.1 3601768582969456 67.4
54845600 1505115576 69.5 3628461427226736 67.9
56557400 1514748176 70.0 3655711262677104 68.4
57596000 1524393376 70.4 3682859700623472 68.9
58664800 1524393476 70.4 3682859702671472 68.9
58665000 1533317176 70.8 3707879197890672 69.4
58665100 1533317276 70.8 3707879216527472 69.4
59472100 1533317476 70.8 3707879216799672 69.4
59472200 1542272476 71.2 3732803132219320 69.8
59472500 1542272576 71.2 3732803141230520 69.8
60938400 1551176576 71.6 3757686640336824 70.3
61306300 1551176676 71.6 3757686642384824 70.3
61306400 1551176776 71.6 3757686644432824 70.3
61306500 1559999776 72.0 3782042185523128 70.8
62892800 1559999976 72.0 3782042206207928 70.8
62893100 1568777076 72.4 3806459185463224 71.2
63422000 1577586076 72.9 3830895978610616 71.7
63840300 1586320176 73.3 3854594899967928 72.1
64531100 1595014076 73.7 3878394194558904 72.6
64831800 1603649676 74.1 3902041549266872 73.0
64832600 1603649776 74.1 3902041567903672 73.0
66797500 1612227276 74.5 3925729728118712 73.4
68164200 1612227376 74.5 3925729728248812 73.4
68164300 1612227476 74.5 3925729728389212 73.4
68164500 1612227576 74.5 3925729728594012 73.4
68164900 1621179076 74.9 3950177861042268 73.9
70675500 1630050676 75.3 3974798979170396 74.4
70912400 1638985376 75.7 3999297436975196 74.8
70912500 1638985476 75.7 3999297437116996 74.8
73658200 1648303876 76.1 4025112904280644 75.3
74447600 1648303976 76.1 4025112906328644 75.3
74447700 1654301576 76.4 4041550816766532 75.6
74447800 1654301676 76.4 4041550816924532 75.6
76666800 1663604976 76.8 4067006351987572 76.1
76667300 1663605076 76.8 4067006352126572 76.1
79620900 1673024776 77.3 4093176049234540 76.6
81393000 1673024876 77.3 4093176049372840 76.6
81393100 1673024976 77.3 4093176049577640 76.6
81393300 1682568776 77.7 4119494959050408 77.1
83880800 1692146176 78.1 4146045901614760 77.6
83881000 1692146476 78.1 4146045970159256 77.6
85683800 1701854576 78.6 4172775904646808 78.1
85684900 1701854676 78.6 4172775904851608 78.1
88082700 1701854776 78.6 4172775905056408 78.1
88083000 1701854876 78.6 4172775916320408 78.1
88084400 1711799776 79.1 4200543215433368 78.6
90164700 1721862876 79.5 4228558106408600 79.1
94905200 1728899276 79.8 4247737463223960 79.5
96327000 1739534476 80.3 4276736962868888 80.0
96328800 1739534576 80.3 4276737069160088 80.0
99455300 1750607276 80.8 4307000606201496 80.6
99455700 1750607376 80.8 4307000606340496 80.6
104581200 1760897276 81.3 4335151264839056 81.1
107876300 1773087876 81.9 4368395251234192 81.7
113317300 1785577476 82.5 4402190964766096 82.4
119121900 1785577576 82.5 4402190964970896 82.4
119123300 1797307476 83.0 4433923890435472 83.0
119123900 1797307576 83.0 4433923897603472 83.0
125173200 1797307676 83.0 4433923907024272 83.0
125173300 1797307776 83.0 4433923909072272 83.0
125173800 1809784376 83.6 4468426285233552 83.6
125176200 1809784476 83.6 4468426391524752 83.6
128537300 1809784676 83.6 4468426400664752 83.6
128537700 1809784876 83.6 4468426473983152 83.6
128538400 1823789176 84.2 4506043433340080 84.3
131654300 1837532676 84.9 4543493669113008 85.0
131655600 1837532776 84.9 4543493669317808 85.0
135658400 1837532976 84.9 4543493678943408 85.0
135658800 1849988676 85.4 4577481946885296 85.6
137287100 1849988976 85.4 4577481949279896 85.6
137287200 1860129576 85.9 4603942097745560 86.1
137716600 1860129676 85.9 4603942097950360 86.1
137716800 1871680876 86.4 4634809560241816 86.7
137716900 1871680976 86.4 4634809560372716 86.7
144679500 1878339076 86.7 4651764835063276 87.0
145662100 1886167876 87.1 4671559877957100 87.4
145662200 1886168076 87.1 4671559885329900 87.4
154380000 1892981376 87.4 4688600235946536 87.7
154380100 1892981576 87.4 4688600265847336 87.7
154381600 1892981776 87.4 4688600287351336 87.7
156231600 1892981876 87.4 4688600287556136 87.7
156231700 1892981976 87.4 4688600287760936 87.7
156233000 1899133676 87.7 4703463629214248 88.0
156233200 1899133776 87.7 4703463702327848 88.0
164703800 1903132376 87.9 4713072842306088 88.2
164806300 1908677376 88.1 4726140248846888 88.4
164806800 1908677676 88.1 4726140256629288 88.4
168430400 1914801176 88.4 4740863523009064 88.7
168430700 1914801276 88.4 4740863523139964 88.7
170174200 1920434476 88.7 4754175884374396 88.9
175002500 1927607076 89.0 4771705943339388 89.3
175003900 1927607776 89.0 4771705970912888 89.3
180322100 1936208776 89.4 4793502774750840 89.7
180322700 1936209176 89.4 4793502796869240 89.7
189368600 1945923576 89.9 4818506320178808 90.1
189369100 1945923776 89.9 4818506375474808 90.1
189369800 1945924076 89.9 4818506395750008 90.1
194096800 1956433076 90.3 4845475267153528 90.6
194097000 1956433176 90.3 4845475285790328 90.6
194097200 1956433376 90.3 4845475292691228 90.6
194098000 1956433476 90.3 4845475294739228 90.6
204202700 1964827876 90.7 4866411060394780 91.0
204202900 1964827976 90.7 4866411060599580 91.0
204660400 1971786576 91.1 4883261783874332 91.4
205978900 1971786676 91.1 4883261785922332 91.4
205979500 1977198876 91.3 4895925149915932 91.6
217271600 1981135176 91.5 4904962985843484 91.8
217272200 1981135276 91.5 4904962985984384 91.8
217704600 1981135376 91.5 4904962986113484 91.8
217706000 1985522776 91.7 4915001352288716 92.0
219989000 1990455576 91.9 4926686406408652 92.2
219989100 1990455776 91.9 4926686406818252 92.2
219990100 1990455976 91.9 4926686407227852 92.2
229909400 1990456076 91.9 4926686416648652 92.2
229909500 1996919476 92.2 4942431979616716 92.5
229910800 1996919576 92.2 4942431979745316 92.5
229913200 1996919676 92.2 4942432029306916 92.5
239297000 1996920076 92.2 4942432089722916 92.5
239297700 2005147476 92.6 4963122899636260 92.9
239426400 2006816076 92.7 4966979785510948 92.9
239975400 2012192376 92.9 4979784607649828 93.2
240340600 2013285576 93.0 4982178316603428 93.2
240347500 2020764976 93.3 5000728043376676 93.6
240349000 2020765076 93.3 5000728060170276 93.6
240350200 2020765176 93.3 5000728060299276 93.6
252360400 2021683676 93.4 5002902663530508 93.6
254634700 2021812076 93.4 5003216177367052 93.6
254635000 2021812176 93.4 5003216179415052 93.6
255329200 2022061176 93.4 5003750679988236 93.6
255346400 2022061276 93.4 5003750680193036 93.6
255347600 2025873376 93.6 5012432169101324 93.8
255349200 2025873576 93.6 5012432180160524 93.8
264354200 2030772276 93.8 5024011250509836 94.0
264354800 2030772676 93.8 5024011253030136 94.0
269841700 2037489576 94.1 5040680906104056 94.3
269841900 2037489676 94.1 5040680906308856 94.3
269843300 2037489776 94.1 5040680906513656 94.3
269844700 2037489976 94.1 5040680917163256 94.3
276558100 2042810976 94.3 5053720653880568 94.5
276560900 2042811076 94.3 5053720659205368 94.5
284594200 2042811176 94.3 5053720668216568 94.5
284596300 2046096176 94.5 5061262859377912 94.7
284596900 2046096276 94.5 5061262868389112 94.7
290689400 2046096376 94.5 5061262868593912 94.7
290690800 2046096476 94.5 5061262868798712 94.7
290691800 2049100076 94.6 5068242956115192 94.8
293228100 2053228876 94.8 5078259611524344 95.0
293230000 2053228976 94.8 5078259613572344 95.0
309532900 2053229076 94.8 5078259632209144 95.0
309534400 2057378176 95.0 5088453344918776 95.2
309535800 2057378376 95.0 5088453356797176 95.2
309536000 2057378576 95.0 5088453357131576 95.2
309568900 2059575676 95.1 5093506356270904 95.3
311351300 2059575776 95.1 5093506369378104 95.3
311352500 2062532076 95.2 5100489565198136 95.4
311352800 2062532176 95.2 5100489574414136 95.4
325802600 2065579776 95.4 5107862461445944 95.6
325802800 2065579876 95.4 5107862541727544 95.6
325805400 2065579976 95.4 5107862543775544 95.6
325806000 2065580076 95.4 5107862543904144 95.6
328324200 2065580276 95.4 5107862544240044 95.6
328325300 2065580476 95.4 5107862546492844 95.6
328326500 2069006276 95.5 5116168743234988 95.7
336826700 2069006376 95.5 5116168745282988 95.7
336827600 2070800876 95.6 5120402513227180 95.8
336829200 2070800976 95.6 5120402513356880 95.8
340204800 2072884276 95.7 5125357799893072 95.9
340205100 2072884376 95.7 5125357801941072 95.9
347733200 2073359676 95.7 5126503288514640 95.9
348600500 2074682676 95.8 5129506691197008 96.0
348805500 2074696076 95.8 5129533269117008 96.0
351723100 2074705576 95.8 5129555682224208 96.0
351726000 2074705676 95.8 5129555682429008 96.0
359445300 2074705776 95.8 5129555682559208 96.0
359447700 2077454876 95.9 5136104520975592 96.1
366093900 2077605076 95.9 5136452142531816 96.1
366094300 2077605176 95.9 5136452151952616 96.1
368622400 2077705276 95.9 5136707163145448 96.1
371222400 2077873276 96.0 5137085501326568 96.1
371594500 2079312876 96.0 5140544207242472 96.2
371595600 2079312976 96.0 5140544215434472 96.2
371597500 2079313076 96.0 5140544215639272 96.2
372697300 2079313276 96.0 5140544217815272 96.2
372699000 2080625676 96.1 5143651045742824 96.2
377286300 2081737076 96.1 5146180888697064 96.3
377287500 2081737276 96.1 5146180959892568 96.3
384614600 2083034776 96.2 5149244915741784 96.3
395918600 2083726976 96.2 5150791660500056 96.4
395920800 2083727176 96.2 5150791662752856 96.4
397398000 2084661076 96.3 5152953135846488 96.4
401929100 2085205676 96.3 5154140295058520 96.4
417086900 2085894776 96.3 5155682334594136 96.5
424449300 2086268776 96.3 5156469096633432 96.5
432829300 2086609976 96.4 5157202069083224 96.5
442129800 2086816376 96.4 5157620415157336 96.5
442132100 2086816476 96.4 5157620415291836 96.5
447101800 2086875176 96.4 5157741613089212 96.5
450542200 2086894276 96.4 5157773841646012 96.5