# 1952963328 4784000862257152 950340 143779600 370226547051600 0 0
0 168804000 8.6 -6002619449344 -0.1
495400 290163800 14.9 182853300125696 3.8
955000 366199600 18.8 319099594866688 6.7
1390200 424123400 21.7 433228385091584 9.1
1804300 471109400 24.1 533088404766720 11.1
2205500 510380000 26.1 622176730349568 13.0
2594300 544483800 27.9 703329499873280 14.7
2982600 574411600 29.4 777567556599808 16.3
3355300 601544300 30.8 847397596954624 17.7
3720500 626122600 32.1 912386508718080 19.1
4078500 648534000 33.2 972799430623232 20.3
4416000 669264000 34.3 1030124610781184 21.5
4758200 688456800 35.3 1083811915890688 22.7
5094100 706634900 36.2 1135568926801920 23.7
5426300 723731700 37.1 1184840611266560 24.8
5760700 739713800 37.9 1231974182158336 25.8
6097500 754519500 38.6 1275929544359936 26.7
6431500 768374200 39.3 1317875352600576 27.5
6729300 781439300 40.0 1357615682551808 28.4
7050400 793859700 40.6 1395810822520832 29.2
7351900 805607400 41.3 1432860682616832 30.0
7949000 827704600 42.4 1501675139366912 31.4
8514700 847820800 43.4 1565029283397632 32.7
9088600 866547700 44.4 1624034424913920 33.9
9684600 883993700 45.3 1678772273152000 35.1
10204700 900359700 46.1 1730310064570368 36.2
10764100 915578100 46.9 1778489841680384 37.2
11314900 929681400 47.6 1823738345553920 38.1
11805400 942918100 48.3 1866522670661632 39.0
12331400 955340100 48.9 1907083377115136 39.9
12819800 967122200 49.5 1945301397012480 40.7
13597400 983891100 50.4 1999642782859264 41.8
14311600 999553100 51.2 2049972241432576 42.9
15056500 1013909300 51.9 2097074032082944 43.8
15759700 1027173400 52.6 2140143502753792 44.7
16357700 1039590300 53.2 2180716808896512 45.6
17005900 1051285200 53.8 2218652560523264 46.4
17655200 1062610200 54.4 2254619400994816 47.1
18592900 1076423500 55.1 2300015322071040 48.1
19469500 1089332500 55.8 2342037638610944 49.0
20330800 1101643000 56.4 2382175466946560 49.8
21077200 1113384900 57.0 2419838207131648 50.6
21737000 1124418900 57.6 2455633701216256 51.3
22644600 1137435600 58.2 2497798393405440 52.2
23747000 1149741600 58.9 2537454463983616 53.0
24722100 1161291400 59.5 2574771274752000 53.8
25390800 1172321300 60.0 2610497018241024 54.6
26480900 1184753900 60.7 2650276124532736 55.4
27719900 1196389600 61.3 2687573234655232 56.2
28702100 1207441400 61.8 2722621627408384 56.9
29892000 1217840500 62.4 2755578979262464 57.6
30589600 1229183500 62.9 2791238448553984 58.3
31772800 1239912800 63.5 2824995396231168 59.1
32925100 1249897300 64.0 2856266675625984 59.7
34264300 1260707300 64.6 2889613745430528 60.4
35168700 1270789800 65.1 2920943533268992 61.1
36818800 1281453600 65.6 2953983741501440 61.7
36819300 1281453700 65.6 2953983748259840 61.7
37311300 1281454100 65.6 2953983902269440 61.7
37311400 1291517300 66.1 2984954728988672 62.4
38979300 1301899800 66.7 3016812369985536 63.1
40503400 1311641700 67.2 3046561075085312 63.7
41005400 1321847800 67.7 3077470029529088 64.3
42940100 1331292000 68.2 3105683036356608 64.9
43800900 1340994400 68.7 3135014261407744 65.5
45224400 1350203500 69.1 3162293746188288 66.1
46312900 1359482600 69.6 3190117649530880 66.7
46971300 1368165400 70.1 3215749934661632 67.2
47847700 1376766900 70.5 3240948159660032 67.7
49117100 1385344800 70.9 3265891175940096 68.3
50006000 1385345000 70.9 3265891261136896 68.3
50006400 1393974000 71.4 3290911572148224 68.8
51920100 1402206100 71.8 3314747084554240 69.3
52148300 1410311300 72.2 3338488667619328 69.8
53800200 1418546000 72.6 3362555787395072 70.3
53931800 1426767900 73.1 3386248173371392 70.8
55768900 1434900100 73.5 3409577802383360 71.3
56409600 1443097500 73.9 3433015248076800 71.8
56477100 1451275000 74.3 3456368379871232 72.2
56784500 1459416700 74.7 3479613160210432 72.7
59241200 1467577500 75.1 3502629260804096 73.2
60208500 1475728600 75.6 3525624410849280 73.7
60944000 1483985400 76.0 3548859546386432 74.2
62801600 1492287700 76.4 3572282020511744 74.7
63915700 1500492600 76.8 3595374084145152 75.2
67130600 1507468300 77.2 3615053452328960 75.6
68053300 1515632200 77.6 3637973708881920 76.0
69481000 1524008700 78.0 3661393479778304 76.5
73049200 1530872500 78.4 3680861035610112 76.9
74081000 1539260600 78.8 3704572597944320 77.4
75478100 1547760700 79.3 3728498904449024 77.9
77180000 1556327600 79.7 3752862687346688 78.4
81101500 1564878800 80.1 3776939938463744 78.9
82689600 1573660300 80.6 3801518257913856 79.5
85420100 1582637900 81.0 3826787372941312 80.0
88676000 1591740300 81.5 3852310719414272 80.5
91450500 1601374900 82.0 3879058678923264 81.1
96045800 1609563300 82.4 3901945779503104 81.6
98451200 1619941600 82.9 3930959057436672 82.2
98452000 1619941800 82.9 3930959070953472 82.2
102474400 1630866300 83.5 3961340004466688 82.8
108190300 1639800700 84.0 3985962645127168 83.3
111462700 1651473100 84.6 4017959201472512 84.0
116234600 1663063200 85.2 4049324433276928 84.6
118326300 1673456500 85.7 4077807121268736 85.2
118836400 1684688500 86.3 4108426366746624 85.9
125308800 1693848100 86.7 4133211993866240 86.4
128495900 1700896500 87.1 4151929197101056 86.8
129993700 1708815500 87.5 4172809298051072 87.2
134742600 1715056400 87.8 4188713755934720 87.6
137346800 1720752600 88.1 4203195035090944 87.9
137346900 1720752700 88.1 4203195035295744 87.9
137941200 1724031500 88.3 4211202975080448 88.0
145174600 1724078600 88.3 4211318479208448 88.0
145338600 1728148500 88.5 4221457155309568 88.2
148037900 1733105500 88.7 4233809906974720 88.5
149709400 1738235100 89.0 4246691992387584 88.8
150155500 1743934700 89.3 4260821384118272 89.1
158158500 1743934800 89.3 4260821390876672 89.1
158158700 1749779800 89.6 4275656148148224 89.4
162210200 1757538000 90.0 4295856209813504 89.8
164922200 1766123000 90.4 4318241220747264 90.3
173716200 1771601200 90.7 4332567033831424 90.6
175727200 1778969500 91.1 4351803672256512 91.0
182718500 1785036400 91.4 4367404878815232 91.3
184526500 1789904700 91.7 4379463772299264 91.5
185423100 1794323700 91.9 4390170437902336 91.8
189438400 1798634100 92.1 4400598774734848 92.0
194849000 1798691500 92.1 4400735679029248 92.0
195204600 1802757900 92.3 4410384607223808 92.2
201540100 1808731500 92.6 4425283010961408 92.5
207508400 1815832900 93.0 4443508169908224 92.9
212138600 1816711400 93.0 4445595143118848 92.9
212468000 1816970500 93.0 4446233570320384 92.9
212966300 1817265700 93.1 4446991531122688 93.0
213204000 1823300200 93.4 4462396204130304 93.3
213488800 1823626300 93.4 4463196459311104 93.3
223804600 1823789500 93.4 4463587067371520 93.3
224231500 1824031900 93.4 4464171608973312 93.3
224558800 1824464800 93.4 4465240545894400 93.3
224697400 1824604400 93.4 4465574968467456 93.3
225319900 1828478400 93.6 4475018889568256 93.5
228204000 1831917000 93.8 4483467966324736 93.7
229792300 1835835600 94.0 4492974270357504 93.9
234773200 1836641200 94.0 4494960571359232 94.0
237261900 1836768400 94.1 4495259670519808 94.0
238196000 1842217800 94.3 4508890933075968 94.2
238592600 1847357200 94.6 4521951869902848 94.5
245476600 1847410300 94.6 4522080515432448 94.5
248535200 1847456400 94.6 4522173144014848 94.5
250011500 1850227900 94.7 4528785519321088 94.7
250388600 1850281700 94.7 4528934491643904 94.7
251549700 1851965100 94.8 4533025963106304 94.8
256756300 1856054500 95.0 4543353500327936 95.0
258501200 1856617800 95.1 4544723503276032 95.0
264170000 1858471800 95.2 4549164734341120 95.1
272027200 1859595100 95.2 4551998121959424 95.2
273454800 1862764500 95.4 4559883996487680 95.3
275493200 1864905400 95.5 4564952557543424 95.4
276409200 1867368300 95.6 4571064194818048 95.5
285155000 1867564300 95.6 4571538013937664 95.6
290950000 1869399000 95.7 4576136596938752 95.7
296526900 1871874700 95.8 4582349643046912 95.8
298734400 1874156600 96.0 4587924774838272 95.9
299800700 1874167000 96.0 4587947568668672 95.9
302230900 1875686600 96.0 4591560063197184 96.0
306545800 1875701100 96.0 4591599121014784 96.0
308485200 1875721200 96.0 4591660257910784 96.0
309583700 1876938200 96.1 4594647609253888 96.0
314021300 1878240700 96.2 4597808228868096 96.1
321016800 1879921500 96.3 4601972734959616 96.2
321321600 1879963600 96.3 4602079810846720 96.2
322331600 1879965300 96.3 4602082599403520 96.2
322771700 1880039400 96.3 4602253160366080 96.2
324488100 1880505100 96.3 4603373332348928 96.2
325196200 1880842800 96.3 4604246431514624 96.2
337819000 1881104600 96.3 4604903141359616 96.3
337820500 1881104700 96.3 4604903141501516 96.3
337991400 1881804500 96.4 4606490936437324 96.3
338491000 1882548600 96.4 4608272834587212 96.3
339440500 1883117200 96.4 4609613948480076 96.4
341724900 1884192800 96.5 4612232814488140 96.4
352107300 1884998500 96.5 4614193745717836 96.5
355671400 1885487500 96.5 4615329544890956 96.5
355671900 1885487600 96.5 4615329546938956 96.5
363525500 1886072900 96.6 4616741338917452 96.5
372772900 1886451600 96.6 4617644497676876 96.5
376741300 1886716300 96.6 4618240324708940 96.5
386359900 1886902000 96.6 4618663113763404 96.5
393022100 1886957100 96.6 4618797303351884 96.5
395085800 1886961600 96.6 4618805126097484 96.5