# 7411096064 17370876043329536 950340 348274000 770269750614500 0 0
0 908085696 12.3 286272589398016 1.6
1430400 1525603200 20.6 1439045569740800 8.3
2716500 1878282912 25.3 2233462048161792 12.9
3912700 2129770816 28.7 2865521179492352 16.5
5042700 2325038624 31.4 3393412254400512 19.5
6116700 2485563520 33.5 3848164767432704 22.2
7154500 2622282224 35.4 4247548642459648 24.5
8149200 2741433120 37.0 4602170267664384 26.5
9117500 2847588528 38.4 4921124672503808 28.3
10044000 2943151528 39.7 5213025346781184 30.0
10952600 3030081528 40.9 5479346319917056 31.5
11826600 3109331624 42.0 5723608827559936 32.9
12677800 3182697832 42.9 5951881994043392 34.3
13524000 3250886936 43.9 6163300920328192 35.5
14364900 3314550936 44.7 6361313122975744 36.6
15157900 3374025736 45.5 6547145268133888 37.7
15986000 3429687036 46.3 6722139113652224 38.7
16772900 3481821636 47.0 6885612330156032 39.6
17543300 3530855136 47.6 7039837810982912 40.5
18278300 3577320036 48.3 7186155502043136 41.4
19024800 3621588236 48.9 7326105937641472 42.2
19026100 3621641636 48.9 7326130966044672 42.2
20480900 3703507236 50.0 7582447802720256 43.7
20483800 3703604236 50.0 7582494817144832 43.7
21872400 3779294740 51.0 7819509940482048 45.0
23231900 3848560436 51.9 8034985664704512 46.3
23232000 3848560736 51.9 8034985669005312 46.3
24609700 3912860536 52.8 8234192862416896 47.4
24612200 3912896836 52.8 8234206966173696 47.4
25888700 3912931036 52.8 8234222016720896 47.4
25890600 3973360236 53.6 8419843943362560 48.5
27154500 4029297336 54.4 8590918463451136 49.5
27156600 4029359236 54.4 8590948101902336 49.5
28509900 4081711736 55.1 8750896744091648 50.4
28510000 4081778736 55.1 8750926320078848 50.4
29714200 4131047636 55.7 8901151860953088 51.2
30924700 4177682636 56.4 9042740186394624 52.1
32094400 4177711936 56.4 9042753803137024 52.1
32097700 4222040436 57.0 9176807223472128 52.8
33810400 4284377136 57.8 9363453348818944 53.9
33815700 4284460336 57.8 9363490930110464 53.9
33815900 4284460636 57.8 9363490949156864 53.9
35492100 4342732936 58.6 9536707483521024 54.9
35492300 4342816536 58.6 9536752973422592 54.9
37186200 4396724136 59.3 9696206754848768 55.8
37189900 4396746136 59.3 9696217017991168 55.8
38771900 4447443636 60.0 9846108507717632 56.7
38772800 4447515236 60.0 9846138649772032 56.7
40313100 4495058336 60.7 9985585122967552 57.5
40317000 4495079736 60.7 9985596966551552 57.5
41993400 4540066736 61.3 10116936328265728 58.2
41998300 4540136836 61.3 10116978346483712 58.2
41998400 4540136936 61.3 10116978374131712 58.2
43400000 4540158336 61.3 10116987930509312 58.2
43403400 4583220436 61.8 10241402043334656 59.0
45321900 4636723736 62.6 10395435592810496 59.8
47269300 4636746536 62.6 10395446768746496 59.8
47273500 4686825136 63.2 10540388493213696 60.7
49117500 4733821836 63.9 10674420530987008 61.5
49117700 4733822136 63.9 10674420549939708 61.5
50819900 4733837936 63.9 10674427299738108 61.5
50826200 4778502136 64.5 10801063479325180 62.2
50830200 4778517936 64.5 10801069808873980 62.2
50830400 4778518036 64.5 10801069810921980 62.2
52535000 4820257836 65.0 10918834785890812 62.9
52544700 4820304736 65.0 10918857797218812 62.9
54724700 4820320836 65.0 10918872180322812 62.9
54731800 4869793536 65.7 11058472928408060 63.7
54735000 4869867036 65.7 11058509642904060 63.7
54738700 4869894036 65.7 11058526102680060 63.7
56617100 4869942836 65.7 11058553636401660 63.7
56626700 4916473936 66.3 11188952828097020 64.4
56627100 4916474036 66.3 11188952830145020 64.4
58918300 4960208736 66.9 11310651022078460 65.1
58928300 4960208936 66.9 11310651024268160 65.1
58928400 4960253736 66.9 11310674252684160 65.1
60581600 4960279436 66.9 11310688177855360 65.1
60586300 4960279636 66.9 11310688178139060 65.1
60586400 4960294036 66.9 11310696368295860 65.1
60589500 5001405336 67.5 11424193546670004 65.8
60594700 5001435236 67.5 11424207569360820 65.8
63108100 5048231936 68.1 11553597015922612 66.5
63108300 5048232036 68.1 11553597026572212 66.5
63117100 5048232136 68.1 11553597026711512 66.5
63117300 5048282936 68.1 11553623116797912 66.5
65580200 5048307136 68.1 11553635064829912 66.5
65583200 5048318436 68.1 11553639960983512 66.5
65583600 5092055436 68.7 11673626717501400 67.2
65590400 5092089336 68.7 11673646141552600 67.2
65591000 5092102736 68.7 11673652540119000 67.2
67517300 5092123336 68.7 11673660488407000 67.2
67526800 5133360236 69.3 11785689232562136 67.8
67538000 5133382736 69.3 11785699239499736 67.8
69824600 5133382836 69.3 11785699241547736 67.8
69824700 5172360236 69.8 11890812509542360 68.5
69824900 5172360336 69.8 11890812535551960 68.5
69839600 5172360436 69.8 11890812535691060 68.5
69839900 5172392836 69.8 11890829546993460 68.5
69846100 5172420436 69.8 11890845124491060 68.5
72006800 5172488536 69.8 11890873861003060 68.5
72011800 5214960636 70.4 12006026279507764 69.1
74305400 5215017636 70.4 12006050047391540 69.1
74311600 5255125336 70.9 12113396531017524 69.7
74311900 5255125736 70.9 12113396535373824 69.7
74316600 5255135136 70.9 12113400851329024 69.7
76689200 5255141436 70.9 12113404427956224 69.7
76690400 5292763136 71.4 12214119313895424 70.3
76713400 5292796036 71.4 12214135015475200 70.3
79281500 5292812736 71.4 12214143779891200 70.3
79285100 5333629036 72.0 12322872890255360 70.9
79295800 5333653136 72.0 12322889239439360 70.9
81717600 5333665536 72.0 12322902139586560 70.9
81725100 5372137536 72.5 12425172382500864 71.5
81727200 5372146836 72.5 12425179282008064 71.5
81728100 5372153736 72.5 12425184925476864 71.5
81739000 5372178136 72.5 12425201684670464 71.5
81741300 5372196636 72.5 12425212179028992 71.5
84313600 5372196736 72.5 12425212188040192 71.5
84314200 5372214636 72.5 12425221792340992 71.5
84323000 5412792336 73.0 12532116490296320 72.1
84344100 5412840236 73.0 12532143699000320 72.1
86962800 5412840336 73.0 12532143701048320 72.1
86963400 5450664136 73.5 12630890678350848 72.7
86976000 5450683636 73.5 12630899942683648 72.7
89180500 5450696836 73.5 12630906236187648 72.7
89193300 5450703136 73.5 12630909292213248 72.7
89196500 5450726236 73.5 12630921904002048 72.7
89206200 5450733336 73.5 12630924760347648 72.7
89214100 5450747736 73.5 12630932324430848 72.7
89216400 5490226636 74.1 12733651760526336 73.3
92162700 5527334036 74.6 12829719852561408 73.9
92171900 5527343336 74.6 12829724183403520 73.9
92172700 5527364336 74.6 12829734547026944 73.9
92174600 5527375936 74.6 12829740138963968 73.9
92194500 5527391936 74.6 12829748662125568 73.9
94759700 5527402936 74.6 12829755107310592 73.9
94776100 5527428836 74.6 12829772023380992 73.9
94787000 5527438336 74.6 12829775901064192 73.9
94790800 5565515536 75.1 12928389247761408 74.4
97391600 5601435436 75.6 13020609283980288 75.0
97407500 5601466136 75.6 13020622387289088 75.0
100687300 5637961236 76.1 13113475570473984 75.5
100704300 5637965836 76.1 13113477317008384 75.5
100720600 5637981936 76.1 13113483196816384 75.5
100722700 5637996036 76.1 13113488977091584 75.5
100725700 5638017436 76.1 13113500106355712 75.5
102684300 5638038436 76.1 13113511562867712 75.5
102689600 5638050636 76.1 13113518738445312 75.5
102711200 5672465536 76.5 13201556072109056 76.0
102719100 5672473636 76.5 13201562880480256 76.0
102725500 5672484936 76.5 13201567784006656 76.0
102745100 5672498736 76.5 13201576763872256 76.0
106535400 5672519136 76.5 13201584238389760 76.0
106563200 5672526136 76.5 13201588774914560 76.0
106598700 5707230336 77.0 13289498081643008 76.5
106614200 5707246236 77.0 13289503689476608 76.5
106621100 5707259036 77.0 13289512095492608 76.5
109344700 5707264736 77.0 13289514847185408 76.5
109363800 5707273836 77.0 13289518958340608 76.5
109364300 5739915636 77.5 13372128493529600 77.0
109379900 5739926436 77.5 13372133327963648 77.0
109383000 5739934336 77.5 13372136184040704 77.0
109391500 5739944036 77.5 13372139282935808 77.0
109403000 5739961536 77.5 13372147587985408 77.0
111817000 5739973636 77.5 13372159537041408 77.0
111833700 5772886636 77.9 13455263740055552 77.5
111840700 5772895236 77.9 13455268696766976 77.5
111845200 5772912736 77.9 13455277749336576 77.5
111849500 5772919036 77.9 13455283001852416 77.5
111863300 5772930436 77.9 13455289445474816 77.5
111872700 5772937136 77.9 13455292738658816 77.5
115516700 5772946636 77.9 13455297768956416 77.5
115517500 5772958136 77.9 13455302494716416 77.5
115533500 5772966436 77.9 13455306973692416 77.5
115541600 5806073536 78.3 13537995663786496 77.9
115542900 5806079436 78.3 13537998725546496 77.9
115544800 5806093936 78.3 13538005628267008 77.9
115548800 5806101036 78.3 13538009734507008 77.9
115562400 5806111936 78.3 13538014573601280 77.9
118921800 5838948436 78.8 13620330373292544 78.4
118942500 5838956036 78.8 13620336893714944 78.4
118954700 5838964436 78.8 13620342489055744 78.4
118960400 5838994636 78.8 13620356027154944 78.4
118975900 5839001236 78.8 13620359374406144 78.4
118999900 5839007736 78.8 13620361939730944 78.4
121060600 5839015836 78.8 13620368107897344 78.4
121083300 5839024036 78.8 13620370812486144 78.4
121086000 5839035636 78.8 13620377444860928 78.4
121091900 5839042736 78.8 13620380692814848 78.4
121107900 5839053636 78.8 13620389856590848 78.4
121126600 5839060736 78.8 13620392823323648 78.4
121128100 5839067636 78.8 13620397683974144 78.4
121129000 5870109936 79.2 13697540824702976 78.9
122781700 5870115136 79.2 13697542667288576 78.9
122811600 5870115236 79.2 13697542667493376 78.9
122812000 5870125936 79.2 13697549667352576 78.9
122819000 5901227936 79.6 13774882424176640 79.3
122820100 5901246036 79.6 13774894480957440 79.3
122830100 5901256936 79.6 13774898078883840 79.3
122831500 5901259536 79.6 13774899616522240 79.3
122832300 5901270436 79.6 13774906391306240 79.3
122839400 5901276836 79.6 13774909575536640 79.3
127805600 5932143036 80.0 13850877916880896 79.7
127810200 5932143136 80.0 13850877917085696 79.7
127810400 5932151336 80.0 13850880964100096 79.7
127827700 5932174036 80.0 13850891873796096 79.7
127832100 5932195036 80.0 13850905024080384 79.7
127832400 5932206536 80.0 13850912374431744 79.7
127864300 5932214236 80.0 13850915538182144 79.7
130343300 5932223036 80.0 13850920671084544 79.7
130368600 5932235136 80.0 13850927475359744 79.7
130369500 5932235236 80.0 13850927477407744 79.7
130370300 5932240536 80.0 13850929837113344 79.7
130381100 5962739036 80.5 13926359730487296 80.2
130399800 5962748236 80.5 13926364155332608 80.2
130400300 5962760836 80.5 13926372249233408 80.2
130442400 5962776836 80.5 13926384387934208 80.2
133001800 5962783936 80.5 13926389099488256 80.2
133015000 5962789736 80.5 13926391627464448 80.2
133026200 5962805536 80.5 13926400850837248 80.2
133045900 5962819736 80.5 13926409294536448 80.2
133059100 5962830536 80.5 13926414720917248 80.2
133108600 5962839836 80.5 13926419413499648 80.2
133121700 5992990736 80.9 14000567309467392 80.6
137588600 6022843736 81.3 14073511666679552 81.0
137596600 6022855036 81.3 14073517601578752 81.0
137615000 6022865636 81.3 14073521345145856 81.0
137615400 6022875736 81.3 14073528794541056 81.0
137617400 6022884336 81.3 14073532496505856 81.0
137624500 6022899036 81.3 14073540091104256 81.0
137628700 6022909836 81.3 14073546227936256 81.0
138544700 6052670936 81.7 14146327871319040 81.4
138561700 6052677636 81.7 14146331090570240 81.4
138582300 6052689236 81.7 14146340424330240 81.4
138609300 6052699836 81.7 14146345410186240 81.4
138610000 6052711436 81.7 14146349866019840 81.4
138667500 6052721136 81.7 14146354658749440 81.4
138677000 6052730236 81.7 14146359728983040 81.4
142956100 6052739736 81.7 14146365253053440 81.4
142963900 6052748536 81.7 14146369363799040 81.4
142970500 6052757136 81.7 14146376135026688 81.4
142977300 6052773436 81.7 14146384382117888 81.4
142988400 6052781336 81.7 14146388012812288 81.4
143008600 6082186936 82.1 14218220720080896 81.9
143046200 6082196436 82.1 14218224223594496 81.9
143055500 6082206936 82.1 14218227101368320 81.9
147087700 6082215336 82.1 14218230338846720 81.9
147101100 6111413936 82.5 14289658899759104 82.3
147135600 6111420736 82.5 14289661139656704 82.3
147161100 6111435936 82.5 14289670095151104 82.3
147163700 6111448136 82.5 14289676620079104 82.3
147168900 6111455536 82.5 14289679707643904 82.3
147179000 6111467536 82.5 14289684513071104 82.3
147189400 6111476136 82.5 14289687884004608 82.3
150247600 6111483636 82.5 14289693090020608 82.3
150261300 6111490836 82.5 14289696968523008 82.3
150266500 6140201236 82.9 14359270049037568 82.7
150267200 6140207236 82.9 14359273419635968 82.7
150272400 6140219336 82.9 14359279136423168 82.7
150280000 6140226936 82.9 14359282664307968 82.7
150283700 6140236036 82.9 14359287634394368 82.7
150286600 6140245036 82.9 14359293429005568 82.7
150334400 6140258936 82.9 14359299560040192 82.7
154017600 6140266536 82.9 14359303997032192 82.7
154052300 6169706836 83.2 14430748823455488 83.1
154071500 6169716636 83.2 14430752438175488 83.1
154116000 6169723636 83.2 14430755017158400 83.1
154120500 6169731536 83.2 14430758688608000 83.1
154127700 6169742536 83.3 14430762851168000 83.1
154137400 6169749036 83.3 14430766317612800 83.1
154162900 6169755736 83.3 14430769085484800 83.1
154243600 6169761536 83.3 14430770974969600 83.1
158020000 6169770736 83.3 14430774282694400 83.1
158031600 6198648636 83.6 14500533829381888 83.5
158037100 6198664536 83.6 14500542669573888 83.5
158046200 6198673036 83.6 14500546949484288 83.5
158051100 6198682736 83.6 14500552240697088 83.5
158075900 6198693636 83.6 14500557690355456 83.5
158115000 6198702836 83.6 14500561654054656 83.5
158121200 6198710436 83.6 14500564233510656 83.5
161366400 6198720036 83.6 14500569360269056 83.5
161384900 6198732236 83.6 14500575583936256 83.5
161440800 6198749236 83.6 14500583165017856 83.5
161446400 6198759036 83.6 14500587059085056 83.5
161456200 6198768336 83.6 14500592651290368 83.5
161480000 6198779136 83.6 14500603944093440 83.5
161500900 6198788436 83.6 14500609406723840 83.5
161512900 6227004236 84.0 14569294959929088 83.9
165871900 6227027436 84.0 14569307048174336 83.9
165880500 6255663136 84.4 14639350675071744 84.3
165972100 6255670836 84.4 14639353410994944 84.3
166001000 6255683236 84.4 14639358640153344 84.3
166014900 6255700036 84.4 14639367694566144 84.3
166021000 6255715236 84.4 14639377467007744 84.3
171233400 6255724536 84.4 14639382754738944 84.3
171257500 6255733936 84.4 14639386946175744 84.3
171278600 6255744736 84.4 14639392799974144 84.3
171302200 6255752336 84.4 14639396572594944 84.3
171347500 6255760536 84.4 14639399729447680 84.3
171352500 6255770336 84.4 14639403815002880 84.3
171367300 6255781136 84.4 14639410613208832 84.3
171381300 6283793436 84.8 14707780234659584 84.7
175921000 6311803936 85.2 14776636256962304 85.1
175931600 6311812536 85.2 14776640675112704 85.1
175932400 6311822736 85.2 14776648436146944 85.1
175934100 6311831536 85.2 14776659078578944 85.1
175940500 6311843836 85.2 14776667747967744 85.1
175963100 6311860136 85.2 14776681700892416 85.1
175965400 6311866136 85.2 14776684654722816 85.1
176015500 6311873036 85.2 14776687195624448 85.1
176087000 6311880236 85.2 14776690656949248 85.1
180384700 6311892236 85.2 14776697114702848 85.1
180463900 6311901536 85.2 14776701066662912 85.1
180493500 6311912136 85.2 14776707749491712 85.1
180519400 6311922236 85.2 14776712762586112 85.1
180547600 6311929336 85.2 14776715500623872 85.1
180558500 6311938736 85.2 14776721153923072 85.1
180561600 6311948936 85.2 14776724482537472 85.1
180640100 6311960836 85.2 14776729200719872 85.1
180642000 6340204636 85.6 14845866065229824 85.5
185897800 6340214936 85.6 14845872184449024 85.5
185899700 6340230136 85.6 14845879722432000 85.5
185915400 6340242436 85.6 14845885929715200 85.5
185916400 6340249436 85.6 14845889244129024 85.5
185931200 6340259136 85.6 14845893049108224 85.5
185942400 6340267136 85.6 14845896455751424 85.5
185943900 6340275836 85.6 14845899063189248 85.5
185955200 6367761336 85.9 14913788118064896 85.9
185983300 6367769436 85.9 14913790883479296 85.9
190761100 6367778236 85.9 14913794765053696 85.9
190765800 6367788336 85.9 14913800419991296 85.9
190781400 6395242936 86.3 14981387765997312 86.2
190790300 6395253136 86.3 14981394580717312 86.2
190836400 6395266836 86.3 14981401853984512 86.2
190848700 6395283036 86.3 14981410032058112 86.2
190862700 6395292636 86.3 14981414584903936 86.2
190901600 6395299436 86.3 14981417399974656 86.2
197445100 6422688136 86.7 15048825733085952 86.6
197580200 6422694236 86.7 15048828738041344 86.6
197588200 6422704036 86.7 15048832332486144 86.6
197603400 6422723336 86.7 15048840550700544 86.6
197612200 6422733736 86.7 15048844935397888 86.6
197648800 6422744736 86.7 15048850887773696 86.6
197651000 6422758436 86.7 15048856418602496 86.6
197707500 6422768936 86.7 15048861426986496 86.6
201707200 6422784036 86.7 15048868005981696 86.6
201742500 6422793736 86.7 15048872632618496 86.6
201745600 6422805736 86.7 15048877650013696 86.6
201759400 6422814536 86.7 15048881622928896 86.6
201768300 6422822236 86.7 15048884451626496 86.6
201780000 6450036336 87.0 15116250476793344 87.0
201806000 6450051436 87.0 15116261269483008 87.0
201853200 6450065636 87.0 15116268558519808 87.0
207623100 6450075236 87.0 15116272555191808 87.0
207627200 6450085436 87.0 15116277291191808 87.0
207639600 6450091736 87.0 15116280085073408 87.0
207682200 6450100636 87.0 15116284208311808 87.0
207701500 6450106636 87.0 15116287256145408 87.0
207717100 6450120136 87.0 15116294455275008 87.0
207750000 6477285936 87.4 15183943746956800 87.4
207762600 6477297336 87.4 15183948743065088 87.4
207770200 6477305736 87.4 15183952732978688 87.4
207804300 6477317236 87.4 15183958307851776 87.4
213264200 6477325936 87.4 15183961241202176 87.4
213289700 6477341636 87.4 15183968158583296 87.4
213290300 6477352336 87.4 15183976220125696 87.4
213292200 6477364836 87.4 15183984709031936 87.4
213295200 6477378236 87.4 15183988968614656 87.4
213324100 6504570836 87.8 15251736155351808 87.8
213324500 6504584536 87.8 15251744946391808 87.8
213383700 6504600936 87.8 15251751647243008 87.8
213386800 6504611436 87.8 15251762588273408 87.8
219892000 6504624936 87.8 15251772887665408 87.8
219894300 6531734436 88.1 15319796575505152 88.2
219909900 6531745436 88.1 15319802286762752 88.2
219914000 6531755736 88.1 15319809002359552 88.2
219959200 6531767436 88.1 15319815818310912 88.2
220076700 6531775036 88.1 15319820142395136 88.2
220078400 6531795636 88.1 15319828115259136 88.2
220109300 6531806736 88.1 15319835341217536 88.2
227433800 6531818736 88.1 15319845187591936 88.2
227453300 6559277236 88.5 15388910388223744 88.6
227472600 6559287636 88.5 15388918058188544 88.6
227534800 6559296236 88.5 15388921150668544 88.6
227545000 6559307436 88.5 15388928324402944 88.6
227552400 6559316136 88.5 15388932232948224 88.6
227553500 6559333536 88.5 15388944317991424 88.6
227555800 6559343136 88.5 15388948105562624 88.6
227601300 6559357936 88.5 15388959342529024 88.6
233623000 6559375936 88.5 15388977915767296 88.6
233631100 6559389836 88.5 15388984188381696 88.6
233687500 6559400736 88.5 15388990711597568 88.6
233699700 6559410636 88.5 15388994127661568 88.6
233773300 6559425236 88.5 15389005514062336 88.6
233830200 6559434436 88.5 15389008164663808 88.6
233837900 6559453936 88.5 15389019924075008 88.6
233896300 6586822236 88.9 15457636292235776 89.0
241363900 6614370936 89.2 15526907529662976 89.4
241402200 6614384536 89.2 15526915714134528 89.4
241426600 6614400536 89.2 15526922235517440 89.4
241429400 6614413936 89.3 15526928642071040 89.4
241487000 6614425836 89.3 15526932320893440 89.4
241530600 6614437036 89.3 15526937556195840 89.4
241535200 6614455036 89.3 15526951573117440 89.4
241546400 6614469336 89.3 15526955359050240 89.4
250191600 6614481636 89.3 15526960120650240 89.4
250258800 6614492736 89.3 15526966303283712 89.4
250277400 6642174936 89.6 15596861489568256 89.8
250290100 6642184636 89.6 15596869664365056 89.8
250329500 6642195236 89.6 15596875957869056 89.8
250355700 6642206736 89.6 15596880441555456 89.8
250388600 6642216036 89.6 15596884259641856 89.8
250402400 6642231136 89.6 15596892516153856 89.8
250404400 6642244436 89.6 15596899376339456 89.8
258223600 6642258236 89.6 15596905040288256 89.8
258397500 6642270136 89.6 15596910256408064 89.8
258437200 6642288836 89.6 15596918167627264 89.8
258499600 6642305736 89.6 15596930741323264 89.8
258512700 6642321136 89.6 15596944245425664 89.8
258561200 6670453736 90.0 15667711347820032 90.2
258568800 6670466436 90.0 15667717339039232 90.2
258576800 6670486836 90.0 15667729274708480 90.2
258591600 6670498136 90.0 15667733281955584 90.2
264190700 6670512636 90.0 15667740282980096 90.2
264203500 6670526436 90.0 15667747388925696 90.2
264232100 6698249836 90.4 15737690620962560 90.6
264304500 6698262736 90.4 15737695442364160 90.6
264323400 6698279536 90.4 15737703209813760 90.6
264350600 6698296136 90.4 15737709602645760 90.6
264395500 6698308336 90.4 15737717933295360 90.6
264411800 6698319636 90.4 15737723160008448 90.6
264573000 6698333036 90.4 15737729657288448 90.6
271750600 6725485936 90.7 15806107340191488 91.0
271751200 6725501636 90.7 15806114543417088 91.0
271812500 6725517036 90.7 15806127086393088 91.0
271817400 6725531436 90.7 15806133142943488 91.0
271866900 6725542736 90.7 15806138232633088 91.0
271870500 6725552336 90.7 15806141149804288 91.0
271875100 6725566536 90.7 15806144840709888 91.0
271879900 6725583936 90.8 15806155183224576 91.0
271954900 6725596436 90.8 15806161606552320 91.0
272087500 6725606536 90.8 15806164240654592 91.0
278878100 6725620736 90.8 15806169921947904 91.0
278929500 6750330636 91.1 15868083410635008 91.3
278977900 6750342236 91.1 15868087533463808 91.3
278986000 6750352236 91.1 15868091930519808 91.3
279025000 6750365336 91.1 15868099060427008 91.3
279067000 6750381836 91.1 15868105618942208 91.3
279123400 6750390936 91.1 15868109885269248 91.3
279225700 6750401736 91.1 15868116162798848 91.3
279237100 6750416736 91.1 15868123879253248 91.3
279255200 6750430436 91.1 15868130084898048 91.3
286478000 6750446236 91.1 15868139929838848 91.3
286532200 6750454836 91.1 15868143428578560 91.3
286581300 6750465736 91.1 15868148446348544 91.3
286610400 6750476136 91.1 15868152838645504 91.3
286654700 6750488036 91.1 15868158405046016 91.3
286839700 6772932536 91.4 15924095027310336 91.7
286859500 6772946736 91.4 15924102072635136 91.7
286936700 6772958536 91.4 15924107336199936 91.7
287001700 6772973536 91.4 15924113216622336 91.7
291224100 6772983736 91.4 15924116686343936 91.7
291393800 6772994536 91.4 15924123023265536 91.7
291435900 6773006336 91.4 15924126559012608 91.7
291477800 6793318336 91.7 15974358072198912 92.0
291540900 6793328336 91.7 15974360955578112 92.0
291561200 6793338136 91.7 15974364717139712 92.0
291581800 6793350136 91.7 15974368510381824 92.0
291582500 6793360036 91.7 15974371752980224 92.0
291585000 6793374036 91.7 15974378265005824 92.0
291634900 6793386136 91.7 15974382725754624 92.0
297133700 6793399736 91.7 15974387776048896 92.0
297315500 6793410236 91.7 15974393015985920 92.0
297356800 6793419136 91.7 15974396856600320 92.0
297425900 6793429336 91.7 15974400763774720 92.0
297434000 6793439336 91.7 15974404930225920 92.0
297446600 6811887136 91.9 16019262822762240 92.2
297594900 6811900436 91.9 16019270296528640 92.2
297629100 6811915236 91.9 16019276931843840 92.2
297731000 6811930936 91.9 16019292132919040 92.2
304657100 6811939336 91.9 16019296642205440 92.2
304679100 6811946636 91.9 16019298514282240 92.2
304772900 6811956836 91.9 16019303873283840 92.2
304828800 6811966436 91.9 16019305745155840 92.2
304846200 6811977836 91.9 16019312378627840 92.2
304919100 6811986636 91.9 16019315691063040 92.2
304945300 6828692836 92.1 16059544892311296 92.5
304994600 6828700536 92.1 16059548171159296 92.5
305070300 6828710236 92.1 16059551538685696 92.5
305124000 6828719936 92.1 16059556102988032 92.5
308896200 6828730636 92.1 16059562536780032 92.5
308981500 6828740636 92.1 16059565752549632 92.5
309038000 6828755236 92.1 16059573573656832 92.5
309057900 6828762236 92.1 16059577347301632 92.5
309198300 6828770136 92.1 16059580716671232 92.5
309219200 6828779836 92.1 16059584892338432 92.5
309383100 6844419636 92.4 16096720383344896 92.7
309484400 6844427636 92.4 16096723123773696 92.7
309588900 6844437136 92.4 16096728533297920 92.7
316513800 6844448836 92.4 16096732978816768 92.7
316545000 6844457736 92.4 16096737197871872 92.7
316555300 6844468336 92.4 16096742502128384 92.7
316616300 6844476836 92.4 16096747171163392 92.7
316708400 6859418236 92.6 16132158077611264 92.9
316767400 6859427936 92.6 16132163330321664 92.9
316835800 6859436036 92.6 16132166084204288 92.9
316885000 6859448136 92.6 16132171504850688 92.9
316911000 6859459836 92.6 16132175679215616 92.9
322013600 6859473936 92.6 16132182922377216 92.9
322021500 6859483236 92.6 16132187915644928 92.9
322103200 6859493736 92.6 16132195018042368 92.9
322140400 6859504136 92.6 16132201030560768 92.9
322202700 6859516036 92.6 16132210639571968 92.9
322276800 6859526936 92.6 16132213319724032 92.9
322381400 6859537636 92.6 16132217069592576 92.9
322727500 6859548136 92.6 16132222137982976 92.9
322874900 6873882736 92.8 16166009559375872 93.1
327546100 6873893936 92.8 16166015138537472 93.1
327597200 6873909536 92.8 16166021393948672 93.1
327632300 6873921236 92.8 16166026131614720 93.1
327709000 6873931636 92.8 16166031545707520 93.1
327764000 6873942136 92.8 16166036791659520 93.1
327867000 6873955336 92.8 16166042577054720 93.1
327885900 6888587236 92.9 16200568787348480 93.3
327972100 6888597936 92.9 16200572517166080 93.3
328048200 6888608636 92.9 16200578207738880 93.3
328097600 6888619936 93.0 16200581773306880 93.3
337573500 6888632736 93.0 16200590279879680 93.3
337662700 6888643236 93.0 16200597916666880 93.3
337693600 6888655336 93.0 16200603473095680 93.3
337737900 6888667536 93.0 16200610421345280 93.3
337828300 6888679536 93.0 16200616058874880 93.3
337874500 6888693636 93.0 16200623193287680 93.3
337934000 6888702236 93.0 16200630535162880 93.3
338052300 6888715836 93.0 16200636096711680 93.3
338150600 6888730636 93.0 16200643162106880 93.3
338275100 6903710436 93.2 16236843256212480 93.5
342922700 6903724636 93.2 16236848849710080 93.5
343101000 6903740536 93.2 16236855618113024 93.5
343122700 6919329136 93.4 16275061306756608 93.7
343223000 6919339336 93.4 16275071459922432 93.7
343228000 6919355836 93.4 16275078446264832 93.7
343246800 6919369736 93.4 16275084026040832 93.7
343349800 6919387636 93.4 16275091672248832 93.7
343369500 6919401036 93.4 16275097233388032 93.7
343559800 6919412836 93.4 16275102317064704 93.7
352706400 6919424836 93.4 16275106869768704 93.7
352721000 6919440136 93.4 16275116263739904 93.7
352768100 6919460536 93.4 16275129449992704 93.7
352847300 6919476836 93.4 16275136314274304 93.7
352852500 6919493836 93.4 16275144262152704 93.7
352864600 6936104536 93.6 16316536254493184 93.9
352882600 6936120636 93.6 16316543895926784 93.9
353070700 6936137236 93.6 16316554513782784 93.9
353109800 6936151836 93.6 16316560468689408 93.9
353303200 6936166636 93.6 16316565468267008 93.9
360484500 6936184036 93.6 16316571941518848 93.9
360503600 6936203336 93.6 16316582710107648 93.9
360540300 6936218536 93.6 16316587975030272 93.9
360615800 6936236136 93.6 16316595649500672 93.9
360859100 6953642736 93.8 16360290004358656 94.2
360949400 6953660236 93.8 16360297803757056 94.2
360973700 6953679436 93.8 16360306172499456 94.2
360976700 6953696936 93.8 16360311520032256 94.2
361037900 6953717236 93.8 16360318077728256 94.2
371152700 6953732336 93.8 16360325574369280 94.2
371173600 6971419836 94.1 16404713541279744 94.4
371271900 6971435136 94.1 16404720596781568 94.4
371293700 6971456036 94.1 16404728508000768 94.4
371382600 6971471336 94.1 16404735565613568 94.4
371495200 6971489036 94.1 16404744525608448 94.4
371629300 6971508036 94.1 16404753805279744 94.4
371713400 6971527236 94.1 16404760466399744 94.4
371769500 6971543336 94.1 16404766859846144 94.4
372135100 6971563836 94.1 16404775086047744 94.4
380088600 6971582136 94.1 16404784852959744 94.4
380275400 6971596236 94.1 16404790852370944 94.4
380285500 6971610136 94.1 16404800570950144 94.4
380388300 6971624736 94.1 16404806566816256 94.4
380394900 6971639636 94.1 16404812639482368 94.4
380526200 6971656836 94.1 16404818677740032 94.4
380541000 6987556736 94.3 16444242224493056 94.7
380594900 6987569036 94.3 16444247329337856 94.7
380777700 6987585036 94.3 16444255127097856 94.7
380841500 6987601536 94.3 16444263441568256 94.7
385989700 6987617236 94.3 16444271390675456 94.7
386177900 6987628136 94.3 16444278617362432 94.7
386341100 6987643936 94.3 16444283314245632 94.7
386405300 6987664436 94.3 16444296201285632 94.7
386487600 6987680936 94.3 16444300994009600 94.7
386498300 7001271236 94.5 16477342185806336 94.9
386624600 7001287736 94.5 16477350568270336 94.9
386684600 7001301736 94.5 16477356728859136 94.9
386725500 7001316836 94.5 16477365821159936 94.9
386871300 7001331136 94.5 16477372405889536 94.9
394257800 7001350336 94.5 16477381781633536 94.9
394288800 7001362036 94.5 16477386524316672 94.9
394330600 7001373636 94.5 16477392901788672 94.9
394429400 7001385336 94.5 16477399309161472 94.9
394750800 7001398336 94.5 16477404409500672 94.9
394776800 7013279336 94.6 16505671925502976 95.0
394838300 7013292836 94.6 16505676174283776 95.0
394927700 7013303436 94.6 16505680754635776 95.0
395023900 7013317436 94.6 16505686203134976 95.0
395105600 7013329736 94.6 16505692948837376 95.0
403964600 7013340536 94.6 16505696659813376 95.0
404175800 7013351436 94.6 16505699386930176 95.0
404281500 7013363036 94.6 16505703155250176 95.0
404356700 7013380636 94.6 16505710488114176 95.0
404405000 7013393636 94.6 16505715853821440 95.0
404422500 7013411736 94.6 16505721452234240 95.0
404495700 7013426636 94.6 16505727536359424 95.0
404518900 7013441236 94.6 16505732606797824 95.0
404533200 7013453836 94.6 16505736682932224 95.0
404760200 7024179536 94.8 16530751790909440 95.2
408273900 7024197236 94.8 16530759923852288 95.2
408470500 7024213536 94.8 16530770280997888 95.2
408557600 7024231436 94.8 16530777044927488 95.2
408593700 7024251536 94.8 16530783912690688 95.2
408748000 7024272636 94.8 16530791021503488 95.2
408788600 7024288736 94.8 16530795992815616 95.2
408803600 7024305836 94.8 16530801712470016 95.2
408926500 7034884436 94.9 16555788240459776 95.3
409022200 7034902836 94.9 16555795022116352 95.3
409143200 7034918236 94.9 16555800554583552 95.3
419532200 7034941036 94.9 16555809233019392 95.3
419658400 7034960436 94.9 16555815039983104 95.3
419740300 7034983836 94.9 16555826171272704 95.3
419808400 7046062236 95.1 16582045554105856 95.5
420238400 7046080636 95.1 16582054147718656 95.5
420301600 7046110636 95.1 16582064665363968 95.5
420321400 7046132036 95.1 16582073463508480 95.5
420565000 7046149636 95.1 16582080144922624 95.5
420624300 7046167836 95.1 16582086933262336 95.5
420773400 7046187936 95.1 16582095346786304 95.5
425747800 7046219036 95.1 16582106896482304 95.5
426074800 7046247636 95.1 16582117210005504 95.5
426075300 7046269636 95.1 16582125502767104 95.5
426086100 7058300636 95.2 16611180268658688 95.6
426100100 7058326736 95.2 16611188396351488 95.6
426137400 7058349136 95.2 16611194540761088 95.6
426230700 7058377336 95.2 16611206899007488 95.6
426479500 7058398436 95.2 16611215509618688 95.6
426790800 7058425736 95.2 16611225787711488 95.6
426897300 7058451936 95.2 16611234822388736 95.6
437592800 7071596136 95.4 16644329061645312 95.8
438029000 7071627336 95.4 16644342322240512 95.8
438375900 7071652236 95.4 16644352513088512 95.8
438386900 7071675836 95.4 16644361660275712 95.8
438397800 7071715036 95.4 16644376843957248 95.8
438661700 7071748236 95.4 16644389724042240 95.8
438785900 7071779036 95.4 16644401732695040 95.8
438814300 7071804336 95.4 16644412007038976 95.8
438865200 7071832036 95.4 16644421341143040 95.8
438889300 7071855536 95.4 16644430870691840 95.8
449140900 7071877436 95.4 16644437730877440 95.8
449464200 7071902136 95.4 16644449494179840 95.8
449468600 7071921836 95.4 16644456306237440 95.8
449527600 7071946736 95.4 16644466989975552 95.8
449616500 7071971736 95.4 16644476216625152 95.8
449632400 7071988636 95.4 16644483499862016 95.8
449673400 7084234236 95.6 16674740701407232 96.0
449724400 7084255536 95.6 16674748473976832 96.0
449990900 7084274836 95.6 16674755857016832 96.0
450048400 7084298636 95.6 16674765700048896 96.0
455159900 7084321136 95.6 16674773115856896 96.0
455293700 7084336436 95.6 16674777443690496 96.0
455297400 7084354736 95.6 16674784730679296 96.0
455554700 7084372936 95.6 16674791658233344 96.0
455622600 7093842736 95.7 16697400370273792 96.1
455783300 7093858136 95.7 16697406152801792 96.1
455941300 7093875136 95.7 16697411885563392 96.1
455963700 7093895236 95.7 16697421035393536 96.1
456156900 7093909736 95.7 16697427348914688 96.1
456260500 7093929136 95.7 16697433722287104 96.1
463257100 7093944136 95.7 16697438546760704 96.1
463604100 7101983436 95.8 16715926663402496 96.2
463730800 7102003536 95.8 16715934299165696 96.2
463797500 7102022436 95.8 16715940622217216 96.2
463919600 7102039936 95.8 16715947779158016 96.2
464035500 7102059236 95.8 16715955423099392 96.2
464068200 7102073236 95.8 16715960404787200 96.2
464446100 7102088636 95.8 16715968479846400 96.2
464550400 7102107536 95.8 16715976451878400 96.2
464636900 7102130836 95.8 16715990375820800 96.2
471646600 7102149436 95.8 16715996231667200 96.2
471840000 7102171836 95.8 16716005191388672 96.2
472194300 7110174236 95.9 16734783585324544 96.3
472214500 7110195436 95.9 16734795253124608 96.3
472378900 7110218536 95.9 16734802087022592 96.3
472549300 7110239236 95.9 16734809185595392 96.3
472693200 7110259136 95.9 16734814801620992 96.3
472714200 7110281336 95.9 16734822877704192 96.3
473162500 7110302236 95.9 16734833422577664 96.3
473223700 7110327536 95.9 16734843997976576 96.3
476985500 7110355436 95.9 16734854828005376 96.3
477513300 7110387536 95.9 16734864690403328 96.3
477669400 7110416336 95.9 16734876076873728 96.3
477684400 7110448536 95.9 16734886550345728 96.3
477735900 7110480736 95.9 16734899519715328 96.3
477972000 7110504536 95.9 16734908143843328 96.3
478067000 7110525636 95.9 16734916653283328 96.3
478237200 7110550236 95.9 16734924820365824 96.3
478263900 7110583936 95.9 16734938106970624 96.3
478341400 7119335536 96.1 16755684810179072 96.5
486492100 7119367836 96.1 16755699099421184 96.5
486645300 7119389336 96.1 16755706019817984 96.5
487071000 7129145036 96.2 16779388796643840 96.6
487144400 7129169736 96.2 16779397365196800 96.6
487200700 7129187336 96.2 16779406384179200 96.6
487553600 7129217936 96.2 16779420025991168 96.6
487790000 7129237936 96.2 16779429144506368 96.6
487868700 7129261536 96.2 16779435546963968 96.6
488086200 7129290836 96.2 16779446569095168 96.6
488524000 7129311536 96.2 16779458616045568 96.6
501358500 7129333536 96.2 16779467760158720 96.6
501650100 7129349136 96.2 16779472483665920 96.6
501654900 7129366636 96.2 16779479433758720 96.6
501691900 7137744336 96.3 16799549505554432 96.7
501698500 7137761336 96.3 16799554770348032 96.7
501796800 7137776236 96.3 16799560636024832 96.7
501828000 7137793336 96.3 16799565835282432 96.7
502146200 7137808736 96.3 16799570758469632 96.7
502992200 7137829836 96.3 16799578107103232 96.7
503042900 7137848436 96.3 16799584060229632 96.7
510330700 7137856236 96.3 16799585785604096 96.7
511466700 7137871236 96.3 16799590683191296 96.7
511500300 7137886436 96.3 16799597157533696 96.7
511525700 7137899736 96.3 16799600707673088 96.7
511586800 7137915936 96.3 16799605483609088 96.7
511775700 7144337536 96.4 16814169703029760 96.8
511814500 7144359736 96.4 16814179624156160 96.8
512259100 7144377536 96.4 16814186920081408 96.8
512398700 7144390936 96.4 16814191065438208 96.8
512700200 7144410636 96.4 16814198094993408 96.8
512750000 7150501236 96.5 16828085629523968 96.9
512823400 7150513736 96.5 16828089162323968 96.9
512834300 7150534236 96.5 16828096002029568 96.9
512932100 7150549436 96.5 16828101499066368 96.9
513115400 7150574036 96.5 16828110760531968 96.9
513411200 7150593536 96.5 16828120590317568 96.9
513706400 7150613936 96.5 16828127814045696 96.9
514006400 7150634436 96.5 16828134194794496 96.9
514095400 7150659036 96.5 16828146097987584 96.9
514198200 7150681336 96.5 16828154322141184 96.9
527867900 7150706036 96.5 16828162370500608 96.9
528364800 7150734336 96.5 16828172191889408 96.9
528463700 7150762936 96.5 16828181846980608 96.9
528704400 7157536836 96.6 16844040881600512 97.0
529068400 7157567336 96.6 16844051561233408 97.0
529157500 7157595236 96.6 16844060716612608 97.0
529179500 7157623436 96.6 16844070096452608 97.0
529260800 7157652436 96.6 16844079152708608 97.0
529513200 7157685236 96.6 16844093304928256 97.0
529541400 7157707536 96.6 16844100596217856 97.0
539742100 7157726836 96.6 16844105627271168 97.0
539954400 7157752436 96.6 16844115789469696 97.0
540018800 7157766736 96.6 16844122843191296 97.0
540130200 7165173336 96.7 16861911003895808 97.1
540694200 7165190136 96.7 16861918263984128 97.1
540719900 7165203736 96.7 16861922791907328 97.1
540953300 7165219336 96.7 16861929494601728 97.1
541033800 7165236336 96.7 16861936711883264 97.1
541091100 7165249836 96.7 16861941467068928 97.1
541167800 7165270136 96.7 16861948267657728 97.1
548832900 7165282236 96.7 16861953357142528 97.1
549052600 7165298636 96.7 16861960686729728 97.1
549553800 7165310536 96.7 16861965354940928 97.1
550111000 7165324936 96.7 16861970505046528 97.1
550532400 7170762636 96.8 16874300481640960 97.1
550794100 7170779036 96.8 16874306525698560 97.1
550841500 7170789536 96.8 16874309995420160 97.1
551072500 7170803836 96.8 16874314088552960 97.1
551166200 7170814936 96.8 16874316991657984 97.1
551207600 7170825836 96.8 16874320654301184 97.1
555091200 7175575536 96.8 16885067292669952 97.2
555263200 7175590136 96.8 16885070543665152 97.2
555572200 7175612636 96.8 16885077729482752 97.2
555626000 7175630736 96.8 16885084329292800 97.2
555825500 7175651236 96.8 16885090115507200 97.2
556094000 7175669636 96.8 16885096108160000 97.2
556159200 7175691536 96.8 16885104941928448 97.2
556279500 7175718036 96.8 16885116981096448 97.2
556390100 7175739836 96.8 16885126518159360 97.2
556663300 7175762536 96.8 16885136396892160 97.2
571378800 7175787236 96.8 16885143479080960 97.2
571438900 7175811036 96.8 16885151268661760 97.2
571445300 7175829336 96.8 16885156791093760 97.2
571451300 7175852436 96.8 16885165105973760 97.2
571893400 7175872436 96.8 16885171689332736 97.2
572048700 7175896736 96.8 16885182086005760 97.2
572200200 7175913036 96.8 16885186425651712 97.2
572370300 7181449636 96.9 16898189595378176 97.3
572717200 7181465736 96.9 16898195409445376 97.3
572914600 7181481836 96.9 16898203850686976 97.3
579286600 7181496236 96.9 16898210015166976 97.3
579418000 7181506436 96.9 16898213843083776 97.3
579670100 7181519336 96.9 16898218160882176 97.3
579847100 7181532836 96.9 16898225036222976 97.3
580074500 7181545136 96.9 16898228375266304 97.3
580395300 7181559636 96.9 16898232937391104 97.3
580454500 7187094436 97.0 16910812830540800 97.4
580635400 7187110036 97.0 16910818740994048 97.4
581122400 7187121136 97.0 16910822071656448 97.4
581218800 7187132636 97.0 16910825637571072 97.4
585880200 7187145036 97.0 16910829590620672 97.4
586271400 7187157836 97.0 16910835184527872 97.4
587162600 7187184336 97.0 16910841197927424 97.4
587208400 7191119836 97.0 16919541825444864 97.4
587243700 7191136436 97.0 16919547877899264 97.4
587399700 7191156436 97.0 16919558321470464 97.4
587571100 7191176236 97.0 16919564347640320 97.4
588014200 7191196636 97.0 16919570497169920 97.4
588028100 7191217036 97.0 16919578420472320 97.4
588157100 7191234836 97.0 16919584107973120 97.4
594574000 7191252536 97.0 16919589018462720 97.4
594788000 7191268336 97.0 16919594069035520 97.4
594802400 7191287336 97.0 16919599739270144 97.4
594848400 7191315736 97.0 16919610001798144 97.4
594858000 7191335836 97.0 16919616693977088 97.4
595097600 7195638136 97.1 16929300835450880 97.5
595466100 7195658836 97.1 16929308676833280 97.5
595720900 7195682536 97.1 16929314646690304 97.5
595952900 7195701836 97.1 16929319379823104 97.5
596720300 7195714436 97.1 16929322436463104 97.5
615504700 7195726636 97.1 16929328976474112 97.5
615765600 7195736236 97.1 16929331026112512 97.5
616153600 7195749436 97.1 16929335262123008 97.5
616326500 7195762236 97.1 16929339081977344 97.5
616455500 7195771836 97.1 16929342078406144 97.5
616464900 7195784236 97.1 16929345173138944 97.5
616977800 7195795736 97.1 16929349531282944 97.5
617340200 7195809036 97.1 16929355776658944 97.5
617881300 7195820036 97.1 16929358206406144 97.5
618041700 7200530136 97.2 16939914875309568 97.5
620656800 7200542936 97.2 16939918588878080 97.5
621262900 7200555436 97.2 16939922467175680 97.5
621694800 7200573536 97.2 16939929376643328 97.5
621954800 7200589536 97.2 16939934412265728 97.5
621960500 7200612036 97.2 16939940463081728 97.5
622072200 7203891236 97.2 16946980789516544 97.6
622188200 7203907436 97.2 16946988079577344 97.6
622284000 7203921836 97.2 16946993164407040 97.6
622612600 7203939036 97.2 16946998845968640 97.6
622764600 7203952936 97.2 16947003642384640 97.6
638187400 7203967336 97.2 16947009013674240 97.6
638880200 7203978936 97.2 16947013999735040 97.6
639016400 7207681336 97.3 16955286416601344 97.6
639080000 7207702336 97.3 16955293887981824 97.6
639102000 7207718336 97.3 16955299064916224 97.6
639311600 7207730636 97.3 16955303292807424 97.6
639411400 7207756736 97.3 16955310408788224 97.6
639852600 7207769636 97.3 16955314308589824 97.6
639904100 7207787236 97.3 16955324238932224 97.6
640332300 7207799636 97.3 16955327773165824 97.6
650922400 7207806536 97.3 16955329340295424 97.6
651059300 7207819436 97.3 16955333680212224 97.6
651159100 7207833736 97.3 16955337864405504 97.6
651480800 7207846636 97.3 16955343847842304 97.6
651618000 7207855136 97.3 16955347272507904 97.6
651928300 7207866236 97.3 16955351101448704 97.6
652368000 7211191636 97.3 16962637928702464 97.6
652398700 7211200136 97.3 16962640531559680 97.6
652421100 7211209236 97.3 16962643260724480 97.6
652837900 7211219736 97.3 16962646782260480 97.6
670055300 7211236036 97.3 16962653651662080 97.6
670320800 7211248736 97.3 16962658062171904 97.6
670426500 7211259036 97.3 16962660155842304 97.6
670774800 7211271736 97.3 16962663749263104 97.7
670985300 7211283636 97.3 16962666764123904 97.7
671098900 7211299336 97.3 16962670232002304 97.7
671266800 7211312536 97.3 16962674851061504 97.7
671357000 7211321736 97.3 16962678617333504 97.7
671575200 7211337436 97.3 16962682592091904 97.7
671585400 7213936536 97.3 16968159899082496 97.7
677774900 7213942636 97.3 16968161967972096 97.7
677971200 7213950536 97.3 16968165083594496 97.7
678029100 7213960836 97.3 16968168044797696 97.7
678204200 7213967336 97.3 16968169635274496 97.7
678231300 7213974136 97.3 16968171850391296 97.7
678339600 7213980636 97.3 16968174767152896 97.7
678380600 7213987836 97.3 16968177112522496 97.7
678608600 7213994836 97.3 16968179575037696 97.7
678901100 7214003836 97.3 16968182783844096 97.7
679232000 7217017236 97.4 16974711752269568 97.7
688264600 7217024636 97.4 16974715068396032 97.7
688373500 7217037236 97.4 16974717825208832 97.7
688622200 7217045736 97.4 16974719838597632 97.7
688827600 7217054636 97.4 16974721925919232 97.7
688835200 7217061136 97.4 16974724417452800 97.7
688884200 7217071336 97.4 16974726970284800 97.7
689054100 7217080936 97.4 16974729312992000 97.7
689301500 7217090536 97.4 16974731765062400 97.7
689323700 7217098036 97.4 16974735212460800 97.7
689508600 7219124236 97.4 16979006003264256 97.7
703542400 7221565336 97.4 16984347018967808 97.8
703663300 7221573036 97.4 16984348775332608 97.8
703668200 7221576936 97.4 16984350083185408 97.8
703748100 7221581136 97.4 16984351575563008 97.8
703966500 7221586836 97.4 16984353055243008 97.8
703989600 7221595136 97.4 16984356171070208 97.8
704237200 7221602036 97.4 16984357663447808 97.8
704275200 7221606636 97.4 16984358853540608 97.8
704413500 7221611936 97.4 16984360547851008 97.8
714305600 7221620636 97.4 16984363667364608 97.8
714341000 7221637236 97.4 16984367700286208 97.8
714607600 7221643936 97.4 16984369135934208 97.8
714623000 7221650836 97.4 16984371347159808 97.8
714754000 7221655336 97.4 16984371986545408 97.8
714912200 7223161436 97.5 16987465522461440 97.8
715247200 7223166736 97.5 16987467888515840 97.8
715324000 7223175236 97.5 16987470864055040 97.8
730244100 7224842936 97.5 16991105521810176 97.8
730349800 7224847136 97.5 16991107161643776 97.8
730414000 7224853636 97.5 16991108879710976 97.8
739920300 7225857336 97.5 16993232641817344 97.8
740345600 7225884236 97.5 16993241202672384 97.8
740407900 7225887736 97.5 16993241680061184 97.8
740466100 7225892336 97.5 16993242826995712 97.8
758576800 7226820036 97.5 16995212691175424 97.8
758795300 7226836436 97.5 16995216215578624 97.8
769820400 7227402236 97.5 16996448700143616 97.8
769995400 7227416036 97.5 16996452489148416 97.8
770076400 7227420336 97.5 16996453278857216 97.8
781620400 7227667236 97.5 16996961611102208 97.8
789761200 7227732136 97.5 16997097763575808 97.8