# 6711713280 16312331961106432 950340 306886900 662595061985800 0 0
0 905104576 13.5 479079174242304 2.9
1721000 1536563904 22.9 1833578581196800 11.2
3137700 1885295584 28.1 2725075413368832 16.7
4429400 2130663488 31.7 3410893173948416 20.9
5644500 2320029488 34.6 3970529023229952 24.3
6782000 2474013088 36.9 4440301506658304 27.2
7865200 2604326096 38.8 4846478409334784 29.7
8893200 2717145392 40.5 5203178798710784 31.9
9882500 2817292696 42.0 5520999130857472 33.8
10824100 2906886488 43.3 5808132223664128 35.6
11748200 2987966984 44.5 6068932989419520 37.2
12641600 3061662376 45.6 6305573658165248 38.7
13482200 3129707776 46.6 6525323193614336 40.0
14326300 3192506476 47.6 6727443951910912 41.2
15152400 3251015076 48.4 6915751273299968 42.4
15979900 3305420676 49.2 7090711967039488 43.5
16778000 3356065176 50.0 7254769215209472 44.5
17522600 3403550776 50.7 7408183349870592 45.4
18328800 3448219176 51.4 7552569060622336 46.3
19067000 3490255976 52.0 7689151604326400 47.1
19802400 3530107476 52.6 7818831229616128 47.9
19805000 3530161876 52.6 7818850397054976 47.9
21181000 3604055580 53.7 8057281966499840 49.4
21182400 3604177980 53.7 8057319358982144 49.4
22527500 3671671380 54.7 8273458840201216 50.7
22529800 3671776380 54.7 8273496037619712 50.7
23862000 3733703180 55.6 8470823209760768 51.9
23865900 3733757480 55.6 8470841597739008 51.9
25112700 3733852680 55.6 8470874858010624 51.9
25114400 3791140480 56.5 8652832439351296 53.0
26323900 3844451180 57.3 8820899324704768 54.1
26327100 3844546380 57.3 8820931844020224 54.1
27679400 3844547480 57.3 8820931994275616 54.1
27679600 3894205480 58.0 8976730959859488 55.0
28761500 3940416080 58.7 9121525111934752 55.9
28763400 3940461080 58.7 9121539832812320 55.9
30025900 3940461680 58.7 9121539885855520 55.9
30026100 3983678680 59.4 9256500559311648 56.7
31143200 4024505680 60.0 9383795143963424 57.5
32349700 4063154680 60.5 9503434444337952 58.3
32349800 4063155380 60.5 9503434490149852 58.3
32349900 4063155880 60.5 9503434620200452 58.3
33836700 4117351880 61.3 9670029120300548 59.3
33839300 4117389880 61.3 9670041046800900 59.3
33839500 4117390280 61.3 9670041051306500 59.3
35368200 4167683780 62.1 9823107360725508 60.2
35369100 4167792280 62.1 9823144034966020 60.2
35373600 4167828480 62.1 9823156444322308 60.2
37034400 4214442980 62.8 9965775262571012 61.1
37037300 4214443580 62.8 9965775324830212 61.1
37037500 4214507680 62.8 9965799697064452 61.1
38516700 4214508280 62.8 9965799724100652 61.1
38516800 4214603080 62.8 9965837243567148 61.1
38518200 4257995680 63.4 10097130316942380 61.9
40041900 4298842380 64.0 10220121268866092 62.7
40047800 4298930880 64.1 10220152909331500 62.7
40047900 4298931280 64.1 10220152943737900 62.7
41380300 4337252580 64.6 10334153849633836 63.4
41382400 4337342080 64.6 10334183546924076 63.4
41382700 4337342280 64.6 10334183549179476 63.4
42735600 4373972980 65.2 10442232603481684 64.0
42735800 4373973380 65.2 10442232613863684 64.0
42735900 4373973680 65.2 10442232623224284 64.0
44251700 4373973880 65.2 10442232644933084 64.0
44251800 4373974080 65.2 10442232647123284 64.0
44251900 4419283980 65.8 10576137463267668 64.8
44256300 4419366280 65.8 10576161822320980 64.8
46182500 4419366480 65.8 10576161843005780 64.8
46182700 4461603780 66.5 10700643417016660 65.6
46182900 4461603880 66.5 10700643430943060 65.6
46189000 4461708780 66.5 10700675438809428 65.6
47924700 4461708980 66.5 10700675458060628 65.6
47925300 4501283980 67.1 10817497016619348 66.3
47926800 4501378180 67.1 10817527175061844 66.3
49454200 4538808080 67.6 10926748487000404 67.0
49454500 4538898580 67.6 10926779729004884 67.0
49454900 4538898680 67.6 10926779732691284 67.0
51064100 4574018180 68.1 11028785180805460 67.6
51065100 4574018380 68.1 11028785191252860 67.6
51069900 4574018480 68.1 11028785191381260 67.6
51070300 4574093480 68.2 11028809272789260 67.6
51079400 4574141980 68.2 11028825915130124 67.6
53126400 4615236380 68.8 11147013357175052 68.3
53135400 4615264880 68.8 11147021727416236 68.3
53135600 4615265180 68.8 11147021740523436 68.3
53135700 4615265480 68.8 11147021765509036 68.3
54542200 4615287780 68.8 11147027831484844 68.3
54544800 4615391380 68.8 11147062294004140 68.3
54546600 4615412780 68.8 11147069808656300 68.3
54547800 4654135080 69.3 11257827242491820 69.0
54551000 4654157780 69.3 11257834013526956 69.0
56264700 4654157880 69.3 11257834013668056 69.0
56265200 4690507680 69.9 11362150078690008 69.7
56269500 4690567280 69.9 11362171089070808 69.7
56269600 4690567480 69.9 11362171101973208 69.7
56283000 4690622280 69.9 11362188977459928 69.7
57951700 4690622580 69.9 11362188984947228 69.7
57951800 4690622980 69.9 11362188989377728 69.7
57952400 4724856780 70.4 11459693085273280 70.3
60107100 4724856880 70.4 11459693087321280 70.3
60107500 4724871680 70.4 11459699445337280 70.3
60113700 4763619280 71.0 11567560418659520 70.9
60118000 4763657080 71.0 11567574894952640 70.9
60118100 4763657280 71.0 11567574897177740 70.9
60118300 4763657380 71.0 11567574904345740 70.9
61652500 4763725680 71.0 11567597254765708 70.9
61658300 4763726180 71.0 11567597278727308 70.9
61658500 4763744080 71.0 11567605633356940 70.9
61658700 4763744280 71.0 11567605653017740 70.9
61668500 4799677980 71.5 11667850248426636 71.5
63569700 4833405980 72.0 11761533148828812 72.1
63569800 4833406580 72.0 11761533184373512 72.1
63570000 4833406780 72.0 11761533188469512 72.1
63576300 4833406980 72.0 11761533198709512 72.1
63576400 4833407380 72.0 11761533233730312 72.1
63576700 4833465280 72.0 11761553243806472 72.1
65282800 4865331380 72.5 11849412118223624 72.6
65283300 4865331580 72.5 11849412126556924 72.6
65290900 4865331780 72.5 11849412143350524 72.6
65291100 4865331980 72.5 11849412190454524 72.6
65291200 4865332180 72.5 11849412192707324 72.6
65291400 4865362580 72.5 11849423511593724 72.6
67614500 4865362880 72.5 11849423520951724 72.6
67614700 4899778680 73.0 11943509082926508 73.2
67615300 4899886580 73.0 11943549711170988 73.2
67622600 4899903980 73.0 11943556101340588 73.2
69444600 4899904180 73.0 11943556103519188 73.2
69444900 4899919880 73.0 11943563270497748 73.2
69445900 4932249280 73.5 12031952539821524 73.8
69449300 4932280180 73.5 12031963280967124 73.8
69452800 4932366780 73.5 12031993793510868 73.8
69461200 4932398880 73.5 12032005846275540 73.8
69461300 4932399080 73.5 12032005857539540 73.8
70869200 4932399180 73.5 12032005857669840 73.8
70869500 4932399380 73.5 12032005867909840 73.8
70870300 4932399480 73.5 12032005880402640 73.8
70870700 4962765280 73.9 12114645513917136 74.3
70878400 4962872180 73.9 12114683167711952 74.3
70886200 4962887780 73.9 12114689664787152 74.3
73450100 4962888280 73.9 12114689685958252 74.3
73450200 4962916280 73.9 12114698782764652 74.3
73450300 4962916480 73.9 12114698789255452 74.3
73450400 4962916680 73.9 12114698800314652 74.3
73451900 4962916880 73.9 12114698858477852 74.3
73459100 4963002680 73.9 12114733603543324 74.3
73460200 4995679480 74.4 12202997563840796 74.8
75101500 4995695080 74.4 12203001543309596 74.8
75102700 5026339080 74.9 12285211797535004 75.3
75102900 5026339680 74.9 12285211821832804 75.3
75106900 5026339880 74.9 12285211833301604 75.3
75107100 5026352280 74.9 12285216009173604 75.3
75116400 5026408180 74.9 12285239836129892 75.3
75116500 5026424880 74.9 12285244100885092 75.3
75126800 5026448680 74.9 12285251914102372 75.3
77214700 5026506680 74.9 12285269951307364 75.3
77224700 5026506980 74.9 12285269955580464 75.3
77224900 5026507080 74.9 12285269957628464 75.3
77225000 5026507180 74.9 12285269966639664 75.3
77225200 5026518580 74.9 12285273775714864 75.3
77230600 5026518880 74.9 12285273785072864 75.3
77231100 5026519280 74.9 12285273799957764 75.3
77231400 5026519380 74.9 12285273800162564 75.3
77231500 5058696580 75.4 12370907730525444 75.8
78990800 5058696780 75.4 12370907730871644 75.8
78991100 5058697080 75.4 12370907740154944 75.8
78991300 5088719280 75.8 12450723562597440 76.3
78991600 5088719380 75.8 12450723562739540 76.3
78991900 5088831780 75.8 12450760656959316 76.3
79002800 5088868380 75.8 12450772363466580 76.3
80824800 5088878380 75.8 12450776152676180 76.3
80834500 5088890380 75.8 12450779806525524 76.3
80838400 5088927280 75.8 12450794505436244 76.3
80847300 5120071480 76.3 12532918507994196 76.8
80849100 5120071880 76.3 12532918514342996 76.8
80850000 5120072180 76.3 12532918560218196 76.8
80850200 5120106080 76.3 12532933092421716 76.8
80856200 5120117680 76.3 12532937101176916 76.8
83415600 5120149080 76.3 12532949044245588 76.8
83422400 5120149380 76.3 12532949054690388 76.8
83422500 5120149780 76.3 12532949096264788 76.8
83423100 5149413480 76.7 12610265226867796 77.3
83423200 5149413580 76.7 12610265235059796 77.3
83423600 5149525980 76.7 12610304419808340 77.3
85362800 5149555080 76.7 12610313142445140 77.3
85376200 5179490880 77.2 12688505035334740 77.8
85384600 5179509280 77.2 12688511930203732 77.8
85393900 5179528880 77.2 12688519090562644 77.8
85395600 5179538780 77.2 12688522859701844 77.8
87211300 5179556580 77.2 12688529150549076 77.8
87212900 5207327980 77.6 12760894123383892 78.2
87236300 5207361080 77.6 12760908133881940 78.2
87238600 5207371980 77.6 12760911782528852 78.2
87268100 5207399780 77.6 12760924469901140 78.2
89348300 5207399880 77.6 12760924470108540 78.2
89348400 5207411380 77.6 12760928409380220 78.2
89365500 5207458080 77.6 12760943420548476 78.2
89388000 5235663580 78.0 12833889405150588 78.7
89393500 5235697580 78.0 12833901956701564 78.7
91500500 5235707880 78.0 12833905924104060 78.7
91502100 5235735380 78.0 12833915683033980 78.7
91507700 5235763380 78.0 12833927162729340 78.7
91508200 5262056680 78.4 12901261713838972 79.1
91517100 5262084380 78.4 12901269407183228 79.1
91517300 5262093480 78.4 12901272013058428 79.1
93495300 5262101280 78.4 12901274175275644 79.1
93504600 5262101780 78.4 12901274188052544 79.1
93505100 5262127280 78.4 12901282782061632 79.1
93514300 5262160880 78.4 12901294429050944 79.1
93523500 5262174780 78.4 12901298148014144 79.1
93528800 5288762580 78.8 12969179640559680 79.5
94541900 5313534980 79.2 13031518045796416 79.9
94546900 5313542780 79.2 13031520940910912 79.9
94547000 5313542980 79.2 13031520941257512 79.9
94561100 5313567080 79.2 13031527289653032 79.9
94562100 5313584180 79.2 13031533563701032 79.9
94568000 5313619380 79.2 13031547390831400 79.9
97323400 5313633580 79.2 13031552275106600 79.9
97336000 5338565680 79.5 13094968570333992 80.3
97336900 5338566180 79.5 13094968589789992 80.3
97347400 5338579280 79.5 13094973190761256 80.3
97350800 5338594880 79.5 13094978218116904 80.3
97371400 5338622480 79.5 13094985988843304 80.3
97373500 5338638480 79.5 13094991979383080 80.3
97373900 5338638580 79.5 13094991981431080 80.3
98486700 5338644780 79.5 13094994080567720 80.3
98497700 5338666180 79.5 13095002589255080 80.3
98498000 5338700580 79.5 13095014983751080 80.3
98515900 5363419880 79.9 13157208488367528 80.7
98529100 5363431780 79.9 13157212779888808 80.7
98530900 5363443780 79.9 13157217143357608 80.7
98533200 5363456080 79.9 13157222765527208 80.7
98539100 5363475280 79.9 13157230338419368 80.7
99916500 5363496680 79.9 13157238181849768 80.7
99945100 5388183080 80.3 13219190090361512 81.0
99951800 5388190480 80.3 13219192620665512 81.0
99958000 5388201580 80.3 13219196242965672 81.0
99974900 5388208480 80.3 13219199150921896 81.0
99978800 5388220280 80.3 13219203534256296 81.0
99986300 5388243980 80.3 13219212039395496 81.0
100005400 5388258280 80.3 13219218642352296 81.0
102759000 5388271480 80.3 13219223751497896 81.0
102759100 5388304580 80.3 13219237285634216 81.0
102760000 5411443480 80.6 13276397487038632 81.4
102762800 5411456080 80.6 13276401744355496 81.4
102774700 5411468880 80.6 13276405797757096 81.4
102781900 5411468980 80.6 13276405809021096 81.4
102782700 5411481480 80.6 13276410429693096 81.4
102796600 5411496980 80.6 13276417152192680 81.4
104245100 5411509680 80.6 13276421194944680 81.4
104250500 5411523680 80.6 13276428805240488 81.4
104268100 5434471480 81.0 13333434350073512 81.7
104268300 5434482180 81.0 13333438861345448 81.7
104278000 5434494980 81.0 13333443105825448 81.7
104288200 5434507480 81.0 13333448469258408 81.7
104305100 5434514080 81.0 13333451367579816 81.7
104315900 5434532880 81.0 13333462427731112 81.7
104321200 5434556580 81.0 13333470839686312 81.7
105702100 5434573380 81.0 13333476604601512 81.7
105770100 5434573680 81.0 13333476612166212 81.7
105770200 5434573780 81.0 13333476623635012 81.7
105770700 5434596680 81.0 13333482733573188 81.7
105774500 5457511380 81.3 13390630989599812 82.1
105779100 5457523580 81.3 13390635700346948 82.1
105779600 5457523880 81.3 13390635710658348 82.1
105796500 5457542180 81.3 13390640866298668 82.1
105797700 5457574680 81.3 13390652822424364 82.1
107685100 5457584280 81.3 13390656317276204 82.1
107685300 5457594780 81.3 13390660025526572 82.1
107728400 5457606880 81.3 13390664846401836 82.1
107730700 5457624880 81.3 13390672617398572 82.1
107733700 5480360980 81.7 13447025813741868 82.4
107737100 5480361080 81.7 13447025824186668 82.4
107737300 5480371180 81.7 13447028694663468 82.4
107751300 5480410380 81.7 13447041261398316 82.4
110195700 5480425580 81.7 13447048557414700 82.4
110210200 5480452880 81.7 13447058475199788 82.4
110232000 5480469180 81.7 13447064207004972 82.4
110236500 5480483380 81.7 13447068792413996 82.4
110240600 5480507180 81.7 13447077324513580 82.4
110261600 5502955280 82.0 13502879829713196 82.8
110272200 5502971180 82.0 13502884876876076 82.8
111871200 5502988180 82.0 13502891884286252 82.8
111904600 5503005480 82.0 13502897480651052 82.8
111917100 5503035980 82.0 13502909875385644 82.8
111927600 5525176980 82.3 13557710843704620 83.1
111947700 5525177280 82.3 13557710847929820 83.1
111949100 5525202380 82.3 13557719966854620 83.1
111950200 5525207480 82.3 13557721014333724 83.1
111962600 5525223780 82.3 13557726426583324 83.1
113948000 5525237680 82.3 13557732747249948 83.1
113976700 5547076980 82.6 13611548670691612 83.4
113979400 5547091680 82.6 13611552953806364 83.4
114025800 5547104980 82.6 13611557841988124 83.4
114026700 5547124080 82.6 13611564200208924 83.4
114038600 5547138080 82.6 13611570677022748 83.4
114039200 5547152380 82.6 13611576179577884 83.4
114040400 5547164080 82.6 13611580374291484 83.4
116575900 5547188080 82.6 13611590296237084 83.4
116583100 5547202480 82.6 13611594610081308 83.4
116617700 5547217980 82.6 13611602857764380 83.4
116628200 5547218080 82.6 13611602866570780 83.4
116629300 5568993780 83.0 13664694203024924 83.8
116636400 5569007980 83.0 13664699046711836 83.8
116654500 5569049880 83.0 13664720000219676 83.8
118422500 5569058080 83.0 13664724376527900 83.8
118428600 5569069880 83.0 13664728537926172 83.8
118430100 5590649480 83.3 13717684721322524 84.1
118430600 5590682580 83.3 13717695207633436 84.1
118441500 5590701880 83.3 13717701456274972 84.1
118443500 5590702380 83.3 13717701478666672 84.1
118480300 5590713680 83.3 13717705789297072 84.1
118493200 5590722480 83.3 13717708617789872 84.1
118511100 5590736380 83.3 13717714189169072 84.1
119199100 5590741880 83.3 13717716373348272 84.1
119207400 5612043980 83.6 13769750422233008 84.4
119217800 5612056180 83.6 13769755449396144 84.4
119241500 5612071680 83.6 13769762748058544 84.4
119242800 5612072080 83.6 13769762775501744 84.4
119243200 5612072380 83.6 13769762863698144 84.4
119243400 5612072680 83.6 13769762875718044 84.4
119243500 5612073280 83.6 13769762907196044 84.4
122398700 5612085480 83.6 13769766650336908 84.4
122411100 5612101480 83.6 13769772787090060 84.4
122417900 5612181080 83.6 13769806385963660 84.4
122430000 5612191380 83.6 13769810226168460 84.4
122437100 5612203080 83.6 13769814082757260 84.4
122458700 5612208680 83.6 13769815695557260 84.4
122466800 5612222380 83.6 13769819508318860 84.4
122484000 5634021280 83.9 13822589334594188 84.7
122489200 5634031780 83.9 13822595780813452 84.7
122494900 5634041880 83.9 13822600489703564 84.7
125674600 5634053080 83.9 13822603893110668 84.7
125723700 5634066880 83.9 13822608349138828 84.7
125738200 5634080380 83.9 13822613600809868 84.7
125741300 5634080680 83.9 13822613620265868 84.7
125743100 5634092480 83.9 13822619539741580 84.7
125755600 5634104180 83.9 13822624263863180 84.7
125769800 5656018480 84.3 13876333161249676 85.1
125782100 5656040280 84.3 13876343397704588 85.1
125804400 5656052480 84.3 13876348140055948 85.1
125846600 5656062380 84.3 13876352621079948 85.1
127777400 5656076480 84.3 13876357104630156 85.1
127817400 5677801180 84.6 13929106752108940 85.4
127826300 5677807480 84.6 13929108897993996 85.4
127842100 5677816680 84.6 13929111544608780 85.4
127848100 5677828480 84.6 13929117490567180 85.4
127863600 5677844480 84.6 13929122592479244 85.4
127881000 5677857780 84.6 13929127936225292 85.4
127901200 5677880780 84.6 13929137317911564 85.4
131917900 5677892480 84.6 13929141044461836 85.4
131936000 5699993080 84.9 13983281321820428 85.7
131944500 5700005980 84.9 13983285204139532 85.7
131946700 5700017880 84.9 13983288592149516 85.7
131959500 5700029980 84.9 13983292799970316 85.7
131970400 5700041180 84.9 13983296180873740 85.7
131971900 5700055380 84.9 13983301390712844 85.7
132020600 5700066980 84.9 13983305598883084 85.7
135378700 5700079980 84.9 13983310272352524 85.7
135392900 5700091280 84.9 13983315628896524 85.7
135426500 5700103380 84.9 13983318828219404 85.7
135464000 5721887680 85.3 14036121340705804 86.0
135477100 5721904980 85.3 14036128082721804 86.0
135488400 5721917580 85.3 14036131916914700 86.0
135497800 5721927480 85.3 14036134235860492 86.0
135545900 5721937680 85.3 14036137834341132 86.0
139689000 5721953080 85.3 14036142107083532 86.0
139746700 5744041480 85.6 14090017186988812 86.4
139750400 5744053480 85.6 14090020773036812 86.4
139751500 5744069380 85.6 14090027668605196 86.4
139765100 5744082280 85.6 14090033228105996 86.4
139782800 5744090680 85.6 14090035705090572 86.4
139803900 5744106480 85.6 14090042104606732 86.4
139812700 5744114480 85.6 14090044184350732 86.4
139821500 5744126880 85.6 14090047399301132 86.4
141929600 5744142580 85.6 14090052028858892 86.4
141932800 5744155180 85.6 14090060579873292 86.4
141968600 5744166280 85.6 14090065886588428 86.4
141972000 5744179780 85.6 14090070310063628 86.4
141982900 5766480580 85.9 14143892810173964 86.7
142005900 5766492380 85.9 14143896776117516 86.7
142082000 5766502480 85.9 14143901413271820 86.7
142104200 5766513180 85.9 14143905541018380 86.7
142154300 5766522380 85.9 14143909104066060 86.7
145669400 5766531980 85.9 14143913145302540 86.7
145679300 5788316380 86.2 14197137365696012 87.0
145682500 5788328280 86.2 14197140855298060 87.0
145697000 5788338080 86.2 14197144013521420 87.0
145698100 5788355080 86.2 14197149989645836 87.0
145716500 5788366080 86.2 14197153849101836 87.0
145720200 5788377380 86.2 14197157977460236 87.0
145723600 5788392680 86.2 14197165554713612 87.0
145738000 5788401280 86.2 14197169384459788 87.0
145775800 5788411080 86.2 14197174730763788 87.0
149924300 5788417880 86.2 14197179741672972 87.0
149945700 5788427680 86.2 14197184384284172 87.0
149952300 5788439080 86.2 14197191230060556 87.0
149962500 5788461180 86.2 14197202220242956 87.0
149965100 5788464880 86.2 14197203489183756 87.0
149988600 5788478880 86.2 14197209195672588 87.0
150033700 5788490080 86.2 14197212930946572 87.0
150034500 5788506980 86.2 14197221276960780 87.0
150039000 5810445080 86.6 14250616910170124 87.4
153106400 5810463980 86.6 14250624776070156 87.4
153111600 5810472380 86.6 14250628911121932 87.4
153122200 5810487580 86.6 14250634228282892 87.4
153142000 5810497080 86.6 14250637677729292 87.4
153164300 5810511580 86.6 14250644299527692 87.4
153185000 5810520680 86.6 14250647119746572 87.4
153189300 5810535980 86.6 14250653286958604 87.4
153195000 5832551180 86.9 14303380415219212 87.7
153199400 5832563780 86.9 14303385848972812 87.7
158839100 5832584880 86.9 14303394750400012 87.7
158938200 5832594280 86.9 14303397195024140 87.7
158965600 5854669680 87.2 14356913125066508 88.0
158976500 5854685480 87.2 14356918446589708 88.0
158984700 5854698980 87.2 14356922402096908 88.0
158991800 5854712680 87.2 14356926919984908 88.0
159012400 5854719380 87.2 14356929600612108 88.0
159084800 5854724380 87.2 14356931475695756 88.0
159135600 5854738080 87.2 14356936844322956 88.0
163805600 5854747180 87.2 14356939551910540 88.0
163828900 5854762580 87.2 14356942774924684 88.0
163838800 5854774080 87.2 14356949470379916 88.0
163843900 5854789180 87.2 14356957695667596 88.0
163844700 5854804180 87.2 14356962486280588 88.0
163866100 5877019480 87.6 14410806087934348 88.3
163883300 5877030280 87.6 14410810033278092 88.3
163892900 5877042880 87.6 14410814007046284 88.3
163896600 5877053180 87.6 14410818177189004 88.3
163938800 5877068280 87.6 14410823094641804 88.3
169090900 5877081580 87.6 14410827596894348 88.3
169137800 5900002680 87.9 14466459523944588 88.7
169147600 5900014180 87.9 14466463300803212 88.7
169196100 5900024780 87.9 14466467369769612 88.7
169201000 5900027480 87.9 14466467887645708 88.7
169204400 5900036280 87.9 14466471873931532 88.7
169253400 5900049980 87.9 14466477022000396 88.7
169289400 5900060880 87.9 14466480477359884 88.7
169343500 5900084880 87.9 14466490143031052 88.7
173211400 5900095080 87.9 14466494073347852 88.7
173321600 5900104980 87.9 14466498132904972 88.7
173328200 5900121480 87.9 14466503281709068 88.7
173334900 5900134280 87.9 14466508138131468 88.7
173338000 5923502580 88.3 14524009814601740 89.0
173353600 5923512880 88.3 14524012703846156 89.0
173364000 5923524380 88.3 14524016291926540 89.0
173370200 5923535880 88.3 14524020878769676 89.0
173383800 5923547680 88.3 14524027727486476 89.0
178812300 5923561580 88.3 14524032451954700 89.0
178849400 5947885280 88.6 14583725123782668 89.4
178868800 5947898480 88.6 14583729200455180 89.4
178897000 5947909280 88.6 14583733174941964 89.4
178935500 5947922280 88.6 14583737034340108 89.4
178937300 5947940780 88.6 14583744082183948 89.4
179013500 5947953080 88.6 14583749400211212 89.4
179050000 5947964380 88.6 14583754044662540 89.4
179081200 5947974280 88.6 14583758252011276 89.4
185887100 5947995080 88.6 14583764024708876 89.4
185887300 5948007380 88.6 14583767615876876 89.4
185925300 5948030380 88.6 14583774463339276 89.4
185958800 5948042680 88.6 14583779722823436 89.4
185985900 5973439680 89.0 14646381861701388 89.8
186013200 5973447380 89.0 14646384565407756 89.8
186037600 5973464180 89.0 14646389875870732 89.8
186048000 5973486680 89.0 14646396436979724 89.8
186058500 5973502080 89.0 14646404384975884 89.8
192254800 5973528680 89.0 14646413599337484 89.8
192279600 5973549080 89.0 14646422237727756 89.8
192282000 5999856680 89.4 14711862423047180 90.2
192286100 5999872680 89.4 14711868027520524 90.2
192286300 5999884680 89.4 14711871944646412 90.2
192297300 5999902080 89.4 14711877715910412 90.2
192357300 5999919580 89.4 14711884047993100 90.2
192373200 5999936080 89.4 14711887614999820 90.2
192380000 5999951880 89.4 14711893465111820 90.2
202364500 5999969580 89.4 14711900791576844 90.2
202395400 5999991680 89.4 14711908046906636 90.2
202424800 6000003780 89.4 14711913737686796 90.2
202433600 6000014680 89.4 14711918929917708 90.2
202448300 6027434780 89.8 14780965205849868 90.6
202458000 6027446680 89.8 14780969421048588 90.6
202478100 6027474480 89.8 14780978006393612 90.6
202494800 6027486180 89.8 14780981456910092 90.6
202498900 6027496980 89.8 14780985166409740 90.6
211201200 6027513880 89.8 14780991638369292 90.6
211234900 6027530780 89.8 14780997908597772 90.6
211376900 6027544080 89.8 14781001958517772 90.6
211382700 6027560580 89.8 14781008793926156 90.6
211413700 6027585180 89.8 14781016604886028 90.6
211452500 6027601280 89.8 14781028114865164 90.6
211460200 6056620480 90.2 14854200919038988 91.1
211490900 6056634280 90.2 14854206017739788 91.1
211509100 6056648880 90.2 14854210273272588 91.1
211528100 6056668580 90.2 14854216454409996 91.1
221929900 6056684180 90.2 14854221332478220 91.1
221947400 6085792880 90.7 14928117486319884 91.5
221962000 6085815180 90.7 14928127387188492 91.5
221987300 6085828780 90.7 14928132557978892 91.5
222051100 6085847680 90.7 14928138826832652 91.5
222056300 6085863980 90.7 14928143383495436 91.5
222059700 6085879480 90.7 14928149968839436 91.5
222123600 6085898680 90.7 14928157978294540 91.5
222159300 6085918080 90.7 14928165192508172 91.5
230318600 6085933180 90.7 14928170773632780 91.5
230364600 6085949880 90.7 14928176298855692 91.5
230410700 6085964380 90.7 14928181692673292 91.5
230411600 6085979680 90.7 14928186395033868 91.5
230487000 6113561180 91.1 14997387512086796 91.9
230523600 6113568780 91.1 14997389224487436 91.9
230524400 6113583480 91.1 14997394838197260 91.9
230572700 6113603080 91.1 14997401905098764 91.9
230596100 6113633480 91.1 14997411175849996 91.9
238942800 6138314780 91.5 15058800380731404 92.3
239059400 6138330080 91.5 15058808990933004 92.3
239082100 6138344280 91.5 15058816622395404 92.3
239089400 6138361980 91.5 15058822815074828 92.3
239147700 6138366180 91.5 15058824229087372 92.3
239189600 6138383080 91.5 15058829976468620 92.3
239193000 6138399680 91.5 15058835085204620 92.3
239222000 6138417680 91.5 15058842192893580 92.3
239253200 6138432780 91.5 15058847046315148 92.3
239279500 6138444880 91.5 15058850758110348 92.3
244684000 6159190780 91.8 15109221421526156 92.6
244798200 6159204980 91.8 15109226662564492 92.6
244802600 6159218680 91.8 15109229965515404 92.6
244809500 6159235780 91.8 15109236648344204 92.6
244845800 6159250480 91.8 15109240874050700 92.6
244889900 6159262780 91.8 15109244880757900 92.6
244965200 6159280680 91.8 15109250711893132 92.6
244983300 6159294880 91.8 15109255678080652 92.6
245049200 6159306880 91.8 15109261480883852 92.6
248280100 6159325980 91.8 15109268664181388 92.6
248476900 6159338180 91.8 15109272841896588 92.6
248485800 6159349780 91.8 15109275101454988 92.6
248498100 6159364180 91.8 15109279073960588 92.6
248501800 6159374080 91.8 15109283998368396 92.6
248504900 6159384080 91.8 15109287838090124 92.6
248558900 6176827780 92.0 15150622041310092 92.9
248615700 6176837480 92.0 15150624766378892 92.9
248635500 6176850280 92.0 15150628040176780 92.9
248647700 6176860380 92.0 15150639299599500 92.9
253674400 6176872580 92.0 15150643365159052 92.9
253831200 6176887780 92.0 15150648156995724 92.9
253873800 6176897780 92.0 15150651980542860 92.9
253991700 6176907080 92.0 15150655670834060 92.9
254023800 6191754680 92.3 15184779366355852 93.1
254064400 6191764780 92.3 15184783022803340 93.1
254135100 6191774680 92.3 15184786671315340 93.1
254135600 6191785380 92.3 15184789638599052 93.1
254147900 6191796080 92.3 15184793630487436 93.1
257627300 6191804080 92.3 15184795564823436 93.1
257886400 6191814980 92.3 15184799621297036 93.1
257961700 6204584080 92.4 15214037414032268 93.3
257973600 6204594780 92.4 15214041992405388 93.3
258007300 6204601980 92.4 15214044045174412 93.3
258016500 6204612380 92.4 15214046677201036 93.3
258021400 6204621280 92.4 15214049205172876 93.3
258112800 6204629280 92.4 15214052849384076 93.3
258145000 6204642080 92.4 15214058044189324 93.3
258219400 6204651380 92.4 15214060705753484 93.3
259253100 6204660680 92.4 15214062657835020 93.3
259487300 6204671080 92.4 15214065845689100 93.3
259567900 6204680080 92.4 15214068158627084 93.3
259636100 6204689480 92.4 15214070431227660 93.3
259646200 6204697880 92.4 15214072735920652 93.3
259688300 6204707780 92.4 15214077965079052 93.3
259763000 6215892980 92.6 15239243797467660 93.4
259792900 6215902880 92.6 15239246674016780 93.4
259805500 6215910380 92.6 15239248252134924 93.4
259967900 6215919180 92.6 15239251145754124 93.4
266581700 6215930480 92.6 15239254883763724 93.4
266605100 6215939780 92.6 15239257240573452 93.4
266727100 6226485380 92.8 15262749002503692 93.6
266793300 6226493480 92.8 15262752328455692 93.6
266829500 6226499780 92.8 15262754203734796 93.6
266878900 6226512180 92.8 15262758020182796 93.6
267022600 6226523080 92.8 15262760868467980 93.6
267037300 6226532080 92.8 15262764758010380 93.6
267109500 6226539980 92.8 15262767911647244 93.6
267306100 6226548780 92.8 15262771824760844 93.6
270028600 6226555780 92.8 15262774018369548 93.6
270154400 6226564180 92.8 15262776485391628 93.6
270196900 6226573780 92.8 15262779876472332 93.6
270224000 6237091380 92.9 15286191441212940 93.7
270325400 6237104280 92.9 15286195613398540 93.7
270352800 6237115680 92.9 15286199908799500 93.7
270361600 6237125180 92.9 15286202538778124 93.7
270474800 6237133380 92.9 15286205804518924 93.7
270601800 6237141880 92.9 15286208908877324 93.7
270764000 6237151180 92.9 15286212406246924 93.7
275451500 6237161080 92.9 15286215566981132 93.7
275536600 6237172780 92.9 15286220804669964 93.7
275661700 6247785480 93.1 15309939021267468 93.9
275703400 6247796580 93.1 15309943699981324 93.9
275708100 6247810180 93.1 15309949692838924 93.9
275737600 6247821280 93.1 15309952196706316 93.9
275855500 6247834380 93.1 15309957053003276 93.9
275936200 6247844780 93.1 15309960694694156 93.9
275942500 6247856480 93.1 15309966176575756 93.9
276001500 6247869280 93.1 15309971454811916 93.9
278122300 6247883480 93.1 15309977289563916 93.9
278202500 6247895580 93.1 15309981223287308 93.9
278215000 6247906380 93.1 15309985808144908 93.9
278339800 6247916080 93.1 15309989934179340 93.9
278356500 6247929580 93.1 15309996247592460 93.9
278394300 6247939080 93.1 15310000015838476 93.9
278400600 6247948580 93.1 15310003662230028 93.9
278402600 6259327180 93.3 15335740777697804 94.0
278405600 6259340580 93.3 15335744701665804 94.0
278455700 6259348680 93.3 15335746400685964 94.0
283157800 6272120180 93.5 15365239458762636 94.2
283294000 6272135180 93.5 15365245107612556 94.2
283324400 6272150580 93.5 15365250907396492 94.2
283325500 6272161880 93.5 15365255202729356 94.2
283335800 6272176680 93.5 15365261776682892 94.2
283387800 6272188680 93.5 15365265518174092 94.2
283536400 6272201180 93.5 15365270928032140 94.2
283551200 6272214580 93.5 15365277183779724 94.2
283592200 6272228880 93.5 15365283791834508 94.2
283648600 6272241080 93.5 15365289245248908 94.2
291428800 6272255280 93.5 15365294685560204 94.2
291488200 6272271480 93.5 15365300890043788 94.2
291575900 6287545780 93.7 15402050630911372 94.4
291582900 6287560180 93.7 15402058656613772 94.4
291642500 6287575480 93.7 15402063998671756 94.4
291645600 6287590580 93.7 15402070975733132 94.4
291657300 6287604780 93.7 15402074923382156 94.4
291695600 6287621380 93.7 15402082116166540 94.4
291759400 6287638080 93.7 15402088393516940 94.4
291904400 6287653080 93.7 15402095693408140 94.4
302178300 6305945780 94.0 15446962637252492 94.7
302251400 6305971380 94.0 15446968985069452 94.7
302264500 6305987880 94.0 15446973817521548 94.7
302320800 6306002980 94.0 15446982181741452 94.7
302389100 6306022080 94.0 15446987525940620 94.7
302504200 6306042980 94.0 15446995565482380 94.7
302534800 6306064980 94.0 15447002632255884 94.7
302550900 6306085980 94.0 15447009649375116 94.7
302585900 6306105780 94.0 15447016537823116 94.7
317320800 6306122580 94.0 15447021327404940 94.7
317380700 6306142080 94.0 15447030989868940 94.7
317433800 6324705680 94.2 15493647335968652 95.0
317475400 6324723680 94.2 15493653968819084 95.0
317508300 6324740280 94.2 15493659986454412 95.0
317631900 6324761380 94.2 15493665839571852 95.0
317664200 6324781180 94.2 15493673011258252 95.0
317800500 6324797780 94.2 15493678896186252 95.0
317863100 6324815580 94.2 15493683297127820 95.0
317938500 6324835480 94.2 15493690256880012 95.0
328300800 6324848380 94.2 15493697443584908 95.0
328386200 6324865680 94.2 15493704092342668 95.0
328485800 6324883480 94.2 15493708679446924 95.0
328659400 6341459280 94.5 15534418124308876 95.2
328687100 6341472380 94.5 15534422973875084 95.2
328698900 6341487880 94.5 15534428566688140 95.2
328705300 6341501180 94.5 15534432382168716 95.2
328810000 6341520080 94.5 15534437548248716 95.2
328813100 6341534780 94.5 15534444701912716 95.2
328927900 6341548380 94.5 15534449257474188 95.2
336029000 6341564480 94.5 15534453814891148 95.2
336206900 6341580180 94.5 15534459328248460 95.2
336248000 6341594280 94.5 15534466743442060 95.2
336391800 6353859280 94.7 15563301167864460 95.4
336401400 6353870380 94.7 15563305594411660 95.4
336526800 6353886580 94.7 15563310700560524 95.4
336722200 6353902580 94.7 15563316855824524 95.4
336802700 6353914880 94.7 15563320492999308 95.4
336833500 6353926980 94.7 15563328581210764 95.4
336842600 6353941580 94.7 15563333526851724 95.4
340911300 6353952780 94.7 15563339439902348 95.4
340926200 6353963780 94.7 15563344108727948 95.4
341006100 6353976280 94.7 15563348463115916 95.4
341068900 6353984780 94.7 15563351146405516 95.4
341156700 6353998580 94.7 15563356777113228 95.4
341266600 6354013580 94.7 15563366139877004 95.4
341323100 6354026480 94.7 15563370384561804 95.4
341497800 6354035680 94.7 15563373644959628 95.4
341663300 6363518680 94.8 15584635018629004 95.5
341705700 6363532180 94.8 15584639807317388 95.5
342507000 6363545980 94.8 15584645343675788 95.5
342975900 6363557380 94.8 15584648857085580 95.5
343084400 6363570480 94.8 15584653438886028 95.5
343140300 6363581080 94.8 15584659047261836 95.5
343191500 6371668380 94.9 15602389913773708 95.6
343322700 6371678180 94.9 15602394808261772 95.6
343401200 6371693180 94.9 15602399411241612 95.6
343497500 6371702280 94.9 15602403757031052 95.6
343590400 6371714380 94.9 15602409794249356 95.6
343594700 6371728080 94.9 15602414801946764 95.6
349103800 6371744380 94.9 15602420345332876 95.6
349103900 6371757680 94.9 15602424192223884 95.6
349293100 6371767880 94.9 15602426705454732 95.6
349336500 6371780880 94.9 15602432300926604 95.6
349508600 6371794980 94.9 15602436991807116 95.6
349518600 6371809380 94.9 15602442041765516 95.6
349536700 6371823280 94.9 15602447687956620 95.6
349711900 6371840780 94.9 15602453823487116 95.6
349780700 6379585680 95.1 15619496653225100 95.8
349781300 6379603680 95.1 15619502469983372 95.8
352868400 6379619880 95.1 15619508494314636 95.8
353155200 6379639580 95.1 15619519444692108 95.8
353158100 6379658280 95.1 15619528748486796 95.8
353172900 6379673080 95.1 15619536311046796 95.8
353346100 6379689880 95.1 15619543803379852 95.8
353428100 6379709380 95.1 15619551924723852 95.8
353442800 6388272380 95.2 15638532307951756 95.9
353447700 6388292480 95.2 15638540182716556 95.9
353505900 6388309980 95.2 15638547761199244 95.9
353517200 6388328080 95.2 15638554681522828 95.9
362076500 6388354880 95.2 15638564192713356 95.9
362142200 6388375680 95.2 15638571944319116 95.9
362181300 6388393780 95.2 15638578809419916 95.9
362424300 6388421280 95.2 15638591482583180 95.9
362531800 6388440080 95.2 15638599240333964 95.9
362532600 6399363180 95.3 15663980177603212 96.0
362614600 6399395980 95.3 15663989426091660 96.0
362655200 6399414780 95.3 15663996994939532 96.0
362716300 6399439180 95.3 15664006022592140 96.0
362764600 6399466180 95.3 15664014420752012 96.0
375914200 6399492180 95.3 15664023917102732 96.0
375954100 6413672980 95.6 15698785851475596 96.2
376222900 6413695180 95.6 15698793976977036 96.2
376236500 6413722680 95.6 15698803776991884 96.2
376431100 6413744780 95.6 15698811595775628 96.2
376512600 6413770080 95.6 15698820935474828 96.2
376552800 6413792280 95.6 15698830452386444 96.2
376578100 6413818380 95.6 15698839533566604 96.2
376601800 6413839080 95.6 15698847428264076 96.2
376636500 6413865280 95.6 15698860198493324 96.2
389277600 6413887480 95.6 15698867502890124 96.2
389397600 6426793980 95.8 15730033184390284 96.4
389435400 6426812280 95.8 15730040947054732 96.4
389525800 6426827880 95.8 15730046780782732 96.4
389677500 6426856780 95.8 15730059916174476 96.4
389811300 6426877480 95.8 15730067439299212 96.4
389830700 6426897380 95.8 15730073890488460 96.4
390074500 6426916180 95.8 15730082258116748 96.4
390113900 6426935380 95.8 15730089285623948 96.4
390316900 6426954480 95.8 15730096795156620 96.4
396935800 6435496380 95.9 15749210097975436 96.5
397224400 6435508780 95.9 15749214973369484 96.5
397252000 6435522380 95.9 15749220236284556 96.5
397334300 6435539480 95.9 15749225812649612 96.5
397407100 6435553980 95.9 15749231354537612 96.5
397416700 6435570980 95.9 15749239067029644 96.5
397467500 6435588580 95.9 15749246583331468 96.5
397485000 6435602980 95.9 15749251012747404 96.5
397722600 6435617480 95.9 15749256552997004 96.5
397800700 6435633580 95.9 15749263171723404 96.5
399893500 6435645880 95.9 15749268054295180 96.5
400088900 6435659080 95.9 15749274031997580 96.5
400249500 6435672780 95.9 15749278281388684 96.5
400347000 6435685180 95.9 15749282277987468 96.5
400366200 6441994880 96.0 15762998117635212 96.6
400387600 6442004180 96.0 15763000199615116 96.6
400597300 6442016380 96.0 15763005632152716 96.6
400619700 6442029180 96.0 15763011524658316 96.6
400792000 6442041280 96.0 15763015772567436 96.6
400927600 6442049480 96.0 15763018226622604 96.6
403746900 6442061080 96.0 15763021999794572 96.6
403939400 6442076380 96.0 15763028567805836 96.6
403995800 6442090780 96.0 15763033426958732 96.6
404060600 6442102380 96.0 15763037839784332 96.6
404061500 6442121780 96.0 15763044249949068 96.6
404256000 6442132280 96.0 15763047646074252 96.6
404486100 6442142480 96.0 15763050742445452 96.6
404505100 6448152280 96.1 15776118572610956 96.7
404530700 6448163580 96.1 15776122440861836 96.7
404822300 6448178280 96.1 15776128868915340 96.7
411572700 6448196180 96.1 15776136963154060 96.7
411610000 6448215780 96.1 15776146223941772 96.7
411649300 6448241180 96.1 15776157430872204 96.7
411732400 6448263480 96.1 15776166136287372 96.7
411761300 6455750180 96.2 15792955506331788 96.8
411796700 6455769380 96.2 15792961869991564 96.8
411949300 6455789180 96.2 15792969705103500 96.8
412074200 6455811480 96.2 15792979081100428 96.8
412127700 6455824280 96.2 15792983331865740 96.8
412308200 6455848080 96.2 15792991093927052 96.8
426751100 6455868580 96.2 15792997996031628 96.8
426762200 6455885980 96.2 15793003330945164 96.8
426818400 6455906280 96.2 15793013154855052 96.8
426954100 6455922080 96.2 15793018432756876 96.8
427028800 6455939180 96.2 15793024412238988 96.8
427127600 6466434680 96.3 15817888883885196 97.0
427132800 6466458180 96.3 15817897182334604 97.0
427213300 6466476480 96.3 15817905633128076 97.0
427324200 6466493480 96.3 15817913168474252 97.0
427402500 6466514980 96.3 15817920528914572 97.0
440414400 6466529680 96.3 15817927768929932 97.0
440474100 6466543380 96.3 15817933855513228 97.0
440575400 6466559780 96.3 15817940835112076 97.0
440614900 6466575280 96.3 15817947884470924 97.0
440713700 6466589780 96.3 15817953620229260 97.0
440878000 6466602080 96.3 15817958748757132 97.0
441076500 6466618880 96.3 15817968614382732 97.0
441159000 6466631480 96.3 15817974022470796 97.0
441327400 6466643280 96.3 15817977957702796 97.0
441532000 6475343180 96.5 15838286089804940 97.1
446058200 6475354580 96.5 15838289018163084 97.1
446204500 6475368280 96.5 15838294624358284 97.1
446388600 6475380280 96.5 15838299457157516 97.1
446471000 6475390180 96.5 15838302374123916 97.1
446493300 6475403080 96.5 15838306393045644 97.1
446494500 6475412980 96.5 15838309485255820 97.1
446625600 6475422280 96.5 15838312242068620 97.1
446732500 6475434180 96.5 15838316021734540 97.1
446872000 6480730180 96.6 15849719250082956 97.2
446874300 6480742680 96.6 15849724455000204 97.2
448497800 6480760580 96.6 15849729426381964 97.2
448808700 6480776980 96.6 15849735035574924 97.2
448927700 6480790880 96.6 15849740077611660 97.2
448946300 6480802880 96.6 15849744056170636 97.2
448986200 6485290380 96.6 15859222102128780 97.2
449094900 6485300480 96.6 15859225582435212 97.2
449102600 6485312880 96.6 15859230530484620 97.2
449277500 6485327980 96.6 15859237432266636 97.2
449316100 6485342880 96.6 15859242732957068 97.2
458092300 6485364080 96.6 15859251156995468 97.2
458208600 6485390180 96.6 15859259026829196 97.2
458394400 6491396780 96.7 15872672197111692 97.3
458469700 6491412580 96.7 15872678576083340 97.3
458490000 6491440980 96.7 15872689777964428 97.3
458497900 6491456980 96.7 15872696538428812 97.3
458500700 6491473180 96.7 15872702337472908 97.3
458565000 6491499480 96.7 15872714499179916 97.3
458577100 6491518880 96.7 15872720825341324 97.3
458580000 6491539580 96.7 15872731504444812 97.3
471570200 6491558980 96.7 15872739661900684 97.3
472332200 6491577880 96.7 15872748254674828 97.3
472607300 6491602580 96.7 15872758751345548 97.3
472651700 6491620580 96.7 15872768134871948 97.3
472834000 6491636980 96.7 15872774762765708 97.3
472928100 6499856080 96.8 15892132826291596 97.4
472970800 6499875680 96.8 15892139287309196 97.4
473084800 6499890080 96.8 15892145845349772 97.4
473209800 6499903080 96.8 15892149848780172 97.4
473219800 6499915280 96.8 15892154373288332 97.4
479523300 6499924880 96.8 15892157906907532 97.4
479657500 6499936980 96.8 15892162635125132 97.4
480231400 6499945080 96.8 15892165781609356 97.4
480261800 6499960180 96.8 15892170021510284 97.4
480387100 6499968780 96.8 15892172584302988 97.4
480387700 6504940180 96.9 15902958320925068 97.5
480388400 6504950780 96.9 15902963667053964 97.5
480410500 6504967280 96.9 15902968955993484 97.5
480840200 6504977180 96.9 15902973339737484 97.5
480866400 6504989080 96.9 15902977521802380 97.5
484672800 6508792580 97.0 15910817884462220 97.5
485086400 6508809980 97.0 15910822948271244 97.5
485671900 6508821580 97.0 15910827546377356 97.5
485777100 6508835480 97.0 15910833851683980 97.5
485807100 6508846480 97.0 15910837992397964 97.5
485867700 6508862680 97.0 15910842960293516 97.5
485941600 6508873980 97.0 15910848762482316 97.5
486079900 6508883680 97.0 15910852552241292 97.5
486216600 6508903680 97.0 15910859287219852 97.5
486320200 6508913180 97.0 15910862994099852 97.5
496680000 6508938280 97.0 15910875142426252 97.5
496870700 6508954780 97.0 15910883474190988 97.5
497017000 6508971180 97.0 15910889334690444 97.5
497193500 6508991080 97.0 15910896982332044 97.5
497202500 6509015880 97.0 15910908004194956 97.5
497250400 6509034880 97.0 15910919465417356 97.5
497256000 6509053480 97.0 15910927761792140 97.5
497318700 6514314880 97.1 15922678459915404 97.6
497421800 6514333480 97.1 15922685208409740 97.6
497447900 6514350380 97.1 15922693208921740 97.6
507788400 6520403280 97.1 15936812574168716 97.7
507907700 6520419880 97.1 15936819906623116 97.7
507992900 6520436680 97.2 15936825706271884 97.7
508203800 6520450380 97.2 15936832945208972 97.7
508356200 6520464680 97.2 15936837751035020 97.7
508561400 6520473280 97.2 15936841125729420 97.7
508621500 6520486480 97.2 15936845882545292 97.7
508731600 6520494280 97.2 15936849420607116 97.7
508813600 6520506780 97.2 15936853346342028 97.7
509136100 6520517980 97.2 15936856221734028 97.7
516231200 6520527280 97.2 15936858911986828 97.7
516297600 6520534580 97.2 15936861186023308 97.7
516706300 6523651180 97.2 15943199719939980 97.7
516716400 6523659480 97.2 15943201488183180 97.7
516834200 6523668780 97.2 15943205014571404 97.7
516962800 6523679980 97.2 15943209238366604 97.7
517640500 6523689080 97.2 15943211212638604 97.7
517681900 6523700280 97.2 15943217009990028 97.7
517744700 6523708380 97.2 15943219394200204 97.7
517892800 6523717580 97.2 15943222780700812 97.7
525860700 6523730780 97.2 15943227169974412 97.7
526412000 6523748580 97.2 15943234096914060 97.7
526704300 6523766480 97.2 15943240787118220 97.7
526926600 6523779880 97.2 15943246150625420 97.7
526943400 6523792780 97.2 15943250348761996 97.7
526959100 6523807680 97.2 15943255209829260 97.7
527171200 6523821180 97.2 15943259693720460 97.7
527238800 6523834580 97.2 15943263666151308 97.7
527261200 6527273380 97.3 15950678622052236 97.8
527349900 6527285680 97.3 15950684211044236 97.8
539694300 6527297180 97.3 15950687867543436 97.8
540262100 6527308880 97.3 15950691899161996 97.8
540304500 6527315780 97.3 15950693913984396 97.8
540467400 6527323380 97.3 15950695823962508 97.8
540518800 6527336980 97.3 15950702393535372 97.8
540569700 6527345080 97.3 15950705203737484 97.8
540601000 6531851180 97.3 15960922948760460 97.8
540663400 6531862180 97.3 15960925823128460 97.8
540930200 6531872180 97.3 15960929610958732 97.8
541183500 6531881080 97.3 15960932516661132 97.8
542065500 6531887480 97.3 15960935036520332 97.8
542173000 6531894480 97.3 15960939010463884 97.8
542374000 6531900780 97.3 15960940903020684 97.8
542598700 6534100080 97.4 15965299522287756 97.9
542718000 6534106580 97.4 15965301778569356 97.9
542722800 6534114180 97.4 15965305053870476 97.9
542792800 6534123180 97.4 15965308487493260 97.9
542942600 6534132480 97.4 15965312482873484 97.9
543328000 6534144480 97.4 15965317060389004 97.9
551467000 6534153780 97.4 15965319746341004 97.9
551606500 6534162780 97.4 15965321545713804 97.9
551909400 6534175380 97.4 15965326231333004 97.9
552106800 6536913280 97.4 15971098023553164 97.9
552176800 6536921380 97.4 15971100727794060 97.9
552204400 6536933580 97.4 15971103499966860 97.9
552490600 6536945480 97.4 15971107873061260 97.9
552608000 6536953680 97.4 15971109660350860 97.9
552672800 6536965580 97.4 15971113306950796 97.9
553050900 6536975280 97.4 15971118460765836 97.9
568861600 6536980280 97.4 15971119772843788 97.9
569456300 6536985180 97.4 15971120878558988 97.9
569462100 6536995780 97.4 15971123225912844 97.9
569620300 6537001280 97.4 15971124317292044 97.9
569701800 6537006780 97.4 15971126856402444 97.9
569817200 6537012780 97.4 15971128381055628 97.9
569910300 6537016980 97.4 15971129561318028 97.9
570116200 6537026080 97.4 15971131767628428 97.9
570208800 6537029180 97.4 15971132771967628 97.9
570291000 6539927180 97.4 15977436832899724 97.9
570318200 6539932080 97.4 15977439444918924 97.9
570699800 6539939080 97.4 15977442478826124 97.9
570719100 6539948880 97.4 15977445794662540 97.9
570850900 6539957280 97.4 15977449539560844 97.9
570992200 6539967080 97.4 15977452810012044 97.9
571178500 6539976780 97.4 15977455377384844 97.9
571228900 6539985180 97.4 15977458290131596 97.9
571394600 6539991880 97.4 15977461149685388 97.9
571452700 6541776280 97.5 15981004248929932 98.0
589450600 6541781080 97.5 15981006335022732 98.0
589814600 6541787980 97.5 15981009599944332 98.0
589845800 6541792180 97.5 15981012070651532 98.0
589960000 6541801280 97.5 15981015166817932 98.0
590020200 6541804180 97.5 15981016012846732 98.0
590288000 6541809580 97.5 15981017187169932 98.0
590332400 6541813080 97.5 15981017899259532 98.0
590574400 6541816880 97.5 15981018792392332 98.0
590651600 6544729180 97.5 15987288967542412 98.0
590714000 6544738080 97.5 15987290852647564 98.0
598538300 6544745580 97.5 15987292793946764 98.0
598551600 6546195680 97.5 15990232770101900 98.0
598903800 6546198880 97.5 15990233445327500 98.0
599418200 6546203980 97.5 15990235549647500 98.0
599464200 6546207280 97.5 15990236303721100 98.0
599632400 6546215080 97.5 15990237974479500 98.0
599712400 6546222180 97.5 15990239342999052 98.0
599801300 6546227680 97.5 15990241642698252 98.0
600059400 6546231180 97.5 15990242813335052 98.0
600136600 6546234980 97.5 15990243628439052 98.0
613693600 6546238880 97.5 15990244250211852 98.0
613696400 6546242780 97.5 15990245210519052 98.0
614096400 6546247680 97.5 15990246146659852 98.0
614108500 6546250680 97.5 15990246750410252 98.0
614515400 6548351580 97.6 15994834782639628 98.1
614788900 6548353380 97.6 15994835153942028 98.1
614860200 6548358080 97.6 15994835959617164 98.1
615014500 6548360680 97.6 15994836428199564 98.1
615122800 6548364380 97.6 15994837476980364 98.1
615267300 6548370680 97.6 15994838262416140 98.1
621337400 6548374380 97.6 15994839326352140 98.1
621478200 6548379380 97.6 15994840674755340 98.1
621483500 6548383080 97.6 15994841663529740 98.1
621539900 6548385180 97.6 15994842077840140 98.1
621609600 6548389380 97.6 15994843149148940 98.1
621943400 6548393380 97.6 15994844737168140 98.1
622289400 6549537180 97.6 15997085264372492 98.1
622313100 6549540880 97.6 15997085954753292 98.1
622369600 6549542180 97.6 15997086110401292 98.1
622561500 6549546080 97.6 15997087230247692 98.1
641116400 6550980480 97.6 16000177707467532 98.1
641188300 6550983680 97.6 16000178410341132 98.1
641322400 6550986180 97.6 16000178983529996 98.1
641405900 6550988680 97.6 16000179204713996 98.1
642058000 6550994880 97.6 16000180229328396 98.1
642080600 6551001080 97.6 16000181824587916 98.1
642115200 6551004080 97.6 16000182553880716 98.1
648225600 6551007380 97.6 16000183601432716 98.1
648406600 6551009380 97.6 16000184090904716 98.1
648440200 6551012380 97.6 16000184501436524 98.1
648484200 6551013980 97.6 16000185119932524 98.1
648561200 6551738680 97.6 16001654482272364 98.1
648859300 6551739580 97.6 16001654863405164 98.1
648920100 6551742480 97.6 16001655877984364 98.1
658061800 6551743880 97.6 16001656009056364 98.1
658171500 6551744880 97.6 16001656367661164 98.1
658478400 6552582380 97.6 16003456004178028 98.1
658547600 6552585080 97.6 16003456392091820 98.1
658685000 6552586080 97.6 16003456436533420 98.1
672635700 6553047780 97.6 16004413569759404 98.1
672755100 6553052280 97.6 16004414397356204 98.1
684460000 6553269680 97.6 16004926968764588 98.1
684644500 6553271280 97.6 16004927196706988 98.1
693187100 6553332680 97.6 16005055772604588 98.1