---------------------------------------------------------------------------------------------------------------------------------------------------------------------------------
Metro   Traffic               ─────────────────── Knee ───────────────────                           ──────────────── Cost-Optimal ────────────────               ΔCost%  KneeSrc
           Mbps    Disk(MB)     HR%    Cost$/mo    p50 ms    p95 ms     Penalty    Disk(MB)     HR%    Cost$/mo    p50 ms    p95 ms     Penalty        %         
---------------------------------------------------------------------------------------------------------------------------------------------------------------------------------
  ATL    779146   206471000    90.5     6450.48      26.5     108.7     1461.96    86384640    75.0     5344.78      29.2     118.4     5758.64    +20.7      ATL
  ORD    704806   182834900    89.1     5899.41      26.4     107.3     1089.61    60825600    73.0     4621.79      29.0     115.7     4950.67    +27.6      ORD
  DFW    642314   188837800    90.0     5843.36      21.6     105.9      129.56    68638720    74.0     4444.35      24.1     114.5     1327.22    +31.5      DFW
  IAD    596768   170019000    88.5     5435.49       9.1      74.4        0.00    57784320    70.0     4362.39      12.4      88.2        0.00    +24.6      IAD
  LGA    458121    99455700    80.8     3951.93      22.3     111.5     1012.41    64757760    74.0     3572.04      23.6     115.3     1610.78    +10.6      PHL
  LAX    454141   147411500    84.7     4873.93      26.2     112.4     1932.54    39516160    64.0     3646.46      30.0     121.7     8386.52    +33.7      LAX
  MIA    333744   191619200    84.1     5733.82      25.1     109.0      379.60    35758080    52.0     3497.62      28.8     121.8     2969.62    +63.9      MIA
  SJC    290084   135545900    85.2     4144.56      25.7     117.7     1605.24    31139840    60.0     2666.74      32.2     130.2     9465.57    +55.4      SJC
  IAH    208459   188837800    90.0     4470.89      25.1     103.0       76.81   155668480    87.0     4440.79      25.7     106.5      296.40     +0.7      DFW
  SEA    189500   166021000    84.0     4714.68      28.2     115.8     1989.89    19159040    49.0     2048.65      38.2     130.4    15728.05   +130.1      SEA
  BOS    172328   101571000    81.5     2065.94      26.5     108.6      701.08    31416320    60.0     1593.14      29.9     117.0     3355.55    +29.7      BOS
  MSP    147329   182834900    89.1     4020.09      27.0     101.8      473.60   113653760    82.0     3755.02      28.9     107.4     1338.13     +7.1      ORD
  PHL    146887    99455700    80.8     3666.38      25.0     108.3      352.04   108779520    82.0     3674.53      24.9     108.0      315.10     -0.2      PHL
  DEN    124633   107008300    82.7     1982.31      29.8     112.2     2491.86    21207040    55.0     1229.74      32.7     119.8     5403.05    +61.2      DEN
  PHX     93834   147411500    84.7     3344.23      26.4     109.7      595.97    77158400    74.0     3036.10      29.5     117.3     2354.67    +10.1      LAX
  CLE     89263    85420100    81.0     2595.82      29.2     102.7      754.85    69478400    78.0     2556.42      30.0     104.8      979.26     +1.5      PIT
  PIT     72090    85420100    81.0     2347.36      30.7     105.8     1238.61    60938240    76.0     2248.10      32.0     109.0     1855.65     +4.4      PIT
  PDX     66660   166021000    84.0     2501.76      23.4     104.3        0.00   100024320    76.0     2236.58      27.6     112.3      846.45    +11.9      SEA
  DET     66474    85420100    81.0     1831.32      33.6     115.6     6921.01    69478400    78.0     1820.97      34.9     119.9     9104.45     +0.6      PIT
  LAS     33993   147411500    84.7     1896.71      29.1     125.9     1614.44    36689920    63.0     1331.31      34.9     135.8     5154.25    +42.5      LAX
  SJU     27570   191619200    84.1     2284.50      33.0     143.1     1647.80    35758080    52.0     1371.79      50.6     163.2    10582.52    +66.5      MIA
  OMA     21956   182834900    89.1     2044.31      27.3     106.7      337.76    24422400    59.0      934.14      33.0     120.1     2577.75   +118.8      ORD
  SAN     21214   147411500    84.7     1747.82      30.6     112.3     2322.35    20848640    55.0      939.22      35.7     122.9     7126.19    +86.1      LAX
  MCI     20732   182834900    89.1     2034.11      38.8     126.5    10899.17    24422400    59.0      895.93      43.0     136.0    17930.24   +127.0      ORD
  HNL     19558   135545900    85.2     1600.75      30.8     164.9     1042.73    22968320    55.0      904.05      74.7     199.6    26061.32    +77.1      SJC
  SAC     17339   135545900    85.2     2265.63      32.4     117.8     2795.21    13813760    47.0      910.75      40.1     131.5     9490.76   +148.8      SJC
  CVG     15445   182834900    89.1     1990.04      32.7     107.9     2323.03    18923520    55.0      721.92      37.9     119.3     6220.33   +175.7      ORD
  RIC     14582   170019000    88.5     1858.51      30.0     109.1     1503.55    15513600    49.0      724.26      35.7     119.6     5626.61   +156.6      IAD
  FSD     11027   182834900    89.1     1953.21      31.2     105.1      649.66    11008000    47.0      557.12      38.0     120.4     2656.48   +250.6      ORD
---------------------------------------------------------------------------------------------------------------------------------------------------------------------------------
  (no local disk — traffic served by neighbouring metros, Traffic column = client Mbps)
---------------------------------------------------------------------------------------------------------------------------------------------------------------------------------
  CLT    193974           0     0.0        0.00      33.9     110.9     9997.38           0     0.0        0.00      36.1     121.5    15869.59     +0.0        -
  RDU    115395           0     0.0        0.00      36.1     110.7     8817.79           0     0.0        0.00      38.5     121.3    13119.47     +0.0        -
  OKC    101048           0     0.0        0.00      29.8     113.6     2125.29           0     0.0        0.00      32.1     121.9     4202.67     +0.0        -
  SLC     95641           0     0.0        0.00      44.5     134.6    21506.65           0     0.0        0.00      50.6     146.1    35769.87     +0.0        -
  MSY     88686           0     0.0        0.00      36.7     124.8     8028.74           0     0.0        0.00      38.6     130.8    10620.03     +0.0        -
  SAT     88511           0     0.0        0.00      34.1     114.3     4922.34           0     0.0        0.00      35.6     121.5     6734.32     +0.0        -
  BNA     87697           0     0.0        0.00      32.9     113.3     3855.54           0     0.0        0.00      35.5     123.3     6649.20     +0.0        -
  ORL     84960           0     0.0        0.00      32.5     114.6     3501.42           0     0.0        0.00      35.9     127.4     6958.55     +0.0        -
  JAX     79222           0     0.0        0.00      31.7     115.5     2778.76           0     0.0        0.00      34.6     125.7     5273.92     +0.0        -
  TPA     76228           0     0.0        0.00      29.3     108.6     1198.89           0     0.0        0.00      32.6     121.9     3460.63     +0.0        -
  STL     74435           0     0.0        0.00      30.8     113.1     2004.86           0     0.0        0.00      33.7     121.2     4087.35     +0.0        -
  MKE     69540           0     0.0        0.00      33.4     111.5     3290.24           0     0.0        0.00      36.4     120.3     5862.64     +0.0        -
  IND     68370           0     0.0        0.00      33.2     111.2     3131.78           0     0.0        0.00      35.9     120.0     5389.78     +0.0        -
  MEM     66256           0     0.0        0.00      41.9     124.9    11249.79           0     0.0        0.00      44.2     133.8    14420.13     +0.0        -
  CMH     65416           0     0.0        0.00      37.4     115.5     6184.23           0     0.0        0.00      40.0     123.7     9015.60     +0.0        -
  AUS     55984           0     0.0        0.00      32.9     109.7     2336.40           0     0.0        0.00      34.2     115.5     3211.07     +0.0        -
  BWI     45219           0     0.0        0.00      33.1     109.5     1973.86           0     0.0        0.00      35.5     116.4     3238.57     +0.0        -
  MSN     41393           0     0.0        0.00      31.7     107.4     1286.69           0     0.0        0.00      33.9     114.6     2224.61     +0.0        -
  ALB     38227           0     0.0        0.00      32.1     115.7     1444.65           0     0.0        0.00      34.4     121.2     2357.51     +0.0        -
  LEX     36481           0     0.0        0.00      36.6     120.8     3172.78           0     0.0        0.00      39.3     129.3     4721.51     +0.0        -
  SDF     35659           0     0.0        0.00      40.9     122.6     5427.60           0     0.0        0.00      44.1     130.8     7699.41     +0.0        -
  JAN     35032           0     0.0        0.00      40.0     129.1     4899.11           0     0.0        0.00      42.8     137.5     6737.71     +0.0        -
  ABQ     32907           0     0.0        0.00      44.4     132.6     7274.17           0     0.0        0.00      46.5     140.0     8887.70     +0.0        -
  SYR     31293           0     0.0        0.00      43.6     132.2     6455.35           0     0.0        0.00      44.8     135.9     7229.74     +0.0        -
  ROC     22126           0     0.0        0.00      40.9     128.4     3411.46           0     0.0        0.00      42.0     132.1     3901.27     +0.0        -
  PVD     19744           0     0.0        0.00      24.8     102.3        6.22           0     0.0        0.00      28.1     112.3      234.98     +0.0        -
  BUF     18895           0     0.0        0.00      41.2     127.9     3022.46           0     0.0        0.00      42.4     131.9     3451.93     +0.0        -
  BDL     17073           0     0.0        0.00      33.3     113.7      805.53           0     0.0        0.00      37.3     123.2     1659.51     +0.0        -
  HVN     12797           0     0.0        0.00      21.2     103.7        0.00           0     0.0        0.00      22.3     107.6       16.63     +0.0        -
---------------------------------------------------------------------------------------------------------------------------------------------------------------------------------
TOTAL   5839997                        95549.33                       182452.32                        70086.67                       372478.10    +36.3         
---------------------------------------------------------------------------------------------------------------------------------------------------------------------------------
