client_metro,region,maprule,is_cache_hit,ttfb_le_5_ms,ttfb_le_10_ms,ttfb_le_15_ms,ttfb_le_20_ms,ttfb_le_25_ms,ttfb_le_30_ms,ttfb_le_35_ms,ttfb_le_40_ms,ttfb_le_45_ms,ttfb_le_50_ms,ttfb_le_55_ms,ttfb_le_60_ms,ttfb_le_65_ms,ttfb_le_70_ms,ttfb_le_75_ms,ttfb_le_80_ms,ttfb_le_85_ms,ttfb_le_90_ms,ttfb_le_95_ms,ttfb_le_100_ms,ttfb_le_150_ms,ttfb_le_200_ms,ttfb_le_300_ms,ttfb_le_400_ms,ttfb_le_500_ms,ttfb_le_1000_ms,ttfb_gt_1000_ms,bytes_sent,requests
1181,41984,dscw80,0,0,0,0,0,0,0,0,0,0,0,0,1,1,1,1,1,1,1,1,1,1,1,1,1,1,1,0,258028,1
1181,49634,dscw80,0,0,0,0,0,0,0,0,1,2,2,2,2,2,4,4,4,4,4,4,4,4,5,6,7,7,7,1,8011265,8
1181,51174,dscw80,0,0,0,0,0,0,0,0,0,0,0,0,0,0,0,0,0,2,2,2,2,4,4,4,4,4,4,0,1401379,4
1173,41409,dscw80,0,0,0,0,0,0,0,0,0,0,0,0,0,2,5,6,8,11,11,11,13,19,22,26,26,27,27,0,81093962,27
1173,49257,dscw80,0,0,0,0,0,0,0,0,0,0,0,0,1,1,1,1,1,1,1,1,1,1,1,1,1,1,1,0,8853317,1
1173,46548,dscw80,0,0,0,0,0,0,0,2,4,7,9,12,12,13,13,16,16,18,18,20,21,30,32,38,40,41,44,2,143579118,46
1173,49440,dscw80,0,0,0,0,0,0,0,0,0,1,1,1,1,3,3,3,4,6,6,9,10,32,39,48,52,53,53,0,171987721,53
1181,38580,dscw80,0,0,0,0,0,0,1,2,3,3,3,4,5,6,6,7,7,7,7,7,7,11,11,11,11,11,11,0,29825627,11
1181,44738,dscw80,1,0,0,0,0,0,0,0,0,0,0,0,0,0,0,0,0,0,0,0,0,0,0,1,1,1,1,0,2553525,1
1173,44035,dscw80,1,0,0,0,14,34,73,114,163,202,232,267,296,321,342,364,382,405,422,430,440,489,510,517,525,527,530,1,998184156,531
1181,52590,dscw80,1,0,0,0,0,0,0,0,0,0,0,0,1,1,1,2,2,2,3,3,3,3,3,3,3,3,4,0,268365,4
1173,44912,dscw80,0,0,0,0,0,3,11,28,48,69,96,117,140,164,184,196,213,226,240,249,256,318,349,382,403,415,421,8,1157533935,429
1181,49634,dscw80,1,0,0,0,0,1,1,1,1,1,1,1,1,1,1,1,1,1,1,1,1,1,1,1,1,1,1,0,128608,1
1173,41409,dscw80,1,0,0,0,0,0,0,0,0,0,1,1,1,1,1,1,1,1,1,1,1,1,1,1,2,2,2,0,323452,2
1173,51281,dscw80,0,0,0,0,0,0,0,0,0,0,0,0,0,0,0,0,0,0,0,0,0,1,1,1,1,1,1,0,128328,1
1181,37598,dscw80,0,0,0,0,0,0,0,0,1,1,1,1,1,2,2,2,2,2,2,2,2,2,2,2,2,2,2,0,45658,2
1181,40557,dscw80,0,0,0,0,0,0,0,0,0,0,0,0,0,0,0,1,1,2,3,3,3,6,7,9,9,9,9,0,40696800,9
1173,44738,dscw80,0,0,0,0,0,0,0,0,1,4,6,9,16,24,33,47,58,69,76,85,88,130,140,153,160,161,161,1,488627412,162
1173,46548,dscw80,1,0,0,0,0,0,1,1,1,1,1,1,1,1,1,1,1,1,1,1,1,1,1,2,3,3,3,0,1285444,3
1173,49440,dscw80,1,0,0,0,0,0,0,0,0,0,0,0,0,0,0,0,0,0,0,0,0,0,0,0,0,2,2,0,267266,2
1173,52590,dscw80,0,0,0,0,31,135,273,396,536,669,784,905,1007,1096,1179,1262,1326,1375,1429,1466,1503,1771,1899,2028,2084,2121,2159,50,5287523737,2209
1173,44912,dscw80,1,0,0,0,3,5,11,16,20,23,28,33,38,40,42,45,45,49,51,52,53,61,61,62,64,65,65,0,66990552,65
1173,49634,dscw80,0,0,0,0,0,0,0,0,1,3,3,5,6,8,15,23,25,29,32,34,37,56,56,62,64,64,64,0,170622053,64
1173,51174,dscw80,0,0,0,0,0,0,0,0,0,0,0,0,2,2,4,7,8,10,15,16,18,27,37,40,42,44,44,1,102770807,45
1181,42619,dscw80,0,0,0,0,0,0,0,0,0,0,0,0,2,2,2,2,2,2,2,2,2,3,5,5,5,5,5,0,13037811,5
1181,52978,dscw80,0,0,0,0,0,0,0,0,0,0,0,0,0,1,1,1,1,2,3,3,3,6,6,9,9,9,10,0,13031698,10
1173,38580,dscw80,0,0,0,0,0,0,0,0,0,0,0,0,0,1,2,2,2,2,2,2,2,3,3,4,4,4,4,0,16155366,4
1173,44738,dscw80,1,0,0,0,0,0,1,1,3,3,3,4,6,7,12,13,13,13,13,15,16,24,25,25,25,25,25,0,18037583,25
1173,39272,dscw80,0,0,0,0,0,0,0,0,0,0,0,0,0,0,0,0,0,0,0,0,3,19,25,36,36,36,37,0,121752685,37
1173,52590,dscw80,1,0,0,1,19,59,91,127,164,202,225,243,258,276,294,305,313,324,335,341,349,373,385,402,407,411,419,4,525936014,423
1173,49634,dscw80,1,0,0,0,0,0,0,0,0,0,0,1,2,5,7,7,8,10,14,14,14,16,19,19,20,20,20,0,35993791,20
1173,51174,dscw80,1,0,0,0,0,0,0,0,0,0,0,0,2,2,2,3,3,4,4,4,4,6,8,8,8,9,9,0,1037758,9
1181,24201,dscw80,0,0,0,0,0,0,0,0,0,0,0,0,0,0,0,0,0,0,0,0,0,0,0,0,0,1,3,0,89806,3
1173,46091,dscw80,0,0,0,0,0,0,0,0,0,0,0,0,0,0,0,0,0,1,1,1,1,4,6,6,8,8,8,0,56739677,8
1181,48590,dscw80,0,0,5,15,19,28,36,43,46,56,57,67,72,75,80,82,85,89,90,94,95,104,113,120,120,121,122,0,255111422,122
1173,39272,dscw80,1,0,0,0,0,0,0,0,0,0,0,0,0,0,0,0,0,1,1,1,4,7,7,8,8,8,8,0,14423785,8
1181,35540,dscw80,0,0,0,0,0,0,0,0,0,0,0,0,0,0,0,0,0,0,0,0,0,1,1,1,1,1,1,0,3879413,1
1173,52978,dscw80,0,0,0,0,0,6,28,74,115,169,212,292,386,478,597,705,792,872,956,1036,1091,1513,1747,1916,2007,2069,2146,31,4438627561,2177
1181,48590,dscw80,1,0,6,7,7,8,10,13,13,14,14,14,14,16,16,16,16,17,17,17,17,17,17,17,17,17,17,0,26447913,17
1173,49429,dscw80,0,0,0,0,0,0,0,0,0,0,1,2,3,5,6,8,8,9,9,10,10,10,13,15,15,15,16,1,31260058,17
1173,47733,dscw80,0,0,0,0,0,0,0,0,0,0,0,0,0,0,0,2,7,10,11,11,12,16,16,18,18,18,18,0,156269205,18
1181,35540,dscw80,1,0,0,0,0,0,0,0,0,0,0,0,0,0,0,0,0,1,1,1,1,1,1,1,1,1,1,0,257960,1
1181,47632,dscw80,1,0,0,0,0,0,0,0,0,0,0,0,0,0,0,0,0,0,0,0,0,1,1,2,2,2,2,0,516490,2
1173,44737,dscw80,0,0,0,0,0,0,3,9,13,17,22,26,35,45,52,66,73,89,95,98,109,159,180,193,204,208,209,1,477441029,210
1173,52978,dscw80,1,0,0,0,0,11,16,28,37,56,72,87,103,124,141,152,155,157,164,170,173,203,218,229,235,237,240,1,312949653,241
1173,50535,dscw80,0,0,0,0,0,0,0,0,0,0,0,0,0,0,0,0,0,0,0,0,0,0,0,4,4,4,4,0,1752126,4
1181,37241,dscw80,0,0,3,7,11,13,14,14,14,14,19,23,26,35,44,52,55,63,66,70,75,100,103,111,114,117,118,0,265397195,118
1181,46626,dscw80,0,0,0,0,0,0,0,0,0,0,0,0,0,0,0,0,0,0,0,0,0,0,0,0,0,0,0,1,386609,1
1181,52262,dscw80,0,0,0,0,0,0,0,0,1,1,1,1,1,1,1,1,2,2,2,2,2,3,4,5,5,5,5,0,26763300,5
1173,47632,dscw80,0,0,0,0,0,0,0,0,0,0,0,0,0,1,3,3,3,4,4,4,4,5,5,5,5,5,5,0,27466149,5
1181,42863,dscw80,0,0,0,0,0,1,1,1,1,1,1,1,1,1,1,1,1,1,1,1,1,1,1,1,1,1,1,0,8336,1
1181,43302,dscw80,0,0,0,0,0,0,0,0,0,0,0,0,0,0,0,0,0,0,0,0,0,0,0,0,1,1,1,0,2638,1
1173,47733,dscw80,1,0,0,0,0,0,0,0,0,0,0,0,1,1,1,1,1,2,2,2,2,2,2,2,2,2,2,0,6737234,2
1173,44737,dscw80,1,0,0,0,0,2,3,5,7,10,11,13,15,15,16,18,18,20,20,20,21,25,27,27,27,28,28,0,74882169,28
1173,50298,dscw80,0,0,0,0,0,0,0,0,0,0,0,0,0,0,0,0,0,0,0,0,1,1,1,2,2,2,2,0,256194,2
1181,45169,dscw80,0,0,0,0,0,0,0,0,0,0,0,0,1,2,2,5,9,10,10,11,12,16,18,22,22,22,23,0,36478689,23
1181,37241,dscw80,1,2,3,3,3,3,3,4,5,8,13,16,17,19,20,23,24,26,27,27,29,33,35,35,35,36,36,0,49117723,36
1181,49158,dscw80,0,2,7,11,16,29,33,43,47,51,59,61,64,72,74,81,87,97,98,104,108,126,140,157,163,165,173,3,264571345,176
1173,43663,dscw80,0,0,0,0,0,0,0,2,3,6,7,7,10,10,10,12,13,14,15,16,18,22,24,27,27,27,27,0,125414605,27
1173,47632,dscw80,1,0,0,0,0,0,0,0,0,0,0,0,0,0,0,0,0,0,0,0,0,1,1,1,1,1,1,0,128767,1
1181,51472,dscw80,0,0,0,0,0,0,1,3,3,3,3,3,4,4,4,4,4,4,5,6,7,7,7,8,8,9,9,0,21738496,9
1173,49110,dscw80,0,0,0,0,0,0,0,0,1,2,3,6,8,11,13,15,17,21,22,25,27,39,43,53,54,54,55,1,198604329,56
1181,50463,dscw80,0,0,0,0,0,0,0,0,0,0,0,0,0,0,0,0,0,0,0,0,0,1,1,1,2,2,2,0,5023705,2
1181,51906,dscw80,0,0,0,0,0,0,0,0,0,0,0,0,0,0,0,1,1,1,1,1,1,1,1,1,1,1,2,0,324570,2
1181,45169,dscw80,1,0,0,0,0,0,0,0,0,0,0,0,1,1,1,2,3,3,3,3,3,4,4,4,4,4,4,0,520501,4
1173,46626,dscw80,0,0,0,0,0,0,1,9,31,61,98,135,162,205,241,279,307,341,378,413,445,623,685,741,756,766,774,3,2096952005,777
1181,41408,dscw80,0,0,0,0,0,0,0,0,0,0,0,0,0,0,0,0,0,0,0,0,0,3,3,4,4,4,4,0,3559074,4
1181,44080,dscw80,0,0,0,0,0,0,0,0,0,0,1,1,1,1,1,1,2,2,2,2,2,2,3,3,3,3,3,0,777226,3
1181,49158,dscw80,1,7,10,14,16,18,23,25,27,28,30,30,30,30,33,34,34,36,37,39,39,47,49,51,51,51,53,0,60251024,53
1173,42863,dscw80,0,0,0,0,0,0,0,0,0,0,0,2,4,6,8,11,12,14,14,15,16,23,25,28,30,31,33,1,82335063,34
1173,43302,dscw80,0,0,0,0,0,0,0,0,1,1,2,2,2,2,3,3,3,3,4,4,4,8,12,12,12,12,12,0,29342402,12
1173,43663,dscw80,1,0,0,0,0,1,4,4,6,6,7,7,7,7,7,7,8,8,8,9,9,9,9,10,10,10,10,0,21622588,10
1181,44636,dscw80,0,0,0,0,0,0,0,0,0,0,0,0,0,0,0,0,0,0,0,0,0,0,0,1,1,1,1,0,924028,1
1173,45169,dscw80,0,0,0,0,0,0,0,0,0,1,4,5,7,9,12,15,16,17,19,20,20,31,34,36,36,36,36,0,47117243,36
1173,49110,dscw80,1,0,0,0,0,0,0,0,0,0,0,0,0,1,1,1,1,1,1,1,1,2,3,3,3,3,3,0,8144253,3
1181,38974,dscw80,0,0,0,0,0,0,0,0,0,0,0,0,0,1,1,1,1,1,1,1,1,1,1,1,1,1,1,0,258006,1
1173,46626,dscw80,1,0,0,0,0,3,7,17,42,62,72,84,96,101,109,121,137,152,161,171,176,210,221,231,238,240,242,0,396703062,242
1173,42863,dscw80,1,0,0,0,0,0,0,0,0,1,1,1,1,2,2,2,2,2,2,2,4,4,4,5,5,5,5,0,4243032,5
1173,43302,dscw80,1,0,0,0,0,0,0,1,1,1,1,1,1,1,1,1,1,1,1,1,1,1,1,1,1,1,1,0,10359679,1
1173,51472,dscw80,0,0,0,0,0,0,0,0,0,0,0,0,0,0,0,0,0,0,0,0,0,1,1,2,2,2,2,0,3469451,2
1181,51571,dscw80,0,0,0,0,0,0,0,0,0,0,0,0,0,0,0,0,1,1,1,1,1,1,1,2,2,2,2,0,15957260,2
1173,45169,dscw80,1,0,0,0,0,0,0,0,0,1,2,2,3,4,4,4,5,5,5,6,6,7,7,7,7,7,7,0,11466020,7
1181,41409,dscw80,0,0,0,0,3,5,6,7,11,14,16,16,18,20,20,20,21,21,21,22,22,24,24,24,25,25,26,0,48477441,26
1181,47698,dscw80,0,0,0,0,0,0,0,0,0,0,0,0,0,0,0,0,0,0,1,2,2,2,2,2,2,2,2,0,12136505,2
1181,49257,dscw80,0,0,0,0,3,7,16,21,23,25,28,29,29,33,35,36,36,39,42,44,46,50,50,51,55,57,58,0,199348154,58
1173,50463,dscw80,0,0,0,0,1,5,17,29,50,81,103,124,150,168,198,223,252,273,289,312,325,432,474,504,524,534,539,3,1350434444,542
1173,51906,dscw80,0,0,0,0,0,0,0,3,9,11,13,20,25,27,30,33,38,40,43,46,47,64,80,97,104,108,114,3,263706501,117
1181,41187,dscw80,0,0,0,1,2,4,4,5,6,8,10,10,11,13,13,13,15,15,15,15,15,18,19,19,20,20,20,0,31238525,20
1181,49440,dscw80,0,0,0,0,0,0,0,0,0,1,1,1,1,1,1,1,1,1,1,1,1,3,3,3,3,3,3,0,9759568,3
1181,53419,dscw80,0,1,8,15,27,58,94,107,120,131,145,151,156,162,169,172,178,179,183,184,191,208,211,224,225,226,227,1,583629846,228
1181,44035,dscw80,1,0,0,0,0,0,0,0,0,0,0,0,0,0,1,1,1,1,1,1,1,1,1,1,1,1,1,0,288376,1
1181,53188,dscw80,0,0,0,0,0,0,0,0,1,1,1,1,1,1,1,1,1,1,1,1,1,2,3,4,9,11,20,15,14557074,35
1173,51472,dscw80,1,0,0,0,0,0,0,0,0,0,0,0,0,1,1,1,1,1,1,1,1,1,1,1,1,1,1,0,257626,1
1181,49926,dscw80,0,0,0,0,0,0,0,0,0,0,0,1,1,1,1,2,2,2,2,2,2,3,3,3,3,3,3,0,7988695,3
1173,49054,dscw80,0,0,0,0,0,0,0,0,0,0,0,0,0,0,0,1,1,1,1,1,2,3,4,5,5,5,5,0,1237365,5
1181,41409,dscw80,1,0,0,0,0,0,2,2,3,4,4,4,4,4,4,5,5,5,5,5,5,5,5,5,5,5,5,0,14282221,5
1181,49257,dscw80,1,0,0,2,3,4,5,6,6,7,8,10,10,10,10,10,10,11,11,11,11,11,11,11,11,11,11,0,13859537,11
1173,50463,dscw80,1,0,0,0,0,1,2,6,9,12,17,19,20,23,27,28,33,33,34,35,37,39,40,41,42,44,44,0,26664966,44
1173,51906,dscw80,1,0,0,0,0,0,0,3,4,6,6,7,8,9,10,12,12,13,15,16,16,17,22,24,24,25,25,0,36156026,25
1181,41187,dscw80,1,0,0,2,2,2,2,2,2,2,2,2,2,2,2,2,2,2,3,3,3,3,3,3,3,3,3,0,37100,3
1181,44738,dscw80,0,0,0,0,0,0,0,0,0,0,0,0,0,0,0,0,0,0,1,1,2,2,3,3,3,4,4,0,5170897,4
1181,49440,dscw80,1,0,0,0,0,0,0,0,0,0,0,0,0,1,1,1,1,1,1,1,1,1,1,1,1,1,1,0,128790,1
1181,53419,dscw80,1,0,0,2,7,18,23,28,31,34,37,37,37,37,38,40,40,40,40,41,41,42,42,42,42,42,42,0,85110774,42
1173,44035,dscw80,0,0,0,0,0,10,36,78,147,229,316,404,495,571,658,718,784,858,899,966,1014,1363,1517,1690,1763,1798,1834,16,4836383895,1850
1181,52590,dscw80,0,0,0,0,1,1,1,1,1,1,3,3,3,3,4,5,8,11,12,12,12,20,20,22,24,24,24,1,60868732,25
1181,53188,dscw80,1,0,0,0,0,0,0,0,0,0,0,0,0,0,0,0,0,0,0,0,0,0,0,0,0,0,0,1,1190,1
