client_metro,region,maprule,is_cache_hit,ttfb_le_5_ms,ttfb_le_10_ms,ttfb_le_15_ms,ttfb_le_20_ms,ttfb_le_25_ms,ttfb_le_30_ms,ttfb_le_35_ms,ttfb_le_40_ms,ttfb_le_45_ms,ttfb_le_50_ms,ttfb_le_55_ms,ttfb_le_60_ms,ttfb_le_65_ms,ttfb_le_70_ms,ttfb_le_75_ms,ttfb_le_80_ms,ttfb_le_85_ms,ttfb_le_90_ms,ttfb_le_95_ms,ttfb_le_100_ms,ttfb_le_150_ms,ttfb_le_200_ms,ttfb_le_300_ms,ttfb_le_400_ms,ttfb_le_500_ms,ttfb_le_1000_ms,ttfb_gt_1000_ms,bytes_sent,requests
1181,41984,dscw80,0,0,0,0,0,0,0,0,0,0,0,0,0,1,1,1,1,2,2,3,3,4,4,5,5,5,5,0,3139741,5
1181,49634,dscw80,0,0,0,0,0,0,0,0,0,0,1,1,1,2,2,2,3,3,3,3,3,5,5,8,8,8,8,0,5591690,8
1173,41409,dscw80,0,0,0,0,0,0,0,0,0,0,2,3,4,5,6,8,8,8,9,10,10,12,13,13,13,13,14,0,19390865,14
1173,49054,dscw80,1,0,0,0,0,0,0,0,0,0,0,0,0,1,1,1,1,1,1,1,1,1,1,1,1,1,1,0,484352,1
1181,44912,dscw80,1,0,0,0,0,0,0,0,0,1,1,1,1,1,1,1,1,1,1,1,1,1,1,1,1,1,1,0,2066,1
1173,46548,dscw80,0,0,0,0,0,0,0,1,2,3,3,3,3,3,3,3,3,3,3,3,3,3,4,5,5,5,5,0,13061352,5
1173,53419,dscw80,0,0,0,0,0,0,0,0,0,0,0,0,0,0,0,0,0,0,0,0,0,2,2,2,3,3,4,0,3565963,4
1173,44035,dscw80,1,0,0,0,0,1,1,1,2,2,2,2,2,2,2,2,2,2,2,2,2,3,3,3,3,3,3,0,5989607,3
1181,52590,dscw80,1,0,0,0,0,0,0,0,0,0,0,1,1,1,1,1,1,1,1,1,1,1,1,1,1,1,1,0,128736,1
1173,44912,dscw80,0,0,0,0,0,2,7,21,36,62,84,104,133,156,186,210,218,230,239,255,268,340,377,413,425,429,437,1,1054149807,438
1181,49634,dscw80,1,0,0,0,0,0,0,0,0,1,3,3,3,3,4,4,5,5,5,5,5,5,5,5,6,6,6,0,7332421,6
1173,41409,dscw80,1,0,0,0,0,0,0,0,0,0,1,1,1,1,1,1,1,1,1,1,1,1,1,1,1,1,1,0,1594,1
1173,44738,dscw80,0,0,0,0,0,0,0,0,0,0,0,0,0,0,3,4,4,5,5,8,8,14,16,16,16,17,17,0,67110013,17
1173,52590,dscw80,0,0,0,2,18,73,146,203,263,317,369,418,451,485,515,546,566,589,608,623,636,751,796,834,859,867,880,0,2115514871,880
1173,44912,dscw80,1,0,0,0,0,1,8,15,23,27,32,35,36,37,39,43,44,46,47,49,51,55,57,59,59,59,59,0,64545998,59
1173,51174,dscw80,0,0,0,0,0,0,0,0,0,0,0,0,0,3,3,3,3,3,3,3,3,3,3,3,3,3,3,0,9125551,3
1181,52978,dscw80,0,0,0,0,0,0,0,0,0,0,0,0,0,0,0,1,1,1,2,2,2,2,3,3,3,3,3,0,3094618,3
1173,39272,dscw80,0,0,0,0,0,0,0,0,0,0,0,0,0,0,0,0,0,0,0,0,0,0,1,2,2,3,3,0,10852482,3
1173,52590,dscw80,1,0,0,4,16,45,76,90,110,126,143,157,165,176,183,188,193,198,198,204,206,223,228,229,230,231,234,0,350964405,234
1173,51174,dscw80,1,0,0,0,0,0,0,0,0,0,0,0,1,1,1,1,1,1,1,1,1,1,1,2,2,2,2,0,355700,2
1181,44737,dscw80,0,0,0,0,0,0,0,0,0,0,0,0,0,0,0,0,0,1,1,1,1,2,2,3,4,4,4,0,712004,4
1181,52978,dscw80,1,0,0,0,0,0,0,0,0,0,0,0,0,1,1,1,1,1,1,1,1,1,1,1,1,1,1,0,3252,1
1181,48590,dscw80,0,0,4,7,8,10,13,14,14,18,22,24,30,32,36,38,41,43,45,49,52,68,71,74,78,79,80,0,112233936,80
1173,52978,dscw80,0,0,0,0,1,7,22,28,48,63,90,119,160,194,224,249,278,296,312,331,347,437,473,513,529,540,545,8,1075102661,553
1181,48590,dscw80,1,0,1,1,1,2,2,4,4,5,5,5,5,5,5,5,5,5,5,5,5,6,6,6,7,7,7,0,679266,7
1173,49429,dscw80,0,0,0,0,0,0,0,0,0,0,0,0,3,6,7,7,7,7,7,7,7,8,9,9,9,9,9,0,22306582,9
1173,47733,dscw80,0,0,0,0,0,0,0,0,0,0,0,0,0,0,1,1,1,2,5,5,5,13,14,16,16,16,16,0,29016363,16
1173,44737,dscw80,0,0,0,0,0,0,0,8,10,13,17,20,22,24,28,33,39,41,44,44,45,65,76,84,86,86,87,0,229865004,87
1173,52978,dscw80,1,0,0,0,0,2,4,7,10,16,22,25,39,42,46,48,51,53,53,54,54,66,71,73,73,76,76,1,93406963,77
1181,37241,dscw80,0,1,5,9,11,13,13,14,15,15,18,26,33,38,46,51,57,60,64,66,69,84,90,97,99,100,100,0,265364163,100
1181,46626,dscw80,0,0,0,0,0,0,0,0,0,0,0,0,0,0,0,0,1,1,1,1,1,1,1,1,1,1,1,0,257883,1
1173,48590,dscw80,0,0,0,0,0,0,0,0,0,0,0,0,0,0,0,0,0,0,0,0,0,0,0,1,1,1,1,0,4116845,1
1173,49429,dscw80,1,0,0,0,0,0,0,0,0,0,1,1,1,1,1,1,2,2,2,2,2,2,2,2,2,2,2,0,9399805,2
1173,47733,dscw80,1,0,0,0,0,0,0,0,0,0,0,0,0,0,1,1,1,1,1,2,2,2,3,5,5,5,5,0,5757423,5
1173,44737,dscw80,1,0,0,0,0,0,1,2,2,2,4,4,5,7,8,9,9,9,9,9,9,9,9,9,10,10,10,0,26975664,10
1181,45169,dscw80,0,0,0,0,0,0,0,0,0,0,0,0,0,1,1,3,3,3,3,4,4,4,6,6,7,7,7,0,24684783,7
1181,37241,dscw80,1,5,7,8,8,8,8,8,8,10,11,16,16,17,17,19,21,21,21,23,23,26,27,29,29,29,29,0,56290712,29
1181,49158,dscw80,0,6,6,6,6,7,7,9,9,10,11,11,11,12,12,12,12,12,12,12,12,13,17,22,24,24,26,0,27422416,26
1181,49579,dscw80,0,0,0,0,0,0,0,0,0,0,0,0,0,0,0,0,0,0,0,1,1,1,1,1,1,1,1,0,128287,1
1181,51472,dscw80,0,0,0,0,0,1,1,1,3,4,6,6,6,7,7,7,7,8,8,8,8,10,11,12,14,15,20,15,10710608,35
1181,42617,dscw80,0,0,0,0,0,0,0,0,0,0,1,1,1,1,1,1,1,1,1,1,1,1,1,1,1,1,1,0,6883755,1
1181,50463,dscw80,0,0,0,0,0,0,0,1,1,1,1,1,1,1,1,1,1,1,1,1,1,1,1,1,1,1,1,0,257887,1
1173,50298,dscw80,1,0,0,0,0,0,0,1,1,1,1,1,1,1,1,1,1,1,1,1,1,1,1,1,1,1,1,0,128406,1
1181,45169,dscw80,1,0,0,0,0,0,0,0,0,0,0,0,3,5,5,5,6,6,6,6,6,8,8,8,8,8,8,0,1077710,8
1173,46626,dscw80,0,0,0,0,0,1,6,7,17,38,50,81,97,118,143,165,198,221,241,260,278,410,475,517,541,554,564,2,1528082021,566
1181,47555,dscw80,0,0,0,0,0,0,0,0,0,1,1,1,1,1,1,1,1,1,1,1,1,1,1,1,1,1,1,0,257645,1
1181,49158,dscw80,1,2,2,2,2,2,2,2,3,3,3,3,3,3,4,4,4,4,5,5,5,5,5,7,7,7,7,0,667980,7
1181,51472,dscw80,1,0,0,0,0,0,0,0,0,0,0,0,0,0,0,0,0,0,0,0,0,1,1,1,1,1,2,4,8530,6
1173,45169,dscw80,0,0,0,0,0,0,0,0,0,1,2,2,5,6,9,10,12,12,15,15,16,18,18,19,19,20,20,0,68198558,20
1181,38974,dscw80,0,0,0,0,0,0,0,0,0,0,0,0,0,0,0,0,0,0,0,0,0,0,0,0,0,0,2,0,68348,2
1173,46626,dscw80,1,0,0,0,0,0,3,12,23,31,41,48,57,66,72,83,90,95,102,109,112,142,151,157,159,160,160,0,244674598,160
1181,44035,dscw80,0,0,0,0,0,0,0,0,0,0,0,0,0,0,0,1,1,1,1,1,1,2,2,2,2,2,2,0,1393043,2
1173,49158,dscw80,0,0,0,0,0,0,0,0,0,0,0,0,0,0,0,2,2,2,2,2,2,2,3,3,3,3,3,0,679393,3
1173,45169,dscw80,1,0,0,0,0,0,0,0,0,0,1,2,3,3,3,6,6,6,6,6,6,8,8,8,8,8,8,0,5557669,8
1181,41409,dscw80,0,0,0,0,0,0,0,1,4,4,5,6,10,12,13,14,14,15,19,21,21,25,26,26,27,27,27,0,79274202,27
1181,47698,dscw80,0,0,0,0,0,0,0,0,0,0,0,0,0,0,0,0,0,0,0,0,0,1,1,1,1,1,1,0,131277,1
1181,49257,dscw80,0,0,0,1,3,6,8,10,11,13,15,19,20,20,21,24,24,24,26,26,27,29,30,31,31,31,31,0,95811712,31
1173,50463,dscw80,0,0,0,0,0,0,1,1,4,4,8,11,13,14,18,19,21,24,24,27,27,31,33,34,37,37,37,0,38946898,37
1173,51906,dscw80,0,0,0,0,0,0,1,2,2,5,6,7,8,10,10,12,15,17,18,21,25,41,55,70,81,84,96,2,85640130,98
1181,41187,dscw80,0,0,0,0,0,0,0,1,1,2,2,2,2,2,2,2,3,3,3,4,4,4,4,4,5,6,7,1,7827870,8
1181,53419,dscw80,0,0,0,1,2,2,2,3,3,3,3,3,3,3,4,7,7,7,9,9,9,12,12,14,14,14,14,0,9191628,14
1181,44035,dscw80,1,0,0,0,0,0,0,0,0,0,0,0,0,0,0,0,1,1,1,1,1,1,1,1,1,1,1,0,306414,1
1173,49158,dscw80,1,0,0,0,0,0,0,0,0,0,0,0,0,0,1,1,1,1,1,1,1,1,1,1,1,1,1,0,33012,1
1181,53188,dscw80,0,0,2,10,17,29,31,35,39,41,46,46,46,49,51,53,53,54,55,57,57,71,74,80,84,84,85,0,160762129,85
1173,49054,dscw80,0,0,0,0,0,0,0,0,0,0,0,1,2,3,4,4,4,4,4,4,4,4,4,5,6,6,6,0,4542881,6
1181,39888,dscw80,0,0,0,0,0,0,0,0,0,0,0,0,0,0,0,0,0,0,0,0,0,0,0,1,1,1,1,0,529911,1
1181,41409,dscw80,1,0,0,12,12,12,12,12,12,12,12,12,12,12,12,12,12,12,13,13,13,13,14,14,14,14,14,0,4634633,14
1181,49257,dscw80,1,0,0,0,0,0,1,1,3,3,3,3,3,3,3,3,3,3,3,3,3,3,3,3,3,3,3,0,643814,3
1173,38974,dscw80,0,0,0,0,0,0,0,0,0,0,0,0,0,0,1,2,2,2,2,2,2,2,3,3,3,3,4,0,12388736,4
1173,51906,dscw80,1,0,0,0,0,1,1,4,6,7,12,12,17,18,20,20,21,21,22,22,22,25,27,27,27,27,27,0,5834868,27
1181,41187,dscw80,1,0,0,0,0,0,1,1,2,3,3,3,3,3,3,3,3,3,3,3,3,3,3,3,3,3,3,0,418247,3
1181,44912,dscw80,0,0,0,0,0,0,0,1,1,2,3,3,3,4,5,6,7,8,8,8,8,9,9,9,9,9,10,0,3176477,10
1181,53419,dscw80,1,0,0,0,1,1,1,1,1,1,1,1,1,1,1,1,1,1,1,1,1,1,1,1,1,1,1,0,257626,1
1173,44035,dscw80,0,0,0,0,0,0,1,3,6,10,12,15,15,17,20,22,28,28,30,30,31,36,39,41,44,45,46,0,65897130,46
1181,52590,dscw80,0,0,0,0,0,0,0,0,0,0,0,0,0,0,2,3,3,3,3,3,3,3,4,4,4,5,5,0,12862509,5
1181,53188,dscw80,1,0,1,4,8,11,11,12,12,12,12,12,14,15,15,16,16,16,16,16,16,17,19,20,20,21,21,0,26238266,21
