client_metro,region,maprule,is_cache_hit,ttfb_le_5_ms,ttfb_le_10_ms,ttfb_le_15_ms,ttfb_le_20_ms,ttfb_le_25_ms,ttfb_le_30_ms,ttfb_le_35_ms,ttfb_le_40_ms,ttfb_le_45_ms,ttfb_le_50_ms,ttfb_le_55_ms,ttfb_le_60_ms,ttfb_le_65_ms,ttfb_le_70_ms,ttfb_le_75_ms,ttfb_le_80_ms,ttfb_le_85_ms,ttfb_le_90_ms,ttfb_le_95_ms,ttfb_le_100_ms,ttfb_le_150_ms,ttfb_le_200_ms,ttfb_le_300_ms,ttfb_le_400_ms,ttfb_le_500_ms,ttfb_le_1000_ms,ttfb_gt_1000_ms,bytes_sent,requests
1181,37241,dscw80,1,8,13,15,16,17,17,18,18,18,22,26,29,35,37,40,42,44,45,46,48,54,54,56,56,56,58,0,49926940,58
1181,40557,dscw80,0,0,0,0,0,0,0,0,2,2,2,2,3,3,3,3,3,3,3,3,4,7,7,8,8,9,10,0,26666023,10
1173,43663,dscw80,0,0,0,0,0,0,0,1,1,2,2,4,4,5,5,6,7,7,7,7,8,11,12,13,14,14,14,0,26039398,14
1181,44636,dscw80,0,0,0,0,0,0,0,0,0,3,3,3,3,3,3,3,3,3,3,3,3,4,4,6,6,6,6,0,8691652,6
1181,49440,dscw80,1,0,0,0,0,0,0,1,1,1,1,1,1,1,1,1,1,1,1,1,1,3,3,3,3,3,3,0,7933679,3
1181,50061,dscw80,0,0,0,0,0,0,0,0,0,0,0,0,1,1,1,1,1,1,1,1,1,1,1,1,1,1,1,0,4315398,1
1173,48577,dscw80,0,0,0,0,0,0,0,0,0,0,0,0,0,0,0,0,0,0,0,0,0,0,0,0,0,0,1,0,67558,1
1173,41187,dscw80,0,0,0,0,0,0,0,1,1,1,1,1,1,1,1,1,1,1,1,1,1,1,1,1,1,1,1,0,4747962,1
1173,44636,dscw80,0,0,0,0,0,0,0,0,0,0,0,0,0,0,0,0,0,0,0,0,0,0,0,1,1,1,1,0,3305210,1
1173,49440,dscw80,1,0,0,0,0,0,0,0,0,0,0,0,0,0,0,0,0,1,1,1,1,2,2,2,2,2,2,0,454073,2
1181,49158,dscw80,0,15,36,68,116,185,244,332,435,531,604,657,718,766,795,839,874,901,919,943,969,1095,1168,1237,1263,1274,1297,11,3121564301,1308
1173,44912,dscw80,0,0,0,0,0,0,0,0,0,0,0,0,0,0,0,0,0,0,0,0,0,2,2,2,2,2,2,0,5383010,2
1181,48590,dscw80,0,0,0,3,6,14,27,35,45,54,64,69,82,86,92,98,103,109,111,112,113,134,144,150,153,154,154,3,304434349,157
1181,53188,dscw80,0,0,2,11,17,22,28,31,35,38,42,43,45,45,47,48,50,50,53,54,56,62,64,71,71,72,74,1,184213412,75
1173,49158,dscw80,0,0,0,0,0,0,0,0,0,0,0,0,0,0,0,0,0,0,0,0,0,1,1,1,2,2,2,0,3215867,2
1173,49429,dscw80,0,0,0,0,0,0,0,0,0,1,2,2,2,2,3,3,3,5,5,5,6,10,10,10,10,10,11,0,14510623,11
1181,41187,dscw80,1,0,0,0,0,0,1,1,1,1,1,1,1,1,1,1,1,1,1,1,1,1,1,1,1,1,1,0,2456,1
1181,44035,dscw80,1,0,1,2,3,3,3,3,3,3,3,3,3,4,4,4,4,4,4,4,4,4,4,4,4,4,4,0,5083971,4
1181,49634,dscw80,0,0,0,2,6,8,12,14,18,19,21,21,21,22,23,23,23,23,23,23,23,23,25,27,27,29,29,0,83193114,29
1173,53188,dscw80,0,0,0,0,0,0,0,0,0,0,0,0,0,0,0,0,0,0,0,0,0,1,1,1,1,1,1,0,257865,1
1181,41409,dscw80,0,0,0,0,0,0,0,1,3,3,4,5,5,5,5,8,9,9,10,10,10,13,13,13,14,14,15,0,47680823,15
1181,50566,dscw80,0,0,0,0,0,0,0,0,0,0,0,1,1,1,1,1,1,1,1,1,1,1,1,2,2,2,2,0,13232414,2
1181,52590,dscw80,1,0,0,0,0,0,0,0,0,0,0,0,0,0,0,2,2,3,3,3,3,4,4,4,4,4,4,0,776396,4
1173,45169,dscw80,1,0,0,0,0,0,0,0,0,0,1,2,4,4,5,6,7,9,9,10,10,11,11,11,11,11,11,0,22303192,11
1173,46626,dscw80,1,0,0,0,0,0,1,6,6,9,12,16,17,21,23,27,30,31,31,32,33,38,43,45,46,46,46,1,58879961,47
1173,50298,dscw80,1,0,0,0,0,0,2,3,5,5,8,9,10,11,15,16,16,16,16,18,20,24,26,26,26,26,26,0,15026717,26
1181,51472,dscw80,1,0,0,0,0,0,0,0,0,0,0,1,1,1,1,1,2,2,2,2,2,2,2,2,2,2,2,0,2968894,2
1173,44035,dscw80,1,0,0,0,3,23,48,68,101,120,143,153,158,167,180,188,196,199,206,209,212,225,230,235,239,240,243,0,353622267,243
1181,53419,dscw80,1,15,16,17,17,17,18,19,19,20,20,21,21,21,21,21,21,21,21,21,21,21,21,21,22,22,22,0,11436485,22
1173,52978,dscw80,1,0,0,0,0,1,3,6,7,8,9,9,9,9,9,9,9,9,10,10,10,10,11,12,12,12,12,0,13114425,12
1173,41409,dscw80,0,0,0,0,0,0,0,0,0,0,1,2,2,5,8,8,10,10,10,11,12,17,18,19,20,20,21,0,55357264,21
1173,51906,dscw80,1,0,0,0,0,0,1,2,4,4,5,6,6,7,7,8,8,8,8,10,10,14,15,16,16,16,16,0,68394428,16
1173,52590,dscw80,1,0,1,5,35,95,138,171,213,237,263,287,297,317,324,332,340,350,355,359,364,384,394,404,405,407,415,2,703940136,417
1181,50463,dscw80,0,0,0,0,0,0,0,0,0,0,0,0,0,0,0,0,0,0,0,0,0,1,1,1,1,1,1,0,257819,1
1181,52262,dscw80,0,0,0,0,1,1,2,3,3,4,4,7,10,11,11,11,11,11,11,13,14,17,18,20,20,20,20,0,59301612,20
1181,49579,dscw80,1,0,0,0,0,0,0,0,0,0,0,0,0,0,0,0,0,0,0,0,0,0,0,0,0,0,0,1,17486,1
1173,44737,dscw80,1,0,0,0,0,0,2,3,3,3,3,6,7,9,11,13,13,14,14,15,15,15,15,15,15,15,16,0,19424239,16
1173,46548,dscw80,1,0,0,0,0,0,1,1,1,1,1,2,2,3,3,3,3,3,3,3,3,3,3,4,4,4,4,0,7932236,4
1181,45169,dscw80,0,0,0,0,0,0,0,0,0,0,0,0,0,0,0,0,0,1,1,1,1,5,6,8,8,8,8,0,18303093,8
1173,39272,dscw80,0,0,0,0,0,0,0,0,0,0,0,0,0,0,0,0,0,0,0,0,0,0,1,1,1,1,1,0,15356,1
1173,50463,dscw80,0,0,0,0,2,17,42,59,81,100,128,150,181,205,226,239,264,278,294,309,316,372,401,424,437,441,446,3,1074788935,449
1181,41408,dscw80,0,0,0,0,0,0,0,0,1,2,2,2,2,2,2,2,2,2,2,2,2,2,2,2,2,2,2,0,7963196,2
1181,49257,dscw80,0,0,0,1,1,3,4,6,9,9,9,11,11,12,13,14,14,14,16,16,16,21,25,26,27,27,27,0,71077509,27
1181,37241,dscw80,0,0,6,15,25,30,34,37,39,41,43,45,50,51,57,63,67,71,75,78,79,105,116,123,124,124,126,1,239714964,127
1181,44636,dscw80,1,0,0,0,0,0,0,1,3,4,4,4,4,4,4,4,4,4,4,4,4,4,4,4,4,4,4,0,906405,4
1181,49440,dscw80,0,0,0,0,0,1,1,3,4,5,6,6,7,8,8,8,8,8,9,9,9,11,12,14,15,15,15,0,21992852,15
1173,37241,dscw80,0,0,0,0,0,0,0,0,0,0,0,0,0,1,1,1,1,1,1,1,1,1,1,1,1,1,1,0,659225,1
1181,52559,dscw80,0,0,0,0,0,0,0,0,1,1,1,1,1,1,1,1,1,1,1,1,1,1,1,2,2,2,2,0,2594902,2
1181,49158,dscw80,1,8,24,48,79,120,161,196,254,295,342,376,408,425,433,448,455,464,472,474,481,509,521,526,527,527,529,2,915629654,531
1173,49440,dscw80,0,0,0,0,0,0,0,0,2,2,2,3,4,6,6,7,11,11,11,11,11,14,16,18,18,18,18,0,9322088,18
1181,48590,dscw80,1,0,0,3,6,6,7,9,14,16,18,18,19,20,20,22,22,22,22,22,22,25,25,25,26,26,26,0,18293895,26
1181,53188,dscw80,1,0,0,4,7,16,18,19,19,20,21,22,24,24,24,24,24,25,27,27,27,28,30,31,31,33,33,0,76130389,33
1181,39888,dscw80,0,0,0,0,0,0,0,0,0,0,0,0,0,0,0,0,0,0,0,0,0,0,1,1,1,1,1,0,131883,1
1173,49429,dscw80,1,0,0,0,0,0,0,0,0,0,1,1,1,1,1,1,1,1,1,2,2,2,2,2,2,2,2,0,2274750,2
1181,52167,dscw80,0,0,0,0,0,0,0,0,0,0,0,0,0,0,0,0,0,0,0,0,0,0,0,0,0,0,2,1,8335890,3
1181,49634,dscw80,1,0,0,5,8,9,11,12,12,12,12,13,13,13,13,13,13,13,13,13,13,13,13,13,13,13,13,0,1542964,13
1181,41187,dscw80,0,0,0,0,1,2,3,3,4,4,4,5,5,7,8,8,8,8,9,9,11,14,15,15,16,16,16,0,28990442,16
1181,44035,dscw80,0,0,0,0,0,0,0,0,0,0,1,1,1,1,2,2,2,2,2,2,2,3,3,3,6,7,8,0,5073499,8
1181,51174,dscw80,0,0,0,0,0,0,0,1,1,2,2,2,2,2,2,4,5,5,8,8,9,12,12,12,13,13,14,0,17011065,14
1181,52978,dscw80,0,0,0,0,0,0,0,0,0,0,0,0,0,0,0,0,0,0,0,1,1,1,1,2,2,2,2,0,2966776,2
1181,41409,dscw80,1,0,0,0,0,0,1,1,1,1,3,3,3,3,3,4,4,4,4,4,4,4,4,4,4,4,4,0,768021,4
1181,50566,dscw80,1,0,0,0,0,0,0,0,0,0,0,0,0,0,0,0,0,0,0,1,1,1,1,1,1,1,1,0,6915,1
1181,52590,dscw80,0,0,0,0,0,0,0,0,1,1,1,1,1,2,3,5,6,6,6,6,6,7,7,7,7,8,8,0,15318216,8
1173,45169,dscw80,0,0,0,0,0,0,0,0,0,0,1,1,3,3,8,9,11,12,12,12,15,22,27,29,30,31,33,0,115181214,33
1173,46626,dscw80,0,0,0,0,0,1,4,22,49,75,107,133,152,172,193,206,221,234,248,264,277,350,372,391,399,401,403,1,1155170234,404
1173,50298,dscw80,0,0,0,0,0,0,2,2,8,14,21,29,39,49,61,67,74,77,83,90,98,139,157,173,183,184,186,0,408297562,186
1181,51472,dscw80,0,0,0,0,0,1,3,3,7,11,12,13,13,13,14,16,18,19,19,19,19,20,22,22,22,22,22,0,27094547,22
1173,44035,dscw80,0,0,0,0,2,9,27,69,132,207,286,349,415,478,530,583,643,690,724,772,796,1012,1106,1188,1226,1238,1258,6,3389435492,1264
1181,36533,dscw80,0,0,0,0,0,0,0,0,0,0,0,0,0,0,0,0,0,0,0,0,0,0,0,0,0,0,1,0,16918532,1
1181,53419,dscw80,0,19,26,29,31,35,37,40,41,43,45,47,50,50,52,53,53,53,53,54,55,60,62,64,65,65,68,1,77787369,69
1173,51174,dscw80,0,0,0,0,0,0,0,0,0,0,0,0,0,1,1,2,2,3,4,4,5,12,16,21,23,24,25,0,60459910,25
1173,52978,dscw80,0,0,0,0,0,0,4,15,19,27,36,43,46,54,59,61,63,65,69,71,72,83,88,93,97,99,102,1,309478066,103
1173,41409,dscw80,1,0,0,0,0,0,0,0,0,0,0,0,0,0,1,1,1,1,1,1,1,2,2,2,2,2,2,0,259614,2
1173,51906,dscw80,0,0,0,0,0,0,0,2,3,6,11,14,15,16,18,20,23,25,27,28,30,37,42,49,49,51,52,1,189467994,53
1173,52590,dscw80,0,0,0,0,14,53,127,191,271,337,381,450,493,532,575,602,631,659,678,696,715,822,871,910,931,952,971,9,2783442401,980
1181,38220,dscw80,0,0,0,0,2,2,2,2,2,2,2,3,3,4,4,5,5,6,7,8,8,12,16,17,18,18,18,1,48187444,19
1181,52262,dscw80,1,0,0,0,0,1,2,2,2,3,3,3,3,3,4,4,5,5,5,5,5,5,5,5,5,5,5,0,3999550,5
1181,49579,dscw80,0,0,0,0,0,0,0,0,0,1,2,2,2,2,2,2,2,2,2,2,2,5,5,8,8,8,8,2,8489993,10
1173,44737,dscw80,0,0,0,0,0,0,0,2,4,6,7,8,9,11,16,19,19,22,24,26,29,43,51,55,58,58,58,1,195151816,59
1181,45169,dscw80,1,0,0,0,0,0,0,0,0,0,0,0,0,0,0,0,1,1,2,2,2,2,2,2,2,2,2,0,5850463,2
1173,46548,dscw80,0,0,0,0,0,0,0,3,4,5,9,10,12,14,16,16,16,16,16,16,17,26,28,32,36,36,36,0,39884350,36
1173,50463,dscw80,1,0,0,0,6,13,25,38,42,51,58,69,75,80,90,93,94,97,100,102,103,113,117,119,119,119,119,0,138879533,119
1173,43302,dscw80,0,0,0,0,0,0,1,1,1,1,1,1,3,3,3,3,3,3,3,3,4,5,7,7,7,7,7,0,11806761,7
1181,49257,dscw80,1,0,0,0,0,0,1,1,1,1,1,1,1,1,1,1,1,1,1,1,1,1,1,1,1,1,1,0,128036,1
