client_metro,region,maprule,is_cache_hit,ttfb_le_5_ms,ttfb_le_10_ms,ttfb_le_15_ms,ttfb_le_20_ms,ttfb_le_25_ms,ttfb_le_30_ms,ttfb_le_35_ms,ttfb_le_40_ms,ttfb_le_45_ms,ttfb_le_50_ms,ttfb_le_55_ms,ttfb_le_60_ms,ttfb_le_65_ms,ttfb_le_70_ms,ttfb_le_75_ms,ttfb_le_80_ms,ttfb_le_85_ms,ttfb_le_90_ms,ttfb_le_95_ms,ttfb_le_100_ms,ttfb_le_150_ms,ttfb_le_200_ms,ttfb_le_300_ms,ttfb_le_400_ms,ttfb_le_500_ms,ttfb_le_1000_ms,ttfb_gt_1000_ms,bytes_sent,requests
1181,43663,dscw80,0,0,0,0,0,0,0,0,0,0,0,0,0,0,0,0,0,0,1,1,1,1,1,2,2,2,2,0,5526988,2
1181,53419,dscw80,0,4,25,92,227,464,826,1152,1405,1615,1773,1894,2010,2128,2203,2259,2316,2358,2400,2449,2470,2677,2767,2860,2899,2914,2951,18,7974025607,2969
1173,49634,dscw80,0,0,0,0,0,0,0,0,0,0,0,0,0,0,0,1,1,1,1,1,1,1,1,1,1,1,1,0,2370523,1
1181,49579,dscw80,0,0,0,0,0,0,0,0,0,0,1,1,1,1,1,1,1,1,1,1,1,1,1,2,2,2,2,0,193332,2
1173,41187,dscw80,0,0,0,0,0,0,0,0,0,1,1,2,2,2,2,3,3,3,3,3,3,3,3,3,3,3,3,0,3143445,3
1173,44035,dscw80,0,0,0,0,2,6,24,55,91,121,165,201,248,286,316,355,388,412,431,447,470,610,679,748,783,803,821,8,2429690265,829
1173,46626,dscw80,1,0,0,0,0,1,2,6,8,12,14,15,15,17,19,22,24,27,27,27,27,30,32,34,39,39,40,0,12298832,40
1181,49634,dscw80,0,0,0,0,2,2,5,6,7,7,7,8,11,11,12,12,12,13,14,14,14,15,17,17,18,18,18,0,20784843,18
1181,48590,dscw80,1,0,0,0,0,0,0,0,0,1,1,2,2,2,2,2,2,2,2,2,2,2,2,2,2,2,2,0,4091267,2
1173,50298,dscw80,1,0,0,0,1,4,11,17,23,34,42,49,54,61,70,74,78,79,81,85,91,104,107,108,109,109,110,1,127374810,111
1173,51906,dscw80,1,0,0,0,0,0,4,9,11,11,13,14,14,15,15,15,15,17,18,18,18,19,19,19,19,19,19,0,25726543,19
1181,44035,dscw80,0,0,0,0,0,0,0,0,0,0,0,0,0,0,0,0,0,0,0,0,0,0,0,0,0,1,1,0,2076606,1
1181,41187,dscw80,0,0,0,0,0,1,1,2,2,3,4,4,4,4,4,4,4,4,4,5,7,9,10,10,10,10,10,0,43558472,10
1181,49158,dscw80,0,7,15,39,66,92,137,181,231,284,330,364,394,411,438,451,470,487,501,512,521,606,637,670,684,689,702,4,1796461706,706
1173,49429,dscw80,0,0,0,0,0,0,0,0,0,0,0,1,3,3,3,4,4,8,8,8,8,10,11,13,13,13,13,0,29877025,13
1173,46548,dscw80,0,0,0,0,0,0,0,0,0,1,1,2,2,2,2,2,2,2,2,2,2,2,2,2,3,4,4,0,8457720,4
1173,44912,dscw80,1,0,0,0,0,1,2,3,3,4,4,6,6,6,6,6,6,6,6,6,6,6,6,6,6,6,6,0,3381810,6
1173,46626,dscw80,0,0,0,0,0,0,0,3,10,16,21,26,31,35,41,47,49,52,59,64,65,82,90,97,104,107,112,3,274226823,115
1181,48590,dscw80,0,0,0,0,0,0,2,2,2,4,5,5,6,6,6,6,6,6,6,6,6,7,8,8,8,8,8,0,13462151,8
1173,50298,dscw80,0,0,0,0,0,2,7,15,30,45,58,84,105,125,142,161,178,192,208,220,235,321,365,409,429,435,442,8,984661126,450
1173,51906,dscw80,0,0,0,0,0,0,0,4,13,20,25,31,32,34,37,37,38,39,40,42,44,52,57,59,64,69,70,0,223691272,70
1173,52590,dscw80,1,0,0,0,0,1,1,1,1,1,1,1,2,2,2,2,2,2,2,2,2,3,3,3,4,4,4,0,5062191,4
1181,49257,dscw80,0,0,0,0,0,1,1,1,1,1,1,2,2,2,2,2,2,2,2,2,2,2,4,5,5,5,5,0,3882868,5
1181,51472,dscw80,0,0,0,1,1,1,1,1,1,1,1,1,1,1,1,1,1,1,1,1,1,1,1,1,1,1,1,0,128588,1
1173,50463,dscw80,1,0,0,1,5,10,16,23,26,28,34,40,48,58,65,69,72,73,75,76,77,88,89,91,92,92,92,0,162549703,92
1181,42617,dscw80,0,0,0,0,0,0,0,0,0,0,0,0,0,0,0,0,0,0,0,0,0,0,0,0,0,1,1,0,257878,1
1181,52262,dscw80,0,0,0,0,0,0,2,2,2,2,2,2,4,5,5,5,5,6,6,6,6,6,6,6,6,6,6,0,29949477,6
1173,45169,dscw80,0,0,0,0,0,0,0,0,0,0,0,0,0,0,0,0,0,0,0,0,0,2,2,2,2,2,3,0,725788,3
1173,44912,dscw80,0,0,0,0,0,2,2,4,4,9,11,15,15,17,19,20,21,22,24,27,28,33,37,38,41,41,41,0,146908119,41
1181,41409,dscw80,0,0,0,0,0,0,0,0,0,0,0,1,1,2,2,2,3,3,3,3,3,3,3,3,3,3,3,0,553162,3
1181,53071,dscw80,0,0,0,0,0,0,0,0,0,0,0,0,0,0,0,0,0,0,0,0,0,0,0,0,0,0,1,0,43848,1
1181,53419,dscw80,1,13,51,112,265,498,704,854,957,1040,1119,1179,1211,1247,1266,1292,1308,1319,1329,1338,1346,1385,1399,1415,1416,1419,1427,8,2581444979,1435
1173,52590,dscw80,0,0,0,0,0,3,10,15,17,19,22,28,28,28,31,32,32,33,33,33,35,43,46,47,49,49,50,1,91235424,51
1181,44912,dscw80,0,0,0,0,0,0,0,0,0,0,0,0,0,0,0,0,0,0,0,0,0,0,0,0,1,1,1,0,1339559,1
1173,44035,dscw80,1,0,0,0,4,9,26,46,72,87,108,128,132,141,152,155,162,168,176,178,180,202,209,213,215,215,215,1,356982138,216
1181,49634,dscw80,1,0,0,0,0,1,2,3,4,4,4,4,4,4,4,4,4,4,4,4,4,4,4,4,4,4,4,0,26144727,4
1173,49440,dscw80,0,0,0,0,0,0,0,0,0,0,0,0,0,0,1,1,1,2,2,2,2,4,5,5,5,5,5,0,24389058,5
1173,50463,dscw80,0,0,0,0,3,10,23,37,54,75,97,118,142,166,190,204,217,229,242,252,257,316,335,359,370,372,377,3,969826560,380
1173,52978,dscw80,0,0,0,0,0,0,0,0,0,1,2,4,7,7,7,8,8,8,8,9,10,13,14,16,16,16,16,0,34062726,16
1173,43663,dscw80,0,0,0,0,0,0,0,0,0,0,0,1,1,1,1,1,1,1,1,1,1,1,1,1,1,1,1,0,5053005,1
1181,41187,dscw80,1,0,1,1,1,1,1,1,1,1,1,1,1,1,1,1,1,1,1,1,1,1,1,1,1,1,1,0,2058,1
1181,49158,dscw80,1,3,14,32,54,73,104,139,171,200,221,233,251,255,262,268,272,276,280,281,283,295,299,310,313,317,319,1,696805544,320
1181,52978,dscw80,0,0,0,0,0,0,0,0,0,1,1,1,1,1,1,1,1,1,1,1,1,1,1,1,1,1,1,0,257992,1
