client_metro,region,maprule,is_cache_hit,ttfb_le_5_ms,ttfb_le_10_ms,ttfb_le_15_ms,ttfb_le_20_ms,ttfb_le_25_ms,ttfb_le_30_ms,ttfb_le_35_ms,ttfb_le_40_ms,ttfb_le_45_ms,ttfb_le_50_ms,ttfb_le_55_ms,ttfb_le_60_ms,ttfb_le_65_ms,ttfb_le_70_ms,ttfb_le_75_ms,ttfb_le_80_ms,ttfb_le_85_ms,ttfb_le_90_ms,ttfb_le_95_ms,ttfb_le_100_ms,ttfb_le_150_ms,ttfb_le_200_ms,ttfb_le_300_ms,ttfb_le_400_ms,ttfb_le_500_ms,ttfb_le_1000_ms,ttfb_gt_1000_ms,bytes_sent,requests
1181,53419,dscw80,0,3,30,115,249,481,753,975,1155,1283,1385,1450,1515,1580,1633,1671,1719,1751,1776,1808,1837,1993,2057,2126,2159,2174,2188,8,4946607914,2196
1173,42863,dscw80,1,0,0,0,0,0,0,0,0,1,1,2,2,3,3,3,3,3,3,3,3,3,3,4,4,4,4,0,906708,4
1181,49634,dscw80,0,0,0,3,5,8,8,9,9,9,9,11,11,11,11,11,11,11,12,14,14,15,16,17,17,17,17,0,31920623,17
1173,51906,dscw80,1,0,0,0,0,0,3,3,4,5,5,5,5,5,5,6,6,6,6,6,7,7,7,7,7,7,7,0,14580477,7
1181,49257,dscw80,1,0,0,2,3,4,6,6,6,6,6,6,6,7,7,7,7,7,7,7,7,7,7,7,7,7,7,0,11269515,7
1181,41187,dscw80,0,0,0,0,1,2,2,2,2,2,2,2,2,2,2,2,2,2,2,2,2,4,4,4,4,4,4,0,5967013,4
1181,49158,dscw80,0,9,21,50,87,140,200,272,340,403,450,505,532,555,584,616,634,650,666,674,684,766,800,833,850,858,864,0,2004952612,864
1173,46548,dscw80,0,0,0,0,0,0,0,0,0,0,1,1,1,2,2,3,3,3,3,4,5,6,9,9,9,9,11,0,18111763,11
1181,51174,dscw80,0,0,0,0,0,0,0,0,0,0,0,0,0,0,0,0,0,0,1,1,1,2,2,3,3,3,3,0,3838268,3
1173,44912,dscw80,1,0,0,0,1,12,21,35,42,53,60,72,76,78,80,84,85,87,88,93,94,110,113,115,115,115,117,3,121333112,120
1173,46091,dscw80,0,0,0,0,0,0,0,0,0,0,0,0,0,0,0,0,0,0,0,0,0,4,4,4,4,4,5,0,11168773,5
1173,51472,dscw80,0,0,0,0,0,0,0,0,0,0,0,0,0,0,0,0,0,0,0,1,1,1,1,1,1,1,1,0,1183458,1
1181,39888,dscw80,0,0,0,0,0,0,0,0,0,0,0,0,0,0,0,0,0,0,0,0,0,1,1,1,1,1,1,0,3447628,1
1181,48590,dscw80,0,0,0,2,2,2,2,2,2,2,2,2,2,2,2,2,2,2,2,2,2,2,2,3,4,6,6,0,4696790,6
1173,52590,dscw80,1,0,0,1,13,38,50,65,83,91,98,102,106,109,114,114,115,117,119,119,119,122,123,126,126,126,126,0,164351749,126
1173,44738,dscw80,1,0,0,0,1,1,1,1,1,1,1,1,1,1,1,1,1,2,2,2,2,2,2,2,2,2,2,0,128106,2
1181,41408,dscw80,1,0,0,0,0,1,1,1,1,1,1,1,1,1,1,1,1,1,1,1,1,1,1,1,1,1,1,0,1990,1
1173,52978,dscw80,1,0,0,0,0,0,0,0,0,0,0,0,0,0,0,0,0,0,0,0,0,2,2,2,3,3,3,0,2082697,3
1181,52262,dscw80,0,0,0,0,0,0,1,1,1,1,1,1,1,1,1,1,1,1,1,1,1,1,1,1,1,1,1,0,2537,1
1181,41409,dscw80,0,0,0,0,0,0,0,0,0,0,0,0,0,0,0,0,0,0,1,1,1,1,1,1,1,1,1,0,1143056,1
1181,53419,dscw80,1,8,37,82,153,317,439,504,567,620,658,684,703,722,735,742,750,761,766,769,774,803,813,825,830,833,834,2,1149544073,836
1181,45169,dscw80,0,0,0,0,0,0,0,0,0,0,0,0,0,2,3,3,3,4,4,5,5,5,6,8,8,8,8,0,20645297,8
1181,44912,dscw80,0,0,0,0,0,0,0,0,0,0,0,0,0,0,0,2,2,2,2,2,3,3,3,3,3,4,4,0,4357772,4
1181,49634,dscw80,1,0,0,3,5,6,6,7,7,7,8,8,8,9,9,9,9,9,9,9,9,9,9,10,10,10,10,0,10902378,10
1181,52590,dscw80,0,0,0,0,0,0,0,0,0,0,0,0,0,0,0,0,1,1,1,1,1,1,1,1,1,1,1,0,128720,1
1173,49440,dscw80,0,0,0,0,0,0,0,0,0,0,0,0,0,0,0,0,0,0,0,0,0,1,1,1,1,1,1,0,5603470,1
1173,50463,dscw80,0,0,0,0,0,1,1,1,1,1,2,2,4,5,5,5,6,6,6,6,6,10,11,13,14,15,16,1,23997711,17
1173,43663,dscw80,0,0,0,0,0,0,2,4,4,7,9,10,12,12,13,13,13,14,14,14,14,14,14,14,14,14,14,0,19221641,14
1181,41187,dscw80,1,0,0,0,0,0,0,0,0,0,0,0,0,0,0,0,0,0,0,0,1,1,1,1,1,1,1,0,129108,1
1181,49158,dscw80,1,1,19,38,70,111,172,222,261,288,315,336,355,368,376,381,387,392,399,408,411,431,436,442,443,446,449,1,621750312,450
1181,44737,dscw80,0,0,0,0,0,0,0,0,0,0,0,0,0,0,0,0,0,0,0,0,0,0,0,1,1,1,1,0,128360,1
1181,52978,dscw80,0,0,0,0,0,0,0,0,0,0,0,0,0,0,1,1,1,1,1,1,1,2,2,2,2,2,2,0,393113,2
1181,49579,dscw80,0,0,0,0,0,0,0,0,0,0,0,0,0,0,0,0,1,1,1,1,1,1,1,1,2,2,2,0,130140,2
1181,53188,dscw80,0,0,2,2,4,4,5,5,5,5,6,6,6,6,6,6,7,9,10,11,11,18,22,29,32,32,35,1,68123185,36
1173,46091,dscw80,1,0,0,0,0,0,0,0,0,0,0,0,0,0,0,0,0,0,0,0,0,0,1,1,1,1,1,0,257548,1
1181,48590,dscw80,1,0,3,4,4,4,4,4,4,4,4,4,4,4,4,4,4,4,4,4,4,4,4,4,4,4,4,0,646106,4
1173,49054,dscw80,0,0,0,0,0,0,0,0,0,1,1,3,4,6,8,11,11,11,11,11,12,15,17,18,19,19,19,0,29511845,19
1173,49429,dscw80,0,0,0,0,0,0,0,0,0,0,0,1,3,3,3,4,6,6,6,6,6,8,9,13,13,14,14,0,22097919,14
1173,42863,dscw80,0,0,0,0,0,0,0,0,0,0,0,0,1,1,1,1,1,1,1,1,1,3,3,3,3,3,3,0,14104638,3
1173,46626,dscw80,0,0,0,0,0,0,1,3,3,4,4,4,4,5,5,5,6,6,6,6,6,7,7,8,8,8,8,0,13873796,8
1181,41409,dscw80,1,0,0,4,4,4,4,4,4,4,4,4,4,4,4,4,4,4,4,4,4,4,4,4,4,4,4,0,2272779,4
1173,51906,dscw80,0,0,0,0,0,0,0,0,3,3,3,3,4,5,8,8,8,8,10,10,10,16,18,20,21,22,25,1,58471464,26
1181,49257,dscw80,0,0,0,1,6,10,15,20,21,22,22,22,22,22,22,23,25,25,26,26,26,27,28,34,36,37,39,0,54903643,39
1181,44912,dscw80,1,0,0,0,0,0,0,0,0,0,0,0,0,0,0,0,0,0,0,0,0,1,1,1,1,1,1,0,2162,1
1181,51472,dscw80,0,0,0,0,0,0,0,0,0,0,0,0,0,0,0,0,0,0,0,0,0,1,1,2,2,2,4,0,1990074,4
1181,42617,dscw80,0,0,0,0,0,0,0,0,0,0,0,1,1,1,1,1,1,1,1,1,1,1,1,1,1,1,1,0,2662,1
1173,43663,dscw80,1,0,0,0,0,0,1,1,2,2,2,2,2,2,2,2,2,2,2,2,2,2,2,2,2,2,2,0,18285382,2
1181,49282,dscw80,0,0,0,0,0,1,1,1,1,1,1,1,1,1,1,1,1,1,1,1,1,1,1,1,1,1,1,0,1758240,1
1173,41409,dscw80,0,0,0,0,0,0,0,0,0,0,0,0,2,2,2,2,2,2,2,2,2,2,3,3,3,3,3,0,407971,3
1173,44912,dscw80,0,0,0,0,0,3,9,30,62,118,158,198,237,268,298,323,348,373,398,417,439,544,592,648,676,684,703,3,1501180018,706
1181,52978,dscw80,1,0,0,0,0,0,0,0,0,0,0,0,1,1,1,1,1,1,1,1,1,1,1,1,1,1,1,0,2459,1
1173,52590,dscw80,0,0,0,0,8,36,70,87,117,136,154,175,190,198,214,227,236,245,250,254,257,288,313,324,332,334,337,1,755348120,338
1181,53188,dscw80,1,0,0,0,0,0,0,0,1,1,1,1,1,1,2,2,3,3,4,4,4,6,7,7,7,7,7,0,3153314,7
1173,44738,dscw80,0,0,0,0,0,0,0,0,0,0,1,1,2,3,3,7,9,11,13,14,16,25,27,32,35,37,37,1,105202048,38
1181,41408,dscw80,0,0,0,0,0,0,0,0,1,1,1,1,1,1,1,1,1,1,1,1,1,1,1,2,2,2,2,1,260084,3
1173,44737,dscw80,0,0,0,0,0,0,1,1,1,1,2,2,2,2,2,2,2,2,2,2,2,4,4,4,4,4,5,0,4474789,5
1173,49054,dscw80,1,0,0,0,0,0,0,0,0,0,0,0,0,0,0,1,1,1,1,1,1,1,2,2,2,2,2,0,515696,2
1173,52978,dscw80,0,0,0,0,0,0,0,0,2,4,5,9,10,12,15,17,17,17,17,18,19,27,27,29,30,31,31,0,30400691,31
1181,49440,dscw80,0,0,0,0,0,0,0,0,1,1,1,2,3,3,3,3,3,3,3,3,3,3,3,3,3,4,4,0,3193112,4
1173,49429,dscw80,1,0,0,0,0,0,0,0,1,1,2,2,2,2,2,2,2,2,2,2,2,3,3,3,3,3,3,0,9014070,3
