client_metro,region,maprule,is_cache_hit,ttfb_le_5_ms,ttfb_le_10_ms,ttfb_le_15_ms,ttfb_le_20_ms,ttfb_le_25_ms,ttfb_le_30_ms,ttfb_le_35_ms,ttfb_le_40_ms,ttfb_le_45_ms,ttfb_le_50_ms,ttfb_le_55_ms,ttfb_le_60_ms,ttfb_le_65_ms,ttfb_le_70_ms,ttfb_le_75_ms,ttfb_le_80_ms,ttfb_le_85_ms,ttfb_le_90_ms,ttfb_le_95_ms,ttfb_le_100_ms,ttfb_le_150_ms,ttfb_le_200_ms,ttfb_le_300_ms,ttfb_le_400_ms,ttfb_le_500_ms,ttfb_le_1000_ms,ttfb_gt_1000_ms,bytes_sent,requests
1181,53419,dscw80,0,0,0,0,0,0,0,0,0,0,0,0,0,0,0,0,0,0,0,0,0,0,1,1,1,1,1,0,838,1
1181,37241,dscw80,0,2,17,26,30,33,35,37,37,37,37,39,41,42,47,51,52,53,54,55,59,76,83,93,97,98,98,0,122328300,98
1173,46626,dscw80,1,0,0,0,0,1,1,1,1,1,1,1,1,1,1,1,1,1,1,1,1,1,1,1,1,1,1,1,130434,2
1181,49634,dscw80,0,0,0,4,9,11,12,13,13,13,13,13,13,13,13,13,13,13,13,13,13,15,15,15,16,16,16,0,21665858,16
1173,51906,dscw80,1,0,0,0,0,0,2,2,2,2,2,2,2,2,2,2,2,2,2,3,3,3,3,3,3,4,4,0,9222409,4
1181,49257,dscw80,1,0,0,0,0,0,0,1,1,1,1,1,1,1,2,2,2,3,3,3,3,3,3,3,3,3,3,1,2919916,4
1181,41187,dscw80,0,0,1,1,4,4,5,5,5,5,5,5,5,5,5,5,5,5,5,5,5,5,5,5,5,5,5,0,7237317,5
1181,49158,dscw80,0,10,13,15,16,19,23,30,33,39,41,42,43,43,46,48,49,53,55,57,59,72,77,82,84,86,94,2,143108316,96
1181,51472,dscw80,1,0,0,0,0,0,0,0,0,0,0,0,0,0,0,0,0,0,0,0,0,1,1,1,1,1,1,0,9337,1
1173,45169,dscw80,1,0,0,0,0,0,0,0,0,0,0,0,0,0,0,0,0,0,0,0,0,0,0,1,1,1,1,0,1877,1
1181,51174,dscw80,0,0,0,0,0,0,0,0,0,0,0,0,0,0,0,0,0,0,0,0,0,1,1,1,2,2,2,0,2559790,2
1173,44912,dscw80,1,0,0,0,0,5,12,20,25,30,38,41,45,47,48,49,52,55,56,57,58,62,65,71,71,71,71,1,99610431,72
1181,48590,dscw80,0,0,0,0,0,3,5,6,6,7,7,8,8,8,8,8,8,8,8,8,9,9,10,11,14,14,14,0,41106494,14
1173,52590,dscw80,1,0,0,0,5,18,28,37,47,51,54,62,66,72,73,76,78,79,81,83,83,87,89,91,91,93,93,1,121740255,94
1181,45983,dscw80,0,0,0,0,0,0,0,0,0,0,0,0,0,0,0,0,0,0,0,0,0,1,1,1,1,1,1,0,12053,1
1173,44737,dscw80,1,0,0,0,0,0,0,0,3,3,3,3,4,5,5,5,5,5,6,7,9,11,11,11,11,11,13,0,2597135,13
1173,52978,dscw80,1,0,0,0,0,1,4,4,5,5,8,11,13,15,16,18,22,23,23,23,24,29,29,31,31,33,33,1,24218798,34
1173,40383,dscw80,0,0,0,0,0,0,0,0,0,0,0,0,0,0,0,0,0,0,0,0,0,0,1,3,3,3,3,0,8447594,3
1181,41409,dscw80,0,0,0,0,0,0,0,0,1,1,2,2,2,3,3,3,3,3,4,4,4,5,7,7,7,7,7,0,10876370,7
1181,37241,dscw80,1,9,11,12,12,12,12,12,13,13,15,16,17,19,19,20,21,23,23,23,23,26,26,26,26,26,28,0,4790272,28
1181,45169,dscw80,0,0,0,0,0,0,0,0,0,0,0,0,0,0,0,0,0,0,0,0,0,2,3,4,4,4,4,0,16184934,4
1173,41408,dscw80,0,0,0,0,0,0,0,0,0,0,0,0,0,0,0,0,0,0,0,1,1,1,1,1,1,1,1,0,642287,1
1181,44912,dscw80,0,0,0,0,0,0,0,0,0,0,0,0,0,1,1,1,1,1,1,1,1,2,2,2,2,2,2,0,1092998,2
1181,49634,dscw80,1,0,0,2,2,3,4,4,4,4,4,5,5,5,5,5,5,6,6,6,6,6,6,6,6,6,6,0,8456242,6
1181,52590,dscw80,0,0,0,0,0,0,0,0,0,1,1,2,3,3,5,6,7,7,7,7,7,8,10,10,12,13,14,1,5199252,15
1173,49440,dscw80,0,0,0,0,0,0,0,0,3,8,8,10,16,18,21,23,29,35,36,40,42,50,54,58,59,60,60,1,96379320,61
1173,50463,dscw80,0,0,0,0,0,1,11,20,32,40,44,47,50,54,54,57,61,62,63,63,65,74,79,82,84,84,87,0,133426571,87
1173,43663,dscw80,0,0,0,0,0,0,0,2,3,3,5,6,7,7,8,9,10,10,10,10,10,13,13,13,14,14,14,0,57160913,14
1181,49158,dscw80,1,2,4,4,5,5,7,7,7,7,7,7,8,8,8,8,8,8,8,9,9,14,15,15,16,16,16,0,6774663,16
1173,47733,dscw80,0,0,0,0,0,0,0,0,0,0,0,0,0,0,1,1,1,2,3,3,3,3,3,3,3,3,3,0,16689089,3
1181,52559,dscw80,0,0,0,0,0,0,0,0,0,1,1,1,1,1,1,1,1,1,1,1,1,1,1,1,1,1,1,0,128902,1
1173,49634,dscw80,0,0,0,0,0,0,0,0,0,0,0,0,0,0,0,0,0,0,0,0,0,2,2,2,2,2,2,0,2884095,2
1181,53188,dscw80,0,0,2,5,12,16,22,27,29,30,35,35,36,38,38,41,42,46,47,48,49,64,72,77,81,83,87,1,116328968,88
1181,44636,dscw80,0,0,0,0,0,0,1,1,1,1,1,1,1,1,1,1,1,1,1,1,1,1,1,1,1,1,1,0,257917,1
1181,48590,dscw80,1,0,2,2,2,2,2,2,2,2,2,2,2,2,2,2,2,2,2,2,2,2,2,2,2,2,2,0,256405,2
1173,49429,dscw80,0,0,0,0,0,0,0,0,0,0,1,1,1,1,1,1,1,1,1,1,1,1,1,1,1,1,1,0,257805,1
1181,45983,dscw80,1,0,0,0,0,0,0,0,0,0,0,0,0,0,0,0,0,0,0,0,0,0,1,1,1,1,1,0,2054,1
1173,51174,dscw80,0,0,0,0,0,0,0,0,0,0,0,0,0,0,0,0,0,0,0,0,0,1,2,2,2,2,2,0,2714902,2
1173,46626,dscw80,0,0,0,0,0,0,1,2,2,2,4,5,5,10,10,10,10,10,10,10,11,14,15,18,18,18,19,0,53012570,19
1181,41409,dscw80,1,0,0,0,0,0,0,0,0,0,0,0,0,0,1,1,1,1,1,1,1,1,1,1,1,1,1,0,1893,1
1173,51906,dscw80,0,0,0,0,0,0,1,2,2,3,7,7,9,9,9,10,11,11,11,12,12,21,23,27,30,31,33,2,65189914,35
1181,49257,dscw80,0,0,0,0,1,3,3,5,5,5,5,8,8,8,9,10,11,11,11,11,11,11,12,12,12,14,15,0,26417540,15
1181,51472,dscw80,0,0,0,0,1,1,2,2,2,3,3,3,4,4,4,4,4,4,4,4,4,5,6,6,6,6,6,0,2305661,6
1181,52590,dscw80,1,0,0,0,0,0,0,0,1,1,1,1,1,1,1,1,1,1,1,1,1,1,1,1,1,1,1,0,2698,1
1173,49440,dscw80,1,0,0,0,0,0,0,1,1,2,2,2,3,3,3,5,5,5,5,5,5,5,6,6,6,6,8,0,8775748,8
1173,50463,dscw80,1,0,0,0,2,3,4,5,7,8,9,9,9,9,9,9,9,9,9,10,10,10,10,10,10,10,10,0,8150875,10
1181,42617,dscw80,0,0,0,0,0,0,0,0,0,0,1,1,1,1,1,2,2,2,2,2,2,2,2,2,2,2,2,0,2525828,2
1173,43663,dscw80,1,0,0,0,0,1,1,1,1,1,1,1,1,1,1,1,1,1,1,1,1,1,1,1,1,1,1,0,5568569,1
1173,45169,dscw80,0,0,0,0,0,0,0,0,0,0,0,0,0,0,0,0,0,0,0,0,0,0,0,2,3,3,3,0,6680925,3
1173,44912,dscw80,0,0,0,0,0,4,12,30,45,70,87,111,125,147,171,182,194,207,221,228,238,308,345,371,384,390,401,1,916963900,402
1173,47733,dscw80,1,0,0,0,0,0,0,0,0,0,0,0,1,1,1,1,1,1,1,1,1,1,1,1,1,1,1,0,3448,1
1173,49634,dscw80,1,0,0,0,0,0,0,0,0,0,0,0,0,0,0,1,2,2,2,2,2,2,2,2,2,2,2,0,2819,2
1173,52590,dscw80,0,0,0,0,13,45,84,105,127,156,183,199,225,242,256,278,291,306,322,330,338,392,423,451,465,474,486,2,999158688,488
1181,53188,dscw80,1,0,2,8,10,12,14,14,15,15,16,16,16,16,16,16,16,17,17,18,19,23,24,24,24,24,25,0,5327389,25
1173,44737,dscw80,0,0,0,0,0,1,1,1,1,1,3,6,9,11,12,13,13,14,14,15,16,26,27,28,28,28,29,1,98059224,30
1173,52978,dscw80,0,0,0,0,0,9,19,30,46,69,90,107,132,153,172,195,216,231,242,255,264,316,341,363,378,384,388,2,727838554,390
1181,49440,dscw80,0,0,0,0,0,0,0,1,1,1,1,1,1,1,1,1,1,1,1,1,1,1,1,1,1,1,1,0,208773,1
1173,49429,dscw80,1,0,0,0,0,0,0,0,0,0,2,2,2,2,2,2,2,2,2,2,2,2,2,2,2,2,2,0,290818,2
