client_metro,region,maprule,is_cache_hit,ttfb_le_5_ms,ttfb_le_10_ms,ttfb_le_15_ms,ttfb_le_20_ms,ttfb_le_25_ms,ttfb_le_30_ms,ttfb_le_35_ms,ttfb_le_40_ms,ttfb_le_45_ms,ttfb_le_50_ms,ttfb_le_55_ms,ttfb_le_60_ms,ttfb_le_65_ms,ttfb_le_70_ms,ttfb_le_75_ms,ttfb_le_80_ms,ttfb_le_85_ms,ttfb_le_90_ms,ttfb_le_95_ms,ttfb_le_100_ms,ttfb_le_150_ms,ttfb_le_200_ms,ttfb_le_300_ms,ttfb_le_400_ms,ttfb_le_500_ms,ttfb_le_1000_ms,ttfb_gt_1000_ms,bytes_sent,requests
1173,37241,dscw80,1,0,0,0,0,0,0,0,0,0,0,1,1,1,1,1,1,1,1,1,1,1,1,1,1,1,1,0,761907,1
1181,51174,dscw80,0,0,0,0,0,0,0,0,0,0,0,0,1,2,2,2,2,2,2,2,2,4,4,4,5,6,6,0,1860565,6
1181,52590,dscw80,0,0,0,0,0,0,0,0,0,0,0,0,0,2,3,3,3,3,3,4,5,5,5,6,6,6,7,0,22428445,7
1173,46091,dscw80,0,0,0,0,0,0,0,0,0,0,0,0,0,1,1,1,1,1,1,2,2,3,3,3,3,3,3,0,5600232,3
1173,46147,dscw80,0,0,0,0,0,0,0,0,0,0,0,0,0,0,0,0,1,1,1,1,1,1,1,1,1,1,1,0,43545,1
1173,46548,dscw80,1,0,0,0,0,0,1,2,2,2,3,3,3,3,3,3,3,4,4,4,4,4,5,5,5,5,5,0,4799541,5
1173,44912,dscw80,1,0,0,0,1,2,3,8,10,11,14,14,14,14,14,15,17,18,19,19,20,24,24,24,24,24,24,0,21798815,24
1173,46626,dscw80,1,0,0,0,0,0,1,4,5,7,13,14,16,16,19,20,22,22,22,22,22,27,29,34,38,40,50,0,53063671,50
1181,49579,dscw80,0,0,0,0,0,0,0,0,0,0,0,0,0,0,0,0,0,0,0,0,0,1,1,1,1,1,1,0,7509291,1
1181,44738,dscw80,0,0,0,0,0,0,0,0,1,1,1,1,1,1,1,1,1,1,1,1,1,1,1,1,1,1,1,0,2561431,1
1181,49634,dscw80,0,0,0,3,5,7,12,18,21,24,25,28,28,28,31,32,34,35,35,35,35,37,37,38,38,38,38,0,99280953,38
1181,49429,dscw80,0,0,0,0,0,0,0,0,0,0,0,0,0,0,0,0,0,0,0,0,0,0,0,0,1,1,1,0,1534531,1
1173,49440,dscw80,0,0,0,0,0,0,1,6,8,12,14,24,37,51,63,72,81,88,95,101,107,136,145,151,153,154,156,0,441568845,156
1181,44035,dscw80,0,0,0,0,0,0,0,0,0,0,0,0,0,0,0,0,0,0,0,0,0,2,3,4,4,4,4,0,6443487,4
1181,44636,dscw80,0,0,0,0,0,0,0,1,1,1,1,1,1,2,2,2,3,3,3,3,3,3,3,3,3,3,3,0,13935078,3
1181,46091,dscw80,1,0,1,1,1,1,1,1,1,1,1,1,1,1,1,1,1,1,1,1,1,1,1,1,1,1,1,0,1329,1
1173,37241,dscw80,0,0,0,0,0,0,0,0,0,0,0,0,0,2,2,2,2,2,2,2,2,2,2,2,2,2,2,0,66753,2
1173,45169,dscw80,1,0,0,0,0,0,0,0,0,1,1,3,4,4,4,4,4,4,4,4,5,8,8,8,8,8,8,0,25402117,8
1181,41408,dscw80,0,0,0,0,0,0,0,0,0,0,1,1,1,1,1,1,1,1,1,1,1,1,1,1,1,1,1,0,257776,1
1181,26178,dscw80,0,0,0,0,0,0,0,0,0,0,0,0,0,0,0,0,0,0,0,0,0,0,1,1,1,1,1,0,8238332,1
1173,46548,dscw80,0,0,0,0,0,0,2,3,3,5,6,6,7,7,7,7,7,7,7,7,8,10,12,15,18,18,18,0,36586430,18
1173,50463,dscw80,1,0,0,0,4,28,64,81,99,112,124,134,147,155,163,170,177,178,181,186,189,204,210,214,216,216,219,20,246717946,239
1173,44912,dscw80,0,0,0,0,0,1,6,10,15,22,26,36,49,56,61,70,74,77,80,85,86,110,122,134,141,146,151,1,390680731,152
1173,46626,dscw80,0,0,0,0,0,1,6,14,17,24,28,38,50,59,67,76,80,82,88,89,92,118,123,137,147,149,155,0,209258561,155
1181,49440,dscw80,1,0,0,0,0,0,0,0,0,0,0,0,1,1,1,1,2,2,2,2,2,2,2,2,2,2,2,0,515127,2
1181,37241,dscw80,1,9,14,14,15,15,15,16,17,18,18,18,19,20,20,21,21,22,22,23,23,23,23,24,24,25,25,0,15187390,25
1181,48590,dscw80,1,0,0,0,0,0,0,1,2,2,2,2,2,2,2,2,2,2,3,3,3,3,3,3,3,3,3,0,2949918,3
1181,40557,dscw80,0,0,0,0,0,0,0,0,0,0,0,0,0,0,2,2,2,2,4,4,4,4,6,6,6,6,6,0,28397012,6
1173,45169,dscw80,0,0,0,0,0,0,0,0,0,0,0,1,1,3,5,5,5,6,7,8,9,13,17,21,21,22,23,0,32639883,23
1181,46626,dscw80,1,0,0,0,0,0,0,0,0,0,0,0,0,0,0,0,1,1,1,1,1,1,1,1,1,1,1,0,6107393,1
1181,49257,dscw80,1,0,4,5,7,17,27,33,39,41,45,45,47,47,47,48,48,50,51,51,51,51,54,56,56,57,58,0,69953007,58
1173,52978,dscw80,1,0,0,0,0,2,2,4,5,6,7,8,9,9,9,9,9,9,9,9,9,10,11,11,11,11,11,0,7378142,11
1181,53188,dscw80,1,0,0,0,0,0,0,0,0,0,1,1,1,1,1,2,3,3,3,4,4,5,5,7,7,8,9,0,9260172,9
1173,49158,dscw80,1,0,0,0,0,0,0,0,0,0,0,0,0,0,0,1,1,2,2,2,2,2,2,2,2,2,2,0,1041502,2
1173,50463,dscw80,0,0,0,0,10,90,190,299,384,463,532,603,655,695,749,784,822,853,875,897,919,1048,1117,1163,1187,1204,1217,33,3125892164,1250
1173,51472,dscw80,1,0,0,0,0,0,0,0,0,0,0,0,0,0,0,0,0,0,0,0,0,1,1,1,2,2,2,0,2754,2
1173,51906,dscw80,1,0,0,0,0,0,0,0,0,0,0,0,0,0,0,0,0,0,0,0,0,0,0,1,1,1,1,0,2655,1
1181,49440,dscw80,0,0,0,0,0,1,1,1,1,1,1,1,1,1,1,1,1,1,1,1,1,1,1,1,1,1,1,0,34426,1
1173,41409,dscw80,1,0,0,0,0,0,0,0,0,0,0,1,2,3,3,3,3,3,3,3,3,3,4,4,4,4,4,0,2572561,4
1181,37241,dscw80,0,1,17,29,35,38,38,42,42,44,45,46,46,47,49,50,51,51,52,52,52,57,60,67,68,68,69,0,115080268,69
1181,45169,dscw80,1,0,0,0,0,0,0,0,0,0,0,0,1,1,1,1,1,1,4,4,4,4,5,5,5,5,5,0,1385463,5
1181,48590,dscw80,0,0,0,0,0,0,0,0,2,3,4,4,5,6,7,7,7,7,9,9,9,12,13,14,14,15,15,0,7537220,15
1173,43663,dscw80,1,0,0,0,0,2,7,14,16,18,21,22,23,23,23,23,23,23,23,23,23,23,23,23,23,23,24,1,31362972,25
1173,52590,dscw80,1,0,0,0,1,3,3,3,4,4,4,4,4,4,4,4,4,5,5,5,5,6,6,7,7,7,7,0,15539120,7
1181,44912,dscw80,0,0,0,0,0,0,0,0,0,0,0,0,0,0,0,0,0,0,1,1,1,3,3,3,3,3,3,0,1962990,3
1181,49257,dscw80,0,0,0,3,7,13,26,36,47,55,63,69,72,75,82,84,88,93,99,102,103,120,130,135,137,138,141,0,291227348,141
1173,49054,dscw80,1,0,0,0,0,0,0,0,0,0,0,0,0,1,1,1,1,1,1,1,1,1,1,1,1,1,1,0,502347,1
1173,52978,dscw80,0,0,0,0,2,5,12,20,27,28,33,42,49,55,60,65,72,76,76,79,85,99,104,107,109,111,111,0,224349951,111
1181,53188,dscw80,0,0,0,0,0,0,0,0,0,0,0,1,3,4,6,9,12,14,15,16,16,23,28,36,39,44,48,0,61178826,48
1173,49158,dscw80,0,0,0,0,0,0,0,0,0,0,0,0,0,0,0,1,1,1,1,1,1,1,1,1,1,1,1,0,6007165,1
1173,49634,dscw80,1,0,0,0,0,0,0,0,0,0,0,0,0,2,2,3,3,4,5,5,5,8,8,9,9,9,9,0,1809081,9
1181,52262,dscw80,0,0,0,0,0,0,2,3,3,3,4,4,4,5,5,5,6,6,6,6,7,8,8,8,9,9,9,0,18052364,9
1173,51472,dscw80,0,0,0,0,0,0,0,0,0,0,0,0,0,0,0,0,1,1,1,1,1,5,7,9,10,10,10,0,3603212,10
1173,51906,dscw80,0,0,0,0,0,0,0,1,1,1,1,1,1,1,1,1,1,1,1,1,1,1,1,2,2,2,2,0,131428,2
1173,49429,dscw80,1,0,0,0,0,0,0,0,1,2,2,3,3,4,4,5,5,5,5,5,5,5,5,5,5,5,5,0,12606061,5
1181,41187,dscw80,1,0,0,0,0,0,0,0,0,0,1,1,1,1,2,2,2,2,2,3,3,3,3,3,3,3,3,0,7036547,3
1173,41409,dscw80,0,0,0,0,0,0,0,0,0,0,0,2,6,8,9,11,11,11,14,14,14,18,20,21,22,22,22,0,45189643,22
1173,44035,dscw80,1,0,0,1,8,14,28,46,64,87,108,120,128,140,148,155,160,170,179,182,185,209,219,226,230,230,231,3,322393631,234
1181,45169,dscw80,0,0,0,0,0,0,0,0,0,0,0,0,0,0,0,0,0,1,1,1,1,3,4,6,6,6,6,0,5117673,6
1173,51174,dscw80,0,0,0,0,0,0,0,0,0,0,0,0,0,1,1,1,1,1,1,1,1,1,1,1,1,1,1,0,257800,1
1173,44737,dscw80,1,0,0,0,0,0,0,0,0,0,0,0,1,1,1,1,1,2,2,2,3,4,4,4,4,4,4,0,8911050,4
1181,49158,dscw80,1,12,33,59,77,107,129,159,197,220,235,250,257,267,282,289,298,301,304,306,313,328,338,342,346,349,356,1,395199284,357
1181,50566,dscw80,0,0,0,0,0,0,0,0,0,0,1,1,1,1,1,1,1,1,1,1,1,1,1,1,1,1,1,0,128955,1
1181,53419,dscw80,1,7,32,73,181,307,426,489,564,613,640,658,684,699,714,726,736,746,752,760,764,786,793,799,804,808,809,5,1326041469,814
1173,43663,dscw80,0,0,0,0,0,0,1,3,4,8,14,18,19,21,23,25,27,29,29,30,32,36,37,40,40,40,40,0,122361068,40
1173,52590,dscw80,0,0,0,0,0,6,12,20,26,31,37,44,50,51,56,58,58,59,62,62,63,65,69,71,71,72,72,0,172858230,72
1181,51472,dscw80,1,0,1,1,1,1,2,2,2,2,2,3,4,4,4,4,5,5,5,5,5,5,6,6,6,6,6,0,6133507,6
1173,49054,dscw80,0,0,0,0,0,0,0,0,0,1,2,2,3,3,4,5,7,7,7,7,7,10,11,12,12,14,16,1,23465473,17
1181,41409,dscw80,1,0,0,0,0,0,0,0,1,1,1,1,1,1,1,1,1,1,1,1,1,1,1,1,1,1,1,0,257775,1
1173,49579,dscw80,0,0,0,0,0,0,0,0,0,0,0,0,0,0,0,0,1,1,2,2,2,2,2,2,2,2,2,0,519211,2
1173,49634,dscw80,0,0,0,0,0,0,0,0,0,0,0,2,3,7,15,16,20,20,22,23,25,31,32,34,37,37,39,0,119176043,39
1181,51174,dscw80,1,0,0,0,0,0,0,0,0,1,4,5,5,5,5,5,5,5,5,5,5,5,5,5,5,5,5,0,264429,5
1173,49429,dscw80,0,0,0,0,0,0,0,0,0,0,1,4,6,11,12,14,15,16,18,18,18,25,29,30,30,31,31,0,63403316,31
1181,41187,dscw80,0,0,0,4,7,10,11,11,11,11,11,11,11,11,12,12,12,12,13,13,14,14,14,14,14,14,14,0,50687556,14
1173,44035,dscw80,0,0,0,0,0,18,52,109,168,245,333,424,502,590,667,746,821,884,936,990,1037,1420,1614,1830,1931,1976,2025,21,4763188087,2046
1173,44636,dscw80,0,0,0,0,0,0,0,0,0,0,0,0,0,0,0,0,0,1,1,1,1,1,1,1,1,1,1,0,1781,1
1181,52590,dscw80,1,0,0,0,0,0,0,0,1,1,1,1,1,1,1,1,1,1,1,1,1,1,1,1,1,1,1,0,1337,1
1181,52978,dscw80,0,0,0,0,1,1,1,1,1,2,3,3,3,3,3,3,3,3,3,3,3,3,3,3,3,3,3,0,11011390,3
1173,41408,dscw80,0,0,0,0,0,0,0,0,0,0,0,0,0,0,0,0,0,0,0,0,0,1,1,1,1,1,1,0,2806482,1
1173,44737,dscw80,0,0,0,0,0,0,0,0,0,0,2,3,7,8,9,10,16,19,23,29,29,44,53,59,60,60,61,0,136194010,61
1181,49158,dscw80,0,17,34,69,105,145,188,239,290,334,376,403,442,466,494,520,548,563,581,591,600,686,719,767,781,785,794,11,1935237923,805
1181,53419,dscw80,0,11,33,94,212,385,628,832,980,1117,1224,1305,1360,1410,1471,1499,1533,1560,1585,1608,1629,1755,1813,1879,1902,1913,1928,3,5130955938,1931
1181,49634,dscw80,1,0,0,2,2,5,7,8,8,9,9,9,9,9,10,10,10,10,11,12,12,12,13,13,13,13,14,0,20260296,14
1181,51472,dscw80,0,0,0,0,0,0,0,0,2,3,3,3,4,4,4,4,5,5,6,6,6,7,7,7,8,8,9,0,31389170,9
1173,49440,dscw80,1,0,0,0,0,0,0,1,2,2,5,7,12,16,19,23,24,27,28,30,30,34,38,41,41,41,41,0,35613221,41
1181,41409,dscw80,0,0,0,0,0,3,4,6,8,8,9,10,10,10,10,10,11,13,13,13,13,15,15,15,15,15,15,0,26299768,15
1181,44636,dscw80,1,0,0,0,0,0,0,0,0,0,0,1,1,1,1,1,1,2,2,2,2,2,2,2,2,2,2,0,279511,2
