client_metro,region,maprule,is_cache_hit,ttfb_le_5_ms,ttfb_le_10_ms,ttfb_le_15_ms,ttfb_le_20_ms,ttfb_le_25_ms,ttfb_le_30_ms,ttfb_le_35_ms,ttfb_le_40_ms,ttfb_le_45_ms,ttfb_le_50_ms,ttfb_le_55_ms,ttfb_le_60_ms,ttfb_le_65_ms,ttfb_le_70_ms,ttfb_le_75_ms,ttfb_le_80_ms,ttfb_le_85_ms,ttfb_le_90_ms,ttfb_le_95_ms,ttfb_le_100_ms,ttfb_le_150_ms,ttfb_le_200_ms,ttfb_le_300_ms,ttfb_le_400_ms,ttfb_le_500_ms,ttfb_le_1000_ms,ttfb_gt_1000_ms,bytes_sent,requests
1181,51174,dscw80,0,0,0,0,0,0,0,0,0,0,1,2,2,5,5,5,5,5,5,5,5,5,5,6,6,6,6,0,3251888,6
1181,44737,dscw80,1,0,0,0,0,0,0,0,0,0,0,0,0,0,0,0,0,1,1,1,1,2,2,2,2,2,2,0,264254,2
1181,52590,dscw80,0,0,0,0,0,0,0,1,1,1,3,3,3,3,4,4,4,4,4,4,4,4,4,4,4,4,4,0,1455618,4
1173,46091,dscw80,0,0,0,0,0,0,0,0,0,0,0,0,0,2,2,4,9,11,12,13,13,23,31,33,35,35,35,0,73976409,35
1173,44912,dscw80,1,0,0,0,2,6,14,28,34,42,51,60,66,66,68,71,71,73,77,79,79,93,96,104,105,110,111,5,179404996,116
1173,46626,dscw80,1,0,0,0,0,5,13,26,42,56,80,96,112,127,139,148,153,166,173,182,183,216,223,227,229,230,233,1,307129804,234
1181,39888,dscw80,1,0,0,0,0,0,0,0,1,1,1,1,1,1,1,1,1,1,1,1,1,1,1,1,1,1,1,0,257958,1
1181,49634,dscw80,0,0,0,1,1,2,5,6,8,10,10,10,11,12,13,14,15,17,17,17,18,19,19,19,19,19,19,1,51132589,20
1173,49440,dscw80,0,0,0,0,0,0,0,0,0,0,0,0,0,1,1,1,1,1,1,1,1,1,1,1,1,1,1,0,128434,1
1181,44636,dscw80,0,0,0,0,0,0,0,0,1,1,1,1,2,2,2,2,2,2,2,2,2,2,2,2,2,2,2,0,385825,2
1173,45169,dscw80,1,0,0,0,0,0,0,0,1,1,2,2,3,3,4,6,6,6,6,6,6,6,7,7,7,7,7,0,3715036,7
1181,41408,dscw80,0,0,0,0,0,0,0,0,0,0,0,0,1,1,1,1,1,1,1,1,1,1,1,2,2,2,2,0,4198691,2
1181,44737,dscw80,0,0,0,0,0,0,0,0,0,0,0,0,0,0,0,0,1,1,1,1,1,2,2,2,2,2,2,0,1543387,2
1173,42863,dscw80,0,0,0,0,0,0,0,0,0,0,0,0,0,0,0,1,1,2,2,3,3,4,6,6,6,6,6,0,24798941,6
1173,47853,dscw80,1,0,0,0,0,0,0,0,0,0,0,0,0,1,1,1,1,1,2,3,3,3,3,3,3,3,3,0,645157,3
1173,46548,dscw80,0,0,0,0,0,0,1,2,3,3,3,3,3,3,3,3,3,3,3,3,3,5,5,5,6,6,6,0,19605871,6
1173,50463,dscw80,1,0,0,0,5,11,19,26,29,32,36,37,39,39,42,42,42,43,43,44,45,50,51,52,52,52,52,0,31667806,52
1173,44912,dscw80,0,0,0,0,1,5,18,31,49,73,105,141,165,187,215,236,250,265,275,290,297,375,421,486,524,553,605,28,1677266411,633
1173,46626,dscw80,0,0,0,0,0,9,28,56,98,142,202,278,351,415,473,537,600,641,686,738,778,974,1066,1140,1175,1188,1204,9,2579508906,1213
1181,49440,dscw80,1,0,0,0,0,0,0,0,0,0,0,1,1,1,1,1,1,1,1,1,1,2,2,2,3,3,3,1,774534,4
1181,39888,dscw80,0,0,0,0,0,0,0,0,0,0,1,1,1,1,1,1,1,1,1,1,1,1,1,1,1,1,1,0,257881,1
1181,48590,dscw80,1,0,2,3,5,7,11,11,11,12,12,12,12,12,13,13,13,13,13,14,14,14,15,15,15,15,15,1,4865935,16
1173,45169,dscw80,0,0,0,0,0,0,0,0,0,0,1,1,4,6,7,7,9,11,12,13,14,19,20,20,20,20,20,0,46570129,20
1181,49257,dscw80,1,0,1,3,7,16,23,31,33,37,40,42,46,48,49,49,49,49,49,49,49,52,52,53,53,53,54,0,62147573,54
1173,52978,dscw80,1,0,0,0,3,8,18,28,37,46,57,73,90,103,111,124,130,137,139,142,144,161,168,175,177,178,182,11,207047827,193
1181,53188,dscw80,1,0,6,22,34,39,43,46,49,49,50,51,52,52,53,54,55,56,56,56,56,59,60,61,62,62,63,1,30152890,64
1173,47853,dscw80,0,0,0,0,0,0,0,0,0,0,0,0,0,1,3,4,6,12,12,16,24,33,40,43,44,45,45,0,75446442,45
1173,50463,dscw80,0,0,0,0,4,24,54,85,121,156,172,185,201,220,229,246,254,262,267,273,280,321,341,352,356,358,359,3,644931761,362
1173,51906,dscw80,1,0,0,0,0,1,8,17,24,29,31,31,36,41,41,43,44,45,45,45,45,49,50,52,55,56,58,3,28030309,61
1181,37241,dscw80,0,0,1,1,2,2,3,3,3,3,3,3,3,3,3,3,4,4,4,4,4,5,5,6,6,6,6,0,5765741,6
1181,45169,dscw80,1,0,0,0,0,0,0,0,0,0,1,1,1,2,2,3,4,4,4,5,5,5,5,5,5,5,5,0,15945974,5
1181,48590,dscw80,0,0,1,1,2,3,6,11,15,18,25,29,32,33,34,34,36,37,38,39,41,45,46,52,54,54,56,0,155301056,56
1173,51174,dscw80,1,0,0,0,0,0,0,0,0,0,0,0,1,1,1,1,1,1,1,1,1,2,2,2,2,2,2,0,259959,2
1173,52590,dscw80,1,0,0,0,2,4,6,6,10,11,13,13,16,16,17,17,18,18,18,20,21,24,26,26,26,26,26,0,31445683,26
1181,44912,dscw80,0,0,0,0,0,0,0,0,0,0,1,2,2,2,2,2,2,2,2,2,2,2,3,3,3,3,4,0,6174008,4
1181,49257,dscw80,0,0,1,6,11,23,31,41,49,57,59,63,65,69,71,75,76,80,81,81,84,98,105,108,110,110,114,1,250353825,115
1173,49054,dscw80,1,0,0,0,0,0,0,0,0,0,0,0,0,0,0,0,0,0,0,0,0,0,0,0,0,0,0,2,19439,2
1173,52978,dscw80,0,0,0,0,2,14,40,94,135,185,252,328,418,498,566,618,664,709,755,780,811,985,1060,1127,1168,1183,1212,30,2749561623,1242
1181,53188,dscw80,0,0,1,10,23,33,39,42,46,48,50,52,53,55,55,56,61,64,64,65,65,74,74,78,79,81,82,1,128754615,83
1173,53419,dscw80,0,0,0,0,0,0,0,0,0,0,0,0,0,0,0,0,0,1,1,1,1,1,1,1,1,1,1,0,844505,1
1173,49110,dscw80,1,0,0,0,0,0,0,0,0,0,0,1,1,1,1,1,1,1,1,1,1,2,3,3,3,3,3,0,2676450,3
1173,51906,dscw80,0,0,0,0,0,0,3,9,23,31,42,50,63,68,73,80,84,91,94,95,97,124,134,158,172,175,190,11,405913952,201
1173,41409,dscw80,0,0,0,0,0,0,0,0,0,0,0,1,1,1,1,1,1,2,2,2,3,4,4,6,7,7,7,0,8755231,7
1181,45169,dscw80,0,0,0,0,0,0,0,0,0,0,0,0,0,1,1,1,2,2,2,2,2,4,5,5,5,5,5,0,9216996,5
1173,51174,dscw80,0,0,0,0,0,0,0,0,0,0,0,0,1,2,3,3,3,3,3,4,4,4,4,4,4,4,4,0,29832067,4
1173,44737,dscw80,1,0,0,0,0,0,0,0,0,0,2,3,5,6,6,6,8,8,8,8,8,11,12,13,13,13,13,0,7906824,13
1181,49158,dscw80,1,0,1,1,1,1,1,1,1,1,2,2,2,2,3,3,3,3,3,3,3,5,5,6,6,6,6,0,1121606,6
1181,53419,dscw80,1,1,2,2,2,2,2,2,3,3,5,6,6,6,6,6,6,6,6,6,6,6,6,6,6,6,6,0,2904661,6
1173,43663,dscw80,0,0,0,0,0,0,1,2,3,3,3,3,3,3,4,4,4,5,7,7,7,8,10,11,13,13,13,0,28993508,13
1173,52590,dscw80,0,0,0,0,2,9,14,18,28,39,51,62,69,75,83,91,95,97,99,104,107,118,124,128,129,131,136,0,367764653,136
1181,45983,dscw80,0,0,0,0,0,0,0,0,0,0,0,0,0,0,0,0,0,0,0,0,0,0,1,1,1,1,1,0,128208,1
1181,51472,dscw80,1,0,0,0,0,0,0,1,1,1,1,1,2,2,2,2,2,2,2,2,2,2,2,2,2,2,2,0,3460,2
1173,49054,dscw80,0,0,0,0,0,0,0,0,0,1,1,1,1,1,1,1,1,1,2,2,2,3,4,5,5,6,6,3,7389609,9
1173,44738,dscw80,0,0,0,0,0,0,0,0,0,0,0,0,0,0,0,0,0,0,1,1,1,3,3,3,4,4,4,0,7104895,4
1173,49634,dscw80,0,0,0,0,0,0,0,0,0,0,0,1,1,1,2,3,5,5,5,5,5,5,5,6,6,6,6,0,22851442,6
1181,51174,dscw80,1,0,0,0,0,0,0,0,0,1,1,1,1,1,1,1,1,1,1,1,1,1,1,1,1,1,1,0,2401947,1
1173,49110,dscw80,0,0,0,0,0,0,0,0,1,4,7,8,8,11,13,13,15,17,23,24,27,47,55,62,63,66,66,0,140606821,66
1173,49429,dscw80,0,0,0,0,0,0,0,0,0,0,0,0,0,0,0,1,1,1,1,2,2,2,3,3,3,3,3,0,724215,3
1173,44035,dscw80,0,0,0,0,0,0,0,0,0,1,1,1,2,2,2,2,3,3,3,3,3,6,7,10,12,12,12,0,21639337,12
1181,52590,dscw80,1,0,0,0,0,0,0,0,0,1,3,4,4,4,4,4,4,4,4,4,4,4,5,5,5,5,5,0,903008,5
1173,46091,dscw80,1,0,0,0,0,0,0,0,0,0,0,0,0,0,0,0,1,1,1,1,1,1,1,1,1,1,2,0,975256,2
1181,52978,dscw80,0,0,0,0,0,0,0,0,0,0,0,0,0,0,2,3,3,4,5,5,5,6,6,6,7,7,7,0,3816325,7
1173,44737,dscw80,0,0,0,0,0,0,0,2,3,5,8,15,21,29,36,42,51,53,59,65,70,99,109,117,120,121,124,1,337128499,125
1181,49158,dscw80,0,1,4,5,7,9,10,11,14,15,16,17,17,17,17,18,19,19,21,24,25,31,31,32,33,33,35,2,41986937,37
1181,53419,dscw80,0,6,7,10,11,13,15,18,19,23,24,26,29,30,30,31,32,34,34,34,35,38,39,41,42,43,43,0,52614491,43
1181,49634,dscw80,1,0,0,0,0,1,3,3,3,3,3,3,3,3,3,3,3,4,5,5,5,6,6,6,6,6,6,0,18171900,6
1181,51472,dscw80,0,0,0,0,0,0,0,0,3,6,6,7,7,7,7,9,9,11,12,12,12,12,12,12,12,12,12,0,51115993,12
1181,51906,dscw80,0,0,0,0,0,0,0,0,0,0,0,0,0,0,0,0,0,0,0,1,1,1,2,2,2,2,2,0,515267,2
1181,41409,dscw80,0,0,0,0,0,1,1,1,1,1,1,1,1,1,1,1,2,2,2,2,2,3,3,3,3,3,3,0,2601559,3
