client_metro,region,maprule,is_cache_hit,ttfb_le_5_ms,ttfb_le_10_ms,ttfb_le_15_ms,ttfb_le_20_ms,ttfb_le_25_ms,ttfb_le_30_ms,ttfb_le_35_ms,ttfb_le_40_ms,ttfb_le_45_ms,ttfb_le_50_ms,ttfb_le_55_ms,ttfb_le_60_ms,ttfb_le_65_ms,ttfb_le_70_ms,ttfb_le_75_ms,ttfb_le_80_ms,ttfb_le_85_ms,ttfb_le_90_ms,ttfb_le_95_ms,ttfb_le_100_ms,ttfb_le_150_ms,ttfb_le_200_ms,ttfb_le_300_ms,ttfb_le_400_ms,ttfb_le_500_ms,ttfb_le_1000_ms,ttfb_gt_1000_ms,bytes_sent,requests
1181,37241,dscw80,1,4,6,6,6,6,6,6,6,8,8,8,8,8,8,8,8,8,8,8,8,10,10,10,10,10,10,0,4785903,10
1173,50463,dscw80,0,0,0,0,0,0,1,5,7,8,8,8,11,14,15,16,17,19,19,19,21,27,29,31,31,31,32,0,94734448,32
1181,38220,dscw80,0,0,0,1,1,1,1,1,1,1,1,1,1,1,1,1,1,1,1,1,1,4,8,9,10,10,10,0,6394149,10
1173,41408,dscw80,0,0,0,0,0,0,0,0,0,0,0,0,0,0,0,0,0,0,0,0,0,0,0,1,1,1,1,1,2310287,2
1173,51906,dscw80,1,0,0,0,0,0,4,7,9,15,19,22,23,26,28,31,33,34,34,35,36,38,39,40,40,40,40,1,56545721,41
1173,53188,dscw80,0,0,0,0,0,0,0,0,0,0,0,0,0,0,0,0,0,0,0,0,1,1,2,3,4,4,4,1,4100590,5
1181,52590,dscw80,1,0,0,0,0,0,0,0,0,0,0,1,1,1,2,2,2,2,2,2,2,2,2,2,2,2,2,0,386788,2
1173,44912,dscw80,0,0,0,0,0,0,0,0,0,0,1,1,1,1,2,2,2,3,4,4,4,4,5,5,5,5,5,0,31940541,5
1181,44737,dscw80,0,0,0,0,0,0,1,1,1,2,2,3,4,4,4,4,4,4,4,4,4,4,4,4,4,4,4,0,5205442,4
1181,49440,dscw80,0,0,0,0,0,0,0,0,0,0,0,0,1,1,1,1,1,1,1,1,1,1,1,1,1,1,1,0,43276,1
1181,49634,dscw80,1,0,0,1,2,4,5,5,5,5,5,5,5,5,5,5,5,5,6,6,6,7,7,7,7,7,7,0,3495416,7
1181,52978,dscw80,0,0,0,0,0,0,1,1,1,1,1,1,1,1,1,1,1,1,1,1,1,2,2,2,2,2,2,0,5818365,2
1173,43302,dscw80,0,0,0,0,0,0,0,0,0,1,1,2,2,2,2,2,2,2,2,3,3,3,3,3,3,3,3,0,4173159,3
1173,49429,dscw80,1,0,0,0,0,0,0,1,1,2,3,4,5,5,5,5,5,5,5,6,6,6,6,7,7,7,7,0,11614286,7
1173,47853,dscw80,1,0,0,0,0,0,0,0,0,0,0,2,2,3,4,6,7,7,7,8,8,9,9,9,9,9,9,0,10614198,9
1173,52590,dscw80,0,0,0,0,11,58,144,217,289,361,438,487,537,577,618,640,663,690,716,734,747,844,891,937,965,985,1007,8,2742673253,1015
1181,41409,dscw80,1,0,0,0,0,0,0,1,1,2,2,5,6,6,7,7,8,8,8,8,8,9,10,10,10,10,10,0,27017700,10
1181,44035,dscw80,0,0,0,0,0,0,0,0,0,0,0,0,0,0,0,2,3,3,4,4,4,5,5,6,6,6,6,1,5649285,7
1173,46321,dscw80,0,0,0,0,0,0,0,0,0,1,1,1,2,2,2,2,2,3,3,3,4,7,7,7,7,7,7,0,38828656,7
1173,49634,dscw80,0,0,0,0,0,0,0,0,0,0,0,1,2,2,4,4,4,5,5,6,7,9,9,10,10,10,10,0,9918332,10
1181,53419,dscw80,1,2,12,34,77,148,219,268,321,349,377,395,416,426,435,446,456,465,477,486,492,526,548,566,574,574,575,2,910723197,577
1181,49257,dscw80,1,0,0,1,3,3,4,6,6,6,6,6,6,6,6,6,6,6,6,6,6,7,7,7,7,7,7,0,5556610,7
1181,41187,dscw80,0,0,0,0,0,0,0,0,0,0,0,0,0,0,1,1,1,1,2,2,2,3,4,4,4,4,4,0,5355879,4
1181,50298,dscw80,1,0,0,0,0,0,0,0,0,0,0,0,0,1,1,1,1,1,1,1,1,1,1,1,1,1,1,0,43245,1
1181,50566,dscw80,0,0,0,0,0,0,0,0,0,0,0,0,0,0,0,0,0,1,1,1,1,1,2,3,3,3,3,0,11129764,3
1173,52262,dscw80,0,0,0,0,0,0,0,0,0,0,0,0,0,0,0,0,0,0,1,1,1,3,3,4,4,4,4,0,13770649,4
1181,48590,dscw80,0,0,0,0,0,0,0,0,0,0,0,0,0,1,1,1,1,1,1,1,1,2,2,3,3,3,3,0,4392856,3
1181,50463,dscw80,0,0,0,0,0,0,0,0,0,0,0,0,0,0,0,0,0,0,0,0,0,0,1,1,1,1,1,0,2039471,1
1173,43663,dscw80,0,0,0,0,0,0,0,0,0,0,0,0,0,0,0,0,0,0,0,1,1,1,1,2,2,2,2,0,17113076,2
1173,44737,dscw80,1,0,0,0,0,0,1,4,5,5,5,5,5,5,5,5,5,5,5,5,5,5,5,5,5,5,5,0,1065218,5
1173,52978,dscw80,1,0,0,0,0,1,3,5,11,11,11,12,14,16,16,16,16,16,17,17,17,19,21,21,21,21,21,0,18610249,21
1173,41409,dscw80,0,0,0,0,0,0,0,0,0,0,0,1,3,4,5,6,6,7,7,8,8,10,10,11,11,11,12,0,13809247,12
1173,46626,dscw80,0,0,0,0,0,0,2,14,34,53,68,84,100,113,123,131,149,163,169,178,185,243,257,270,277,280,282,0,975829740,282
1173,51192,dscw80,0,0,0,0,0,0,0,0,0,0,0,0,0,0,0,0,0,0,0,0,0,0,0,0,0,0,3,2,4950017,5
1181,41408,dscw80,0,0,0,0,0,0,0,0,0,0,0,0,0,0,1,1,1,1,1,1,1,1,1,1,1,1,1,0,7833459,1
1181,49158,dscw80,1,15,51,114,166,235,319,410,499,594,648,708,753,794,823,844,863,879,895,902,908,955,975,995,1004,1007,1011,1,1920964975,1012
1181,53188,dscw80,0,0,0,0,0,0,0,0,0,0,1,3,3,5,7,11,11,13,14,16,18,36,44,54,60,61,62,1,52121410,63
1173,37507,dscw80,0,0,0,0,0,0,0,0,0,0,0,0,0,0,0,0,0,0,0,0,0,0,0,0,0,1,1,0,128311,1
1173,53419,dscw80,0,0,0,0,0,0,0,0,0,0,0,0,0,0,0,1,2,3,3,3,3,4,4,4,4,4,4,0,16665880,4
1173,45169,dscw80,1,0,0,0,0,0,0,0,0,0,0,0,0,0,0,0,0,0,1,1,1,1,1,1,1,1,1,0,11985987,1
1173,49054,dscw80,1,0,0,0,0,0,0,0,1,1,2,2,2,3,4,4,4,4,4,4,4,5,5,5,5,5,5,0,1583970,5
1173,49257,dscw80,0,0,0,0,0,0,0,0,0,0,0,0,0,0,0,0,0,0,1,1,1,1,1,1,1,1,1,0,1255683,1
1173,46548,dscw80,1,0,0,0,0,0,0,0,0,0,0,0,0,0,1,1,1,1,1,1,1,1,1,1,1,1,1,0,1572,1
1173,50298,dscw80,0,0,0,0,0,0,0,1,1,1,1,2,2,2,2,2,2,2,2,2,2,3,3,3,3,3,3,0,11874868,3
1181,51174,dscw80,0,0,0,0,0,0,0,0,0,0,0,0,0,0,0,0,0,0,0,0,0,0,0,0,0,0,1,0,254154,1
1181,51472,dscw80,1,0,0,0,0,1,3,3,3,4,4,4,4,4,5,6,6,6,6,6,7,7,7,7,7,7,7,0,692782,7
1173,44035,dscw80,1,0,0,3,13,36,77,125,164,201,219,242,266,276,296,305,313,324,332,338,343,363,370,375,375,375,377,0,478625043,377
1181,37241,dscw80,0,0,3,8,12,12,13,15,15,15,15,15,15,16,17,18,21,22,22,22,22,25,26,28,28,28,28,0,43978489,28
1173,49158,dscw80,0,0,0,0,0,0,0,0,0,0,0,0,0,0,1,3,3,3,3,3,3,3,3,3,4,4,4,0,1172248,4
1173,51906,dscw80,0,0,0,0,0,0,1,4,12,20,25,33,39,43,52,56,58,59,63,68,70,92,100,110,117,119,122,2,393309734,124
1181,52590,dscw80,0,0,0,0,0,0,0,0,0,0,0,2,3,5,7,9,11,15,18,18,19,27,31,34,35,36,37,0,74747111,37
1173,40269,dscw80,0,0,0,0,0,0,0,0,0,0,0,0,0,0,1,1,1,1,1,1,1,1,1,1,1,1,1,0,9961,1
1173,50463,dscw80,1,0,0,0,0,0,0,0,0,1,1,1,1,2,2,2,2,2,2,2,2,2,2,2,2,2,2,0,16945,2
1181,38220,dscw80,1,0,1,1,1,1,1,1,1,1,1,1,1,1,1,1,1,1,1,1,1,1,1,1,1,1,1,0,1298352,1
1173,51472,dscw80,0,0,0,0,0,0,0,0,0,0,0,0,0,0,0,0,1,1,1,1,1,1,1,1,1,1,1,0,9871,1
1181,49634,dscw80,0,0,0,1,11,15,18,20,24,25,27,28,30,32,32,32,33,33,33,33,33,36,39,40,40,40,41,0,73963182,41
1173,49429,dscw80,0,0,0,0,0,0,0,0,0,1,1,3,9,14,16,21,26,26,28,29,29,39,40,41,44,46,47,0,133967840,47
1181,49579,dscw80,0,0,0,0,0,0,0,0,0,0,0,1,1,1,1,1,1,1,1,1,1,2,3,3,3,3,3,1,5745866,4
1173,47853,dscw80,0,0,0,0,0,0,0,0,0,0,0,2,3,4,5,6,9,15,17,19,20,30,35,43,44,45,45,0,96460856,45
1181,41409,dscw80,0,0,0,0,0,0,2,4,7,8,11,15,17,19,23,25,27,29,31,32,33,36,39,42,43,43,43,0,134961544,43
1181,46626,dscw80,0,0,0,0,0,0,0,0,0,0,0,0,0,0,0,0,0,0,0,0,0,1,1,1,1,1,1,0,257494,1
1181,53419,dscw80,0,7,15,41,88,161,250,351,438,508,564,617,669,694,732,766,792,818,853,881,896,1041,1115,1187,1222,1239,1257,4,3348159004,1261
1181,49257,dscw80,0,0,0,1,1,2,3,4,5,7,7,8,10,11,13,13,13,14,15,15,15,20,23,24,24,24,24,0,81551977,24
1173,52590,dscw80,1,0,0,2,23,66,134,171,207,232,248,268,277,295,303,315,320,328,335,342,347,379,387,395,396,399,399,3,649113278,402
1181,50298,dscw80,0,0,0,0,0,0,0,0,0,0,0,0,0,2,3,4,5,5,6,6,6,8,8,11,13,14,16,0,10702644,16
1181,36533,dscw80,0,0,0,0,1,1,1,1,1,1,1,1,1,1,1,1,1,1,1,1,1,1,2,2,2,2,2,0,301042,2
1181,44035,dscw80,1,0,0,0,0,0,0,0,0,0,0,0,0,0,1,1,1,1,2,2,2,2,2,2,2,2,2,0,1011822,2
1181,40557,dscw80,0,0,0,0,0,0,0,0,0,0,0,1,1,1,1,1,1,2,3,3,3,5,5,5,5,5,5,0,8301895,5
1173,44737,dscw80,0,0,0,0,0,0,3,7,9,14,17,18,23,26,27,29,31,33,35,37,39,52,56,57,60,60,60,1,150298714,61
1173,46321,dscw80,1,0,0,0,0,0,0,1,1,1,1,1,1,1,1,1,1,1,1,1,1,1,1,1,1,1,1,0,257609,1
1173,49440,dscw80,0,0,0,0,0,0,0,0,0,1,1,2,2,2,2,2,4,5,6,6,6,6,6,6,6,6,7,0,14140724,7
1173,49634,dscw80,1,0,0,0,0,0,0,0,0,1,2,2,2,2,2,3,4,4,4,4,4,5,5,5,5,5,5,0,2014676,5
1173,52978,dscw80,0,0,0,0,2,5,11,15,23,30,33,40,41,43,44,47,53,57,63,64,64,70,79,81,82,82,83,0,279145205,83
1181,42863,dscw80,0,0,0,0,0,0,0,0,0,0,0,0,0,1,1,1,1,1,1,1,1,1,1,1,1,1,1,0,3120065,1
1181,41187,dscw80,1,0,0,1,1,1,1,1,1,1,1,1,1,1,1,1,1,1,1,1,1,1,1,1,1,1,1,0,2769,1
1181,49158,dscw80,0,14,32,87,143,242,340,453,582,720,853,976,1067,1144,1221,1274,1326,1376,1418,1458,1498,1704,1815,1920,1950,1966,1986,11,5140478469,1997
1181,51906,dscw80,0,0,0,0,0,0,0,0,0,0,0,0,0,1,1,1,1,1,1,1,2,4,4,7,7,7,7,0,18981165,7
1173,45169,dscw80,0,0,0,0,0,0,0,0,0,0,0,0,0,0,0,0,0,0,0,0,0,0,1,1,1,1,2,0,1566067,2
1173,49054,dscw80,0,0,0,0,0,0,0,1,1,1,2,2,3,4,4,4,4,6,7,7,7,11,12,14,15,15,17,2,16926896,19
1181,50566,dscw80,1,0,0,0,0,0,1,2,3,3,3,3,3,3,3,3,3,3,3,3,3,3,3,3,3,3,3,0,4703292,3
1181,48590,dscw80,1,0,2,2,2,2,2,2,2,2,2,2,2,2,2,2,2,2,2,2,2,2,2,2,2,2,2,0,260398,2
1181,50463,dscw80,1,0,0,0,0,0,0,0,0,0,0,0,1,1,1,1,1,1,1,1,1,1,1,1,1,1,1,0,4684588,1
1173,46548,dscw80,0,0,0,0,0,0,0,0,2,2,2,3,3,4,4,5,5,7,7,7,8,11,11,11,11,11,11,0,12376163,11
1181,44636,dscw80,0,0,0,0,0,0,0,0,0,0,0,0,0,0,0,0,0,0,0,0,0,0,0,0,1,1,1,0,128275,1
1181,51472,dscw80,0,0,0,0,0,2,2,2,3,5,7,10,11,12,13,13,15,15,15,15,16,18,18,19,19,19,19,0,35672151,19
1173,41409,dscw80,1,0,0,0,0,0,0,0,0,0,0,0,0,0,0,0,0,0,0,0,0,0,1,1,1,1,1,0,2301711,1
1173,44035,dscw80,0,0,0,0,3,6,33,96,177,267,365,456,548,627,728,799,874,933,981,1029,1080,1319,1410,1511,1549,1571,1589,9,4505628844,1598
1173,46626,dscw80,1,0,0,0,1,3,6,13,14,18,22,26,30,32,33,36,36,36,36,36,37,43,45,46,46,46,46,2,156408954,48
1181,53188,dscw80,1,0,0,0,0,0,0,0,0,0,0,0,0,1,1,1,1,1,1,1,2,3,5,6,6,6,7,0,7241418,7
