client_metro,region,maprule,is_cache_hit,ttfb_le_5_ms,ttfb_le_10_ms,ttfb_le_15_ms,ttfb_le_20_ms,ttfb_le_25_ms,ttfb_le_30_ms,ttfb_le_35_ms,ttfb_le_40_ms,ttfb_le_45_ms,ttfb_le_50_ms,ttfb_le_55_ms,ttfb_le_60_ms,ttfb_le_65_ms,ttfb_le_70_ms,ttfb_le_75_ms,ttfb_le_80_ms,ttfb_le_85_ms,ttfb_le_90_ms,ttfb_le_95_ms,ttfb_le_100_ms,ttfb_le_150_ms,ttfb_le_200_ms,ttfb_le_300_ms,ttfb_le_400_ms,ttfb_le_500_ms,ttfb_le_1000_ms,ttfb_gt_1000_ms,bytes_sent,requests
1173,49579,dscw80,0,0,0,0,0,0,0,0,0,0,0,0,0,0,0,0,0,0,0,0,0,0,0,1,1,1,1,0,4384,1
1181,37241,dscw80,1,4,7,7,7,8,8,8,8,9,14,16,20,22,27,28,30,34,37,40,42,49,49,52,53,53,54,0,85809555,54
1181,40557,dscw80,0,0,0,0,0,0,1,1,1,1,1,1,1,2,2,2,2,4,5,5,5,5,5,5,5,5,5,0,10998017,5
1181,44636,dscw80,0,0,0,0,0,0,0,0,0,0,1,1,1,1,1,1,1,1,1,1,1,1,1,1,1,1,1,0,43413,1
1181,38974,dscw80,0,0,0,0,0,0,0,0,0,0,0,0,0,0,1,1,1,1,1,1,1,1,1,1,1,1,1,0,1238738,1
1173,41187,dscw80,0,0,0,0,0,0,0,1,1,1,1,1,1,2,2,2,2,2,2,2,2,2,2,2,2,2,2,0,6389867,2
1173,44080,dscw80,0,0,0,0,0,0,0,0,0,0,0,0,0,0,0,0,1,1,2,3,4,7,7,8,8,8,8,0,26948733,8
1173,49440,dscw80,1,0,0,0,0,0,1,2,4,4,8,12,16,20,24,27,30,32,35,35,35,47,50,52,53,54,56,15,53892139,71
1173,51192,dscw80,0,0,0,0,0,0,0,0,0,0,0,0,0,0,0,0,0,0,0,0,0,0,0,0,0,1,2,0,305435,2
1181,49158,dscw80,0,10,22,44,81,118,158,206,262,306,349,387,416,430,448,463,476,487,497,510,519,584,612,634,644,646,649,1,1470185395,650
1173,44912,dscw80,0,0,0,0,0,0,0,0,0,0,0,0,0,0,0,0,0,1,1,1,1,3,3,3,4,4,4,0,16021018,4
1181,48590,dscw80,0,0,0,3,4,7,11,17,24,26,29,36,40,43,47,49,50,51,53,54,56,65,67,72,72,72,72,0,136468921,72
1173,49054,dscw80,0,0,0,0,0,0,0,0,0,0,0,0,4,6,6,7,8,10,11,11,11,18,19,20,20,22,24,0,14739517,24
1181,39888,dscw80,1,0,0,0,0,0,0,0,0,1,1,1,1,1,1,1,1,1,1,1,1,1,1,1,1,1,1,0,2776,1
1181,53188,dscw80,0,0,0,0,0,0,0,0,0,0,0,0,0,0,0,0,0,0,0,0,0,0,0,2,2,2,3,0,518549,3
1173,49158,dscw80,0,0,0,0,0,0,0,0,0,0,0,0,0,0,0,0,1,1,1,1,1,1,1,1,1,1,1,1,835301,2
1173,49429,dscw80,0,0,0,0,0,0,0,0,0,0,0,0,0,2,3,3,5,5,6,6,6,7,9,9,9,9,9,0,37527296,9
1181,41187,dscw80,1,0,0,2,2,2,3,4,4,4,4,4,4,4,4,4,4,4,4,4,4,5,6,7,7,7,7,0,7554348,7
1181,44035,dscw80,1,0,0,0,0,0,0,0,0,0,0,0,0,0,0,0,0,1,1,1,1,1,1,1,1,1,2,0,386011,2
1181,49634,dscw80,0,0,0,1,6,10,16,21,24,28,33,38,40,42,43,44,45,46,46,47,48,53,55,58,59,60,62,0,115172506,62
1181,51174,dscw80,1,0,0,0,0,0,0,0,0,0,0,0,0,0,0,0,0,0,0,0,1,1,1,1,1,1,1,0,257623,1
1181,41409,dscw80,0,0,0,0,0,0,1,2,3,3,4,6,7,8,8,8,8,8,8,9,9,12,13,16,17,17,19,0,25832970,19
1181,50566,dscw80,0,0,0,0,0,0,0,0,0,0,0,0,0,0,0,0,0,0,0,0,0,4,4,4,4,6,7,0,32914576,7
1181,51906,dscw80,1,0,0,0,0,0,0,0,0,0,0,0,0,0,0,0,0,0,0,0,0,0,1,1,1,1,1,0,2511,1
1181,52590,dscw80,1,0,0,0,0,0,0,0,0,0,0,0,0,0,0,1,1,1,1,1,2,2,2,2,2,2,2,0,516001,2
1173,45169,dscw80,1,0,0,0,0,0,0,0,0,0,0,1,2,2,3,3,3,3,3,3,3,3,3,3,3,3,3,0,20791348,3
1173,46626,dscw80,1,0,0,0,0,1,7,20,23,27,36,44,47,50,52,55,61,65,67,69,69,81,81,82,82,82,82,0,133451244,82
1181,51472,dscw80,1,0,0,0,0,0,0,0,0,0,0,0,0,0,0,0,0,1,1,1,1,1,1,1,1,1,1,0,257634,1
1173,44035,dscw80,1,0,0,1,10,46,117,198,261,309,358,397,425,454,488,501,518,534,548,557,565,608,624,638,646,651,657,1,1045613729,658
1173,49634,dscw80,0,0,0,0,0,0,0,0,0,1,2,3,3,4,4,4,4,5,5,5,5,5,5,5,5,5,5,0,6761491,5
1181,53419,dscw80,1,7,42,97,224,407,563,705,792,865,926,965,996,1033,1053,1073,1085,1093,1103,1110,1118,1159,1179,1194,1200,1202,1208,6,2006275151,1214
1173,51174,dscw80,1,0,0,0,0,0,0,0,0,0,2,3,5,7,7,7,9,13,14,14,15,17,19,23,23,24,26,0,15851904,26
1173,52978,dscw80,1,0,0,0,0,0,1,2,2,2,2,2,2,3,4,4,4,4,4,4,5,5,8,8,8,8,8,0,759365,8
1173,41409,dscw80,0,0,0,0,0,0,0,0,0,1,1,3,6,8,8,8,8,8,10,10,11,14,17,17,17,17,17,0,81549824,17
1173,51906,dscw80,1,0,0,0,0,0,5,12,16,16,18,20,22,23,23,23,23,23,23,23,23,25,28,29,29,29,31,0,44684921,31
1173,52590,dscw80,1,0,0,0,0,6,6,7,9,14,14,16,18,19,19,20,21,21,21,21,21,21,21,22,22,22,22,0,62171531,22
1173,46091,dscw80,0,0,0,0,0,0,0,0,0,0,0,0,0,0,0,0,0,0,0,0,0,1,3,4,4,4,4,0,4456054,4
1181,50463,dscw80,0,0,0,0,0,0,0,0,0,0,0,0,0,0,0,0,0,0,0,0,0,0,0,0,0,0,0,1,25551,1
1181,52262,dscw80,0,0,0,0,0,1,1,2,3,3,3,3,3,3,3,3,5,6,6,6,6,7,7,8,8,8,8,0,10693104,8
1173,44737,dscw80,1,0,0,0,0,0,0,1,1,1,1,1,1,1,1,1,2,2,2,2,2,2,2,2,2,2,2,0,441130,2
1173,46548,dscw80,1,0,0,0,0,1,2,2,2,3,3,4,5,5,5,5,5,5,5,6,6,8,8,8,8,8,8,0,15865964,8
1173,43302,dscw80,1,0,0,0,0,0,0,0,0,0,0,0,0,0,0,0,0,0,0,0,1,1,1,1,1,1,1,0,257585,1
1173,50463,dscw80,0,0,0,0,0,0,0,0,0,1,1,2,2,3,4,4,5,5,7,7,7,11,11,12,12,12,12,0,13221908,12
1181,41408,dscw80,0,0,0,0,0,0,0,0,0,0,0,0,0,0,0,0,1,1,1,1,1,1,1,1,1,1,1,0,2496,1
1181,49257,dscw80,0,0,0,3,3,7,11,12,13,13,13,18,19,21,21,23,27,29,29,30,33,38,40,42,42,43,43,0,103452794,43
1181,37241,dscw80,0,0,0,2,4,4,5,5,6,6,9,10,11,13,17,21,28,34,35,39,41,57,65,71,75,75,77,0,216924302,77
1181,49440,dscw80,0,0,0,0,0,1,1,1,1,1,2,2,2,2,2,2,2,2,2,2,3,3,3,3,3,3,3,0,9966990,3
1173,41408,dscw80,0,0,0,0,0,0,0,0,0,0,0,0,0,0,0,0,0,0,1,2,2,2,3,3,3,3,3,0,1962691,3
1181,49158,dscw80,1,4,13,32,57,91,122,157,187,203,223,234,245,257,272,282,293,300,307,311,314,324,331,335,335,336,336,4,571776400,340
1173,49440,dscw80,0,0,0,0,0,0,0,7,10,17,23,30,37,54,70,80,89,95,99,106,115,168,190,212,220,226,229,15,588867822,244
1173,38974,dscw80,1,0,0,0,0,0,0,0,0,0,0,0,1,1,1,1,1,1,1,1,1,1,1,1,1,1,1,0,7033319,1
1173,44912,dscw80,1,0,0,0,0,0,0,0,0,0,0,1,1,1,1,1,1,1,1,2,2,2,2,3,3,3,3,0,2541653,3
1181,48590,dscw80,1,0,2,3,4,6,7,7,7,11,11,11,12,12,12,12,12,12,12,12,12,13,14,15,15,15,15,0,11443565,15
1173,49054,dscw80,1,0,0,0,0,0,0,1,1,1,1,1,1,1,1,1,1,1,1,1,1,1,1,2,2,2,2,0,131960,2
1173,47698,dscw80,0,0,0,0,0,0,0,0,0,0,0,0,0,0,0,1,1,1,1,1,1,3,3,3,3,3,3,0,2001606,3
1181,39888,dscw80,0,0,0,0,0,0,0,0,1,1,1,1,1,1,1,1,1,1,1,1,1,1,1,1,1,1,1,0,5456,1
1173,49429,dscw80,1,0,0,0,0,0,0,0,0,0,0,0,0,0,0,0,1,1,1,2,2,2,2,2,2,2,2,0,389893,2
1173,47853,dscw80,0,0,0,0,0,0,0,0,0,0,0,0,0,0,0,0,0,1,1,1,2,2,2,2,2,2,2,0,12243256,2
1181,49634,dscw80,1,0,0,1,2,3,5,7,7,8,8,8,8,9,9,9,9,9,9,9,9,9,9,9,9,9,9,0,6397761,9
1181,52190,dscw80,0,0,0,0,0,0,0,0,0,0,0,0,0,0,0,0,0,0,0,0,0,0,0,0,0,0,1,0,2155,1
1173,47273,dscw80,0,0,0,0,0,0,0,0,0,0,0,0,0,0,0,0,0,0,0,1,2,2,3,3,3,3,3,0,3229717,3
1181,41187,dscw80,0,0,0,1,1,3,3,4,4,4,6,6,6,7,7,7,7,8,8,11,11,12,13,13,14,17,17,2,41376657,19
1181,44035,dscw80,0,0,0,0,0,1,1,1,1,1,1,1,1,1,1,2,2,2,2,2,3,4,4,8,8,8,9,0,8103390,9
1181,51174,dscw80,0,0,0,0,0,0,0,0,0,0,0,0,0,1,2,2,2,2,2,2,2,3,4,4,4,4,5,0,1794672,5
1181,52978,dscw80,0,0,0,0,0,0,0,0,0,0,0,0,1,1,2,2,2,2,2,2,2,2,2,2,2,2,2,0,322999,2
1181,41409,dscw80,1,0,0,0,0,0,0,0,0,0,0,1,1,1,1,1,1,1,1,1,1,2,3,3,3,3,3,0,18320246,3
1181,50566,dscw80,1,0,0,0,0,0,0,0,0,0,0,0,0,0,1,1,1,2,3,3,3,3,3,3,3,3,3,0,2285655,3
1181,51906,dscw80,0,0,0,0,0,0,0,0,0,0,0,0,0,0,0,0,0,0,1,2,2,3,4,4,4,5,5,0,4886736,5
1181,52590,dscw80,0,0,0,0,0,0,0,0,0,0,0,0,0,0,0,2,2,4,4,4,5,6,6,8,8,8,8,2,3973173,10
1173,45169,dscw80,0,0,0,0,0,0,0,0,0,0,0,0,1,1,1,1,1,1,1,2,3,5,7,7,7,7,7,0,11851260,7
1173,46626,dscw80,0,0,0,0,0,0,3,11,28,40,54,76,92,109,125,147,163,175,187,194,208,259,283,304,313,316,320,1,860603859,321
1173,49634,dscw80,1,0,0,0,0,0,0,0,0,0,1,1,1,1,1,1,1,1,1,1,1,1,1,1,1,1,1,0,1710814,1
1181,51472,dscw80,0,0,0,0,0,0,2,2,3,6,6,7,7,7,9,9,9,10,11,11,13,14,14,15,16,16,16,0,31213912,16
1173,44035,dscw80,0,0,0,0,0,10,34,100,195,322,456,586,701,828,929,1013,1096,1164,1245,1311,1359,1745,1903,2074,2143,2173,2204,11,6130117323,2215
1181,53419,dscw80,0,7,46,169,368,789,1278,1691,2059,2351,2570,2776,2922,3069,3171,3260,3332,3392,3443,3502,3561,3846,3981,4134,4186,4203,4230,21,10896820382,4251
1173,51174,dscw80,0,0,0,0,0,0,0,0,0,2,9,12,21,27,34,40,51,64,70,73,77,96,110,129,131,133,135,2,287289837,137
1173,52978,dscw80,0,0,0,0,0,0,0,1,3,4,9,12,18,23,28,29,35,35,36,38,41,53,57,61,62,62,63,1,114628551,64
1181,44737,dscw80,0,0,0,0,0,0,0,0,0,0,0,0,0,0,0,0,0,0,0,1,1,1,1,1,1,1,1,0,0,1
1173,41409,dscw80,1,0,0,0,0,0,0,0,0,0,0,1,1,1,1,2,4,4,4,4,4,5,6,6,6,6,6,0,20831074,6
1173,51906,dscw80,0,0,0,0,0,0,1,11,18,25,31,35,38,47,54,58,61,65,66,68,75,89,94,102,106,106,106,0,264227572,106
1173,52590,dscw80,0,0,0,0,1,5,12,18,18,22,26,29,33,34,36,36,39,42,44,45,46,53,55,57,58,58,58,0,168205070,58
1181,52262,dscw80,1,0,0,1,1,1,1,1,1,1,1,1,1,1,1,1,1,1,1,1,1,1,1,1,1,1,1,0,257956,1
1173,51472,dscw80,0,0,0,0,0,0,0,0,0,0,0,0,0,0,0,0,0,0,0,0,0,1,1,1,1,1,1,0,131453,1
1173,44737,dscw80,0,0,0,0,0,0,0,0,0,2,3,3,3,3,3,3,3,4,4,4,4,6,6,6,8,8,8,0,27762143,8
1173,46548,dscw80,0,0,0,0,0,1,3,6,8,11,13,16,20,25,26,26,29,30,33,36,38,49,58,64,67,71,72,0,144261605,72
1173,50463,dscw80,1,0,0,0,0,0,0,0,0,0,0,0,0,0,0,0,0,0,1,1,1,1,2,3,3,3,4,0,3972100,4
1173,43302,dscw80,0,0,0,0,0,0,0,0,0,1,1,1,1,1,1,1,1,1,1,2,2,2,2,3,3,3,3,0,10302954,3
1181,49257,dscw80,1,0,0,1,2,2,3,3,3,3,3,3,4,4,4,4,4,5,6,6,6,6,6,6,6,6,6,0,12587971,6
