client_metro,region,maprule,is_cache_hit,ttfb_le_5_ms,ttfb_le_10_ms,ttfb_le_15_ms,ttfb_le_20_ms,ttfb_le_25_ms,ttfb_le_30_ms,ttfb_le_35_ms,ttfb_le_40_ms,ttfb_le_45_ms,ttfb_le_50_ms,ttfb_le_55_ms,ttfb_le_60_ms,ttfb_le_65_ms,ttfb_le_70_ms,ttfb_le_75_ms,ttfb_le_80_ms,ttfb_le_85_ms,ttfb_le_90_ms,ttfb_le_95_ms,ttfb_le_100_ms,ttfb_le_150_ms,ttfb_le_200_ms,ttfb_le_300_ms,ttfb_le_400_ms,ttfb_le_500_ms,ttfb_le_1000_ms,ttfb_gt_1000_ms,bytes_sent,requests
1181,37241,dscw80,1,3,7,11,12,13,14,15,15,15,16,19,22,25,27,27,32,36,37,39,41,52,54,55,56,56,56,0,60499097,56
1181,44080,dscw80,0,0,0,0,0,0,0,0,0,0,0,0,0,0,0,0,0,0,0,0,0,1,2,2,2,2,2,0,515306,2
1181,41984,dscw80,0,0,0,0,0,0,0,0,0,0,0,0,0,0,0,0,0,0,0,0,0,0,0,0,0,0,0,5,2475,5
1181,49440,dscw80,1,0,0,0,0,1,1,1,2,3,3,3,3,4,4,4,4,4,4,4,4,4,4,4,4,4,4,0,6458463,4
1181,36533,dscw80,1,0,0,0,0,0,0,0,0,0,0,0,0,0,0,0,0,0,0,0,0,0,1,1,1,1,1,0,65710,1
1173,49440,dscw80,1,0,0,0,0,0,4,4,8,8,8,9,13,18,21,25,30,33,36,39,42,57,64,66,66,66,67,0,113786037,67
1181,49158,dscw80,0,9,16,25,51,73,103,134,176,221,253,275,303,322,346,355,367,373,378,389,401,445,467,490,498,502,510,1,1289345154,511
1173,44912,dscw80,0,0,0,0,0,1,6,11,23,30,37,43,55,70,82,91,104,111,116,120,124,162,179,193,198,203,208,3,443565963,211
1181,48590,dscw80,0,0,0,2,2,3,3,3,4,4,4,4,4,5,5,5,5,6,7,7,7,8,9,12,14,14,16,1,32284355,17
1173,49054,dscw80,0,0,0,0,0,0,0,0,0,1,2,3,3,3,4,7,8,8,8,8,9,13,15,16,17,17,20,2,31626900,22
1181,53188,dscw80,0,0,1,1,1,1,1,1,1,1,1,1,3,3,5,6,8,10,12,13,14,28,39,53,58,61,68,2,97563946,70
1173,49429,dscw80,0,0,0,0,0,0,0,0,1,1,2,3,4,6,7,8,10,10,10,12,12,16,21,21,22,22,22,0,56793290,22
1181,41187,dscw80,1,0,0,3,3,3,3,3,3,3,3,3,3,3,3,3,3,3,3,3,3,3,3,3,3,3,3,0,148012,3
1181,49634,dscw80,0,0,0,0,1,5,8,12,18,18,20,20,21,22,22,23,23,23,24,25,25,28,28,30,30,30,30,0,122456333,30
1173,48590,dscw80,0,0,0,0,0,0,0,0,0,0,0,0,0,0,0,0,0,0,0,0,0,0,1,1,1,1,1,0,11455,1
1181,41409,dscw80,0,0,0,0,0,0,1,2,4,5,5,8,9,10,11,12,14,15,16,16,17,22,24,24,24,24,24,0,35967687,24
1181,50566,dscw80,0,0,0,0,0,0,0,0,0,0,0,0,0,0,0,0,0,1,1,1,1,1,1,1,1,1,1,0,3604018,1
1181,52590,dscw80,1,0,0,0,0,0,1,1,2,2,2,2,2,4,7,7,7,7,8,8,8,9,9,9,9,9,9,0,12674227,9
1173,45169,dscw80,1,0,0,0,0,0,0,0,0,1,4,6,9,9,12,12,13,15,15,15,16,16,16,16,16,16,17,0,74373984,17
1173,46626,dscw80,1,0,0,0,0,2,5,6,7,9,10,11,12,13,14,16,17,17,17,17,17,18,18,19,20,20,20,0,10902496,20
1173,50298,dscw80,1,0,0,0,0,5,12,19,22,27,32,41,49,53,57,61,62,64,65,67,72,80,82,84,86,86,87,1,109266396,88
1181,44912,dscw80,1,0,0,0,0,0,0,0,0,0,0,0,0,0,0,0,0,0,1,1,1,1,1,1,1,1,1,0,202489,1
1181,51472,dscw80,1,0,0,0,0,0,0,0,0,1,1,1,1,1,2,2,2,2,2,2,2,2,2,2,2,2,2,0,260230,2
1173,44035,dscw80,1,0,0,2,8,17,28,44,72,85,101,114,125,129,136,143,147,157,161,164,168,183,185,188,188,190,192,2,296224826,194
1181,53419,dscw80,1,5,13,26,48,98,132,149,155,170,182,189,198,201,205,206,208,212,215,216,220,229,234,237,239,239,239,1,403392679,240
1173,51174,dscw80,1,0,0,0,0,0,0,0,0,0,1,5,9,10,11,13,16,16,16,17,17,22,23,24,24,24,24,0,38400314,24
1173,52978,dscw80,1,0,0,0,6,13,31,46,56,71,93,112,126,138,148,160,169,177,180,187,194,223,233,238,239,239,245,2,270019346,247
1173,41409,dscw80,0,0,0,0,0,0,0,0,0,1,1,1,2,3,5,5,8,9,10,10,11,16,18,18,19,19,19,0,88950499,19
1173,51906,dscw80,1,0,0,0,0,0,0,1,3,3,3,5,7,8,11,13,14,14,16,16,16,16,17,18,18,18,18,0,30171371,18
1173,52590,dscw80,1,0,0,3,50,119,186,229,283,334,357,374,400,422,433,451,463,469,476,481,485,519,535,541,544,548,551,10,996469199,561
1181,50463,dscw80,0,0,0,0,0,0,0,0,0,0,0,0,0,0,0,0,0,0,0,0,0,0,0,0,0,0,1,3,2482528,4
1181,52262,dscw80,0,0,0,1,1,2,3,4,4,4,5,6,6,6,7,7,8,8,9,10,10,13,15,15,15,15,15,0,73194144,15
1173,44737,dscw80,1,0,0,0,0,0,0,1,1,1,1,1,1,1,1,1,1,2,2,2,2,3,3,3,3,3,3,0,2672897,3
1173,46548,dscw80,1,0,0,0,0,0,2,3,5,5,5,5,5,5,5,5,5,5,5,5,5,5,6,8,8,8,8,0,17519775,8
1173,50463,dscw80,0,0,0,0,0,0,0,3,5,6,6,6,8,10,12,13,15,15,18,18,18,24,26,27,28,28,28,0,83520276,28
1181,41408,dscw80,0,0,0,0,0,0,0,0,0,0,0,0,1,1,2,2,2,2,2,2,2,2,2,2,2,2,2,0,13191816,2
1181,49257,dscw80,0,0,0,1,1,4,6,6,6,6,10,12,14,14,15,15,15,16,16,17,17,17,20,24,24,25,25,0,48930672,25
1181,37241,dscw80,0,0,10,15,19,20,22,24,27,27,29,30,36,42,45,49,51,54,54,58,61,85,95,101,105,105,105,1,308082495,106
1181,41984,dscw80,1,0,0,0,0,0,0,0,0,0,0,0,0,0,0,1,1,1,1,1,1,1,1,1,1,1,1,0,18108,1
1181,49440,dscw80,0,0,0,0,0,1,2,2,2,3,4,4,4,4,4,4,4,4,4,5,5,6,6,6,7,7,7,0,11323813,7
1173,42863,dscw80,0,0,0,0,0,0,0,0,0,0,0,0,0,0,0,0,0,1,1,1,1,5,5,5,5,5,5,0,11404098,5
1181,49158,dscw80,1,1,3,4,8,17,22,31,43,52,62,72,79,83,88,91,94,96,97,97,99,104,107,108,108,109,109,0,278310097,109
1173,49440,dscw80,0,0,0,0,0,0,0,4,16,21,32,41,55,68,77,87,100,113,132,141,144,192,209,225,233,239,242,1,598495459,243
1173,44912,dscw80,1,0,0,0,1,2,8,11,16,19,22,23,25,27,27,31,34,34,36,36,36,37,39,39,39,39,40,0,85043878,40
1181,48590,dscw80,1,0,0,0,0,0,0,0,0,0,0,0,0,0,0,0,0,0,0,0,0,1,1,1,1,1,1,0,4027634,1
1173,50535,dscw80,0,0,0,0,0,0,0,0,0,0,0,0,0,0,0,0,0,0,0,0,0,0,0,0,0,0,1,1,131521,2
1173,49054,dscw80,1,0,0,0,0,0,0,0,0,1,1,1,1,2,2,2,3,3,3,3,3,3,3,3,3,3,3,1,134547,4
1181,53188,dscw80,1,0,0,0,1,1,1,1,2,2,3,4,4,5,5,7,7,8,9,9,10,12,14,15,16,17,17,1,19516503,18
1173,49429,dscw80,1,0,0,0,0,0,0,0,1,2,3,4,5,5,5,5,5,6,6,6,6,6,6,6,6,6,6,0,8858001,6
1181,46626,dscw80,0,0,0,0,0,0,0,0,0,0,0,0,0,0,0,0,0,0,1,1,1,1,1,1,1,1,1,0,42974,1
1173,47853,dscw80,0,0,0,0,0,0,0,0,0,0,0,0,0,0,0,0,0,0,0,0,0,1,1,1,1,1,1,0,257891,1
1181,49634,dscw80,1,0,0,0,1,6,6,6,7,8,8,8,8,8,8,8,8,8,8,8,8,8,8,8,8,8,8,0,9844449,8
1181,50298,dscw80,0,0,0,0,0,0,0,0,0,0,0,0,0,0,0,0,0,0,0,0,0,1,1,1,1,1,1,0,128248,1
1181,41187,dscw80,0,0,0,0,0,0,2,2,2,2,2,2,4,5,5,5,5,5,5,5,5,8,8,8,8,9,9,0,16375143,9
1181,44035,dscw80,0,0,0,0,0,0,0,0,0,0,0,0,0,0,0,0,0,0,0,0,0,1,1,2,2,2,2,0,539253,2
1181,51174,dscw80,0,0,0,0,0,0,0,0,0,0,0,0,0,0,0,0,0,0,0,0,0,0,0,0,0,0,1,1,427101,2
1181,52978,dscw80,0,0,0,0,0,0,0,0,0,0,0,1,1,2,3,3,3,3,4,4,4,4,6,6,6,6,6,0,1888789,6
1181,41409,dscw80,1,0,0,0,0,0,0,0,1,1,1,1,1,1,1,1,1,1,2,2,2,4,4,4,4,4,4,0,897550,4
1181,51906,dscw80,0,0,0,0,0,0,0,0,0,0,0,0,0,1,1,2,2,2,2,2,2,5,5,5,5,5,5,0,12098047,5
1181,52590,dscw80,0,0,0,0,0,0,0,0,0,2,2,2,6,12,16,17,21,23,25,25,25,27,27,30,30,31,32,0,35923457,32
1173,45169,dscw80,0,0,0,0,0,0,0,0,0,0,1,2,5,8,12,12,12,12,14,15,15,22,24,25,25,25,26,0,68200390,26
1173,46626,dscw80,0,0,0,0,0,0,2,8,20,32,40,53,61,65,69,75,79,86,94,101,104,136,147,156,159,162,162,0,416862146,162
1173,50298,dscw80,0,0,0,0,0,2,7,12,33,46,65,81,103,119,134,152,168,184,197,204,214,275,306,328,342,351,356,11,1035569776,367
1181,44912,dscw80,0,0,0,0,0,0,0,0,0,0,0,0,0,0,1,1,1,2,2,2,2,2,2,2,4,4,5,2,6685809,7
1181,51472,dscw80,0,0,0,0,0,0,1,2,2,4,8,9,9,10,10,10,10,10,10,10,10,11,12,12,12,12,12,0,7242120,12
1173,44035,dscw80,0,0,0,0,0,7,21,55,93,145,189,240,290,332,377,415,441,462,488,510,526,674,729,786,809,820,832,1,2379176136,833
1181,36533,dscw80,0,0,0,0,0,0,0,0,0,1,1,2,4,5,5,6,6,6,7,7,8,13,15,15,15,15,15,1,32620062,16
1181,53419,dscw80,0,7,17,63,123,243,394,487,578,652,710,746,778,817,847,868,884,904,920,934,943,1026,1058,1104,1119,1127,1136,5,2641495762,1141
1173,51174,dscw80,0,0,0,0,0,0,0,0,0,0,6,10,19,25,31,37,45,55,60,67,72,87,98,106,111,114,115,2,241830669,117
1173,52978,dscw80,0,0,0,0,8,48,109,182,244,315,394,505,617,717,801,868,936,992,1047,1071,1102,1330,1441,1531,1572,1599,1640,14,3143130744,1654
1173,51906,dscw80,0,0,0,0,0,0,0,3,10,15,17,20,23,27,35,39,41,43,44,48,49,73,84,89,91,92,94,0,206671319,94
1173,52590,dscw80,0,0,0,1,30,107,220,309,377,452,517,587,648,699,749,790,824,844,864,881,908,1042,1100,1150,1183,1200,1229,16,3412920094,1245
1181,38220,dscw80,0,0,0,1,1,1,2,2,2,2,2,2,2,2,2,2,2,2,2,2,3,3,4,4,4,4,4,0,1240638,4
1181,52262,dscw80,1,0,0,0,0,1,1,1,1,1,1,1,2,2,2,2,2,2,2,2,2,2,2,2,2,2,2,0,259858,2
1173,51472,dscw80,0,0,0,0,0,0,0,0,0,0,0,0,0,0,0,0,0,0,1,1,1,1,2,2,2,2,2,0,131643,2
1173,53419,dscw80,0,0,0,0,0,0,0,0,0,0,0,0,0,0,0,2,3,3,3,4,4,5,5,5,5,6,6,0,3715740,6
1181,49579,dscw80,0,0,0,0,0,0,0,0,0,0,0,0,0,0,0,0,0,0,0,0,0,0,0,0,0,0,2,0,3473175,2
1173,44737,dscw80,0,0,0,0,0,0,0,0,0,1,3,3,3,3,6,6,6,7,7,7,7,8,9,12,13,13,14,0,31644521,14
1173,46548,dscw80,0,0,0,0,0,0,5,14,23,26,29,38,46,56,65,74,82,88,95,97,101,128,140,163,169,172,173,0,459834975,173
1173,50463,dscw80,1,0,0,0,0,0,0,0,0,0,0,0,2,2,2,2,3,3,3,3,3,3,3,3,3,3,3,0,302792,3
1173,43302,dscw80,0,0,0,0,0,0,0,0,0,0,0,0,0,0,0,0,0,0,0,0,0,0,0,0,1,2,2,0,257753,2
1181,49257,dscw80,1,0,0,0,2,2,2,3,4,4,5,5,5,5,5,5,5,5,5,6,6,6,6,6,6,6,6,0,1031369,6
