client_metro,region,maprule,is_cache_hit,ttfb_le_5_ms,ttfb_le_10_ms,ttfb_le_15_ms,ttfb_le_20_ms,ttfb_le_25_ms,ttfb_le_30_ms,ttfb_le_35_ms,ttfb_le_40_ms,ttfb_le_45_ms,ttfb_le_50_ms,ttfb_le_55_ms,ttfb_le_60_ms,ttfb_le_65_ms,ttfb_le_70_ms,ttfb_le_75_ms,ttfb_le_80_ms,ttfb_le_85_ms,ttfb_le_90_ms,ttfb_le_95_ms,ttfb_le_100_ms,ttfb_le_150_ms,ttfb_le_200_ms,ttfb_le_300_ms,ttfb_le_400_ms,ttfb_le_500_ms,ttfb_le_1000_ms,ttfb_gt_1000_ms,bytes_sent,requests
1181,37241,dscw80,1,1,1,2,3,3,4,4,4,6,7,7,8,8,9,10,10,10,10,10,11,12,13,14,14,14,14,0,18387536,14
1173,43663,dscw80,0,0,0,0,0,0,1,1,2,2,4,5,6,6,6,6,6,6,6,6,6,8,8,8,8,8,8,0,5358582,8
1181,44636,dscw80,0,0,0,0,0,0,0,1,1,2,2,2,2,2,2,2,2,2,2,2,3,9,10,11,11,11,11,0,30990123,11
1181,49440,dscw80,1,0,0,0,0,0,0,0,0,0,0,0,0,0,0,0,0,0,0,0,1,2,2,3,3,3,3,0,772304,3
1173,46321,dscw80,0,0,0,0,0,0,0,0,0,0,0,1,1,1,1,1,1,2,2,2,2,4,4,4,4,4,4,0,15556623,4
1173,37241,dscw80,1,0,0,0,0,0,0,0,0,0,0,1,3,3,3,3,3,3,3,3,3,3,3,3,3,3,3,0,67867,3
1181,49158,dscw80,0,13,17,23,32,34,37,49,58,72,82,87,96,102,109,116,123,130,135,141,145,166,177,194,201,203,208,2,393174146,210
1173,44912,dscw80,0,0,0,0,0,0,0,0,0,0,0,0,0,0,0,0,0,0,0,0,0,1,2,3,4,4,4,0,11449198,4
1181,48590,dscw80,0,0,1,2,3,6,6,6,7,7,7,9,12,13,13,15,16,17,17,17,19,22,23,24,25,26,27,0,74560092,27
1181,39888,dscw80,1,0,0,0,0,0,0,1,1,1,1,1,1,1,1,1,1,1,1,1,1,1,1,1,1,1,1,0,257867,1
1181,53188,dscw80,0,0,3,11,29,45,60,75,85,91,97,101,104,106,111,116,121,125,127,128,129,140,147,156,163,164,167,0,416226494,167
1173,49158,dscw80,0,0,0,0,0,0,0,0,0,0,0,0,0,0,0,1,1,1,1,1,1,1,1,1,1,1,1,0,7222261,1
1173,49429,dscw80,0,0,0,0,0,0,0,0,0,2,4,6,7,9,12,15,17,19,22,23,24,33,36,37,37,37,37,1,106455597,38
1181,41187,dscw80,1,0,0,0,0,1,1,1,1,2,2,2,2,2,2,2,2,2,2,2,2,2,2,2,2,2,2,0,1644040,2
1181,44035,dscw80,1,0,0,1,1,1,1,1,1,1,1,1,1,1,1,1,1,1,1,1,1,1,1,1,1,1,1,0,1378069,1
1181,49634,dscw80,0,0,0,1,2,4,7,10,13,15,18,19,19,22,23,23,23,23,23,24,24,27,29,31,31,31,32,0,81944119,32
1181,51174,dscw80,1,0,0,0,0,1,1,1,1,1,1,1,1,1,1,1,1,1,1,1,1,2,2,2,2,2,2,0,5678784,2
1181,52978,dscw80,1,0,0,0,0,0,0,0,0,0,0,0,0,0,0,0,0,0,1,1,1,1,1,1,1,1,1,0,128114,1
1181,41409,dscw80,0,0,0,0,0,0,0,1,1,1,2,4,5,5,5,5,5,5,6,6,8,11,12,12,12,12,13,0,24335018,13
1181,50566,dscw80,0,0,0,0,0,0,0,0,0,0,0,0,0,0,0,0,0,0,0,0,0,0,1,1,1,1,1,0,565268,1
1181,51906,dscw80,1,0,0,0,0,0,0,0,0,0,0,0,0,0,0,2,2,2,2,2,2,2,2,2,2,2,2,0,2893629,2
1181,52590,dscw80,1,0,0,0,0,0,0,0,0,0,0,0,0,1,2,2,2,2,2,2,2,3,3,3,3,3,3,0,5481496,3
1173,45169,dscw80,1,0,0,0,0,0,0,0,0,1,2,4,5,6,7,7,8,8,9,9,9,11,13,15,15,15,15,0,61937116,15
1173,46626,dscw80,1,0,0,0,1,9,20,29,41,47,51,55,62,64,69,73,81,85,91,96,103,121,123,124,124,124,124,5,213375023,129
1173,50298,dscw80,1,0,0,0,1,3,7,12,15,23,31,33,37,39,43,48,51,54,55,57,57,66,66,68,69,69,69,0,115243517,69
1181,51472,dscw80,1,0,0,1,1,1,1,1,2,2,2,2,2,2,2,2,2,2,2,2,2,2,2,2,2,2,2,0,259073,2
1173,44035,dscw80,1,0,0,2,9,32,65,93,132,153,173,192,204,214,224,234,242,250,255,262,268,292,302,304,304,305,306,2,386176114,308
1181,53419,dscw80,1,8,33,72,152,275,377,448,514,555,593,633,651,672,681,691,703,710,720,725,733,758,766,773,775,775,778,1,1632124902,779
1173,51174,dscw80,1,0,0,0,0,0,0,0,0,0,1,1,4,4,5,8,8,9,9,9,9,11,11,11,11,11,11,0,19307776,11
1173,52978,dscw80,1,0,0,0,5,14,24,36,50,66,101,129,163,177,200,216,231,241,253,264,268,299,314,327,333,337,346,0,405048781,346
1173,41409,dscw80,0,0,0,0,0,0,0,0,0,1,2,6,7,10,10,14,17,18,18,19,20,29,31,34,35,36,36,0,138977134,36
1173,51906,dscw80,1,0,0,0,0,0,0,3,5,11,12,14,16,17,20,20,21,22,24,25,28,33,36,38,38,38,38,1,34763870,39
1173,52590,dscw80,1,0,0,1,4,5,6,8,9,10,11,11,11,11,12,12,12,12,12,12,12,12,12,12,12,12,12,0,4144024,12
1181,50463,dscw80,0,0,0,0,0,0,0,0,0,0,1,1,1,1,1,2,2,2,2,2,2,2,2,2,2,2,2,0,6445428,2
1181,52262,dscw80,0,0,0,0,1,1,2,2,3,4,4,4,5,5,5,5,5,5,5,5,5,5,6,7,7,7,7,0,15624783,7
1173,44737,dscw80,1,0,0,0,0,1,3,5,5,5,5,6,10,13,14,14,15,16,18,18,18,19,19,19,19,19,19,0,27695903,19
1173,46548,dscw80,1,0,0,0,0,0,0,0,1,1,1,1,1,1,1,1,1,1,1,1,1,1,1,1,1,1,1,0,257639,1
1181,21952,dscw80,0,0,0,0,0,0,0,0,0,0,0,0,0,0,0,0,0,0,0,0,0,0,0,1,1,1,1,0,1152,1
1173,50463,dscw80,0,0,0,0,0,0,0,1,2,4,5,5,8,10,10,11,12,12,12,12,12,20,27,29,29,30,30,0,59345389,30
1181,49257,dscw80,0,0,0,0,2,2,4,4,6,9,10,11,11,12,14,14,15,15,15,15,15,16,18,20,21,21,21,0,92695893,21
1173,43663,dscw80,1,0,0,0,0,2,2,4,5,5,5,6,6,6,6,7,7,7,7,7,7,7,7,7,7,7,7,0,5370492,7
1181,37241,dscw80,0,2,13,17,21,25,26,28,29,30,32,34,36,40,42,42,44,45,47,47,48,53,55,63,65,66,71,12,106294361,83
1181,44636,dscw80,1,0,0,0,0,0,0,0,0,0,0,0,0,0,0,0,0,0,0,0,0,1,1,1,1,1,1,0,2849708,1
1181,49440,dscw80,0,0,0,0,0,0,0,0,0,0,0,0,1,1,1,1,2,2,3,3,3,3,4,5,6,6,6,0,10279963,6
1173,40383,dscw80,0,0,0,0,0,0,0,0,0,0,0,0,0,0,0,0,0,0,0,0,0,1,1,1,1,1,1,0,3608552,1
1181,52559,dscw80,0,0,0,0,0,0,0,0,0,0,0,1,1,1,1,1,1,1,1,1,1,1,1,1,1,1,1,0,131853,1
1181,49158,dscw80,1,14,16,18,20,20,20,21,24,24,28,30,32,33,34,36,36,37,37,37,38,42,42,42,43,43,43,0,38537604,43
1181,48590,dscw80,1,0,0,0,0,0,0,0,0,0,0,0,0,0,0,0,0,0,0,0,0,0,2,2,2,2,2,0,7008,2
1173,49054,dscw80,1,0,0,0,0,0,0,0,0,0,1,1,1,1,1,1,1,1,1,1,1,1,1,2,2,2,2,0,259070,2
1181,53188,dscw80,1,0,2,25,43,61,69,74,78,82,83,85,88,88,90,90,93,94,95,95,95,97,100,101,101,103,104,2,126788250,106
1181,39888,dscw80,0,0,0,0,0,0,0,2,2,3,3,4,6,6,6,6,6,6,6,6,6,7,7,7,8,8,9,0,51557807,9
1173,44738,dscw80,0,0,0,0,0,0,0,0,0,0,0,0,0,0,0,0,0,0,0,0,0,0,0,0,0,0,1,0,128292,1
1173,49429,dscw80,1,0,0,0,0,0,0,0,1,3,4,6,6,7,7,7,7,8,8,9,9,10,10,10,10,10,10,0,10813887,10
1181,49634,dscw80,1,0,0,1,1,1,2,3,4,4,4,4,4,5,5,5,5,5,5,5,5,5,5,6,6,6,6,0,829380,6
1181,50298,dscw80,0,0,0,0,0,0,0,0,0,0,0,0,0,0,0,0,0,0,1,1,2,5,6,6,6,6,6,0,5031706,6
1181,41187,dscw80,0,0,0,0,1,1,1,2,2,2,2,2,2,2,2,2,2,2,2,2,2,3,3,4,4,4,4,0,2675273,4
1181,44035,dscw80,0,0,0,0,0,0,0,0,1,1,1,1,1,1,2,2,2,2,2,2,2,4,5,5,6,8,8,0,8053215,8
1181,51174,dscw80,0,0,0,0,0,0,0,0,0,0,0,0,0,0,0,1,1,1,1,1,1,2,2,2,2,2,2,0,1660171,2
1181,52978,dscw80,0,0,0,0,0,0,0,0,0,0,0,0,0,1,1,1,1,1,2,2,2,2,2,2,3,3,3,0,2649811,3
1181,41409,dscw80,1,0,0,0,0,0,0,0,0,0,0,0,1,1,3,3,3,3,3,3,3,4,4,4,5,5,5,0,2472195,5
1181,51906,dscw80,0,0,0,0,0,0,0,0,1,1,1,1,1,1,1,1,1,1,1,1,1,1,2,3,5,5,5,0,5851646,5
1181,52590,dscw80,0,0,0,0,0,0,0,0,0,0,0,0,0,2,3,5,7,7,8,9,10,15,16,18,18,18,18,0,45614173,18
1173,45169,dscw80,0,0,0,0,0,0,0,0,0,0,1,3,4,4,6,8,11,11,11,12,14,18,20,22,22,23,23,1,56998550,24
1173,46626,dscw80,0,0,0,0,0,2,18,53,79,107,141,166,181,201,217,234,265,289,299,308,318,384,419,440,449,456,464,3,1352578684,467
1173,50298,dscw80,0,0,0,0,0,1,4,12,23,33,52,71,94,110,126,142,151,167,175,186,197,270,296,328,341,349,352,2,794836214,354
1181,51472,dscw80,0,0,0,0,0,0,0,0,0,0,0,1,1,1,1,1,1,1,1,1,1,1,1,1,1,1,1,0,259755,1
1173,44035,dscw80,0,0,0,0,1,8,30,62,118,186,261,351,418,481,531,581,638,671,713,746,777,969,1046,1126,1168,1189,1211,11,3297792649,1222
1181,53419,dscw80,0,1,38,123,244,510,801,1071,1296,1494,1641,1763,1857,1939,2015,2088,2142,2181,2221,2254,2291,2493,2590,2686,2714,2727,2748,10,6950957704,2758
1173,51174,dscw80,0,0,0,0,0,0,0,0,1,1,5,10,15,18,24,27,29,32,35,35,39,48,51,54,57,57,57,0,83819576,57
1173,52978,dscw80,0,0,0,0,3,39,84,151,212,274,342,435,529,618,702,773,816,866,912,943,982,1206,1306,1399,1463,1490,1534,18,3579808446,1552
1173,41409,dscw80,1,0,0,0,0,0,0,0,0,0,0,0,0,0,0,0,0,1,1,1,2,2,2,2,2,2,2,0,130504,2
1173,51906,dscw80,0,0,0,0,0,0,1,3,5,12,13,17,20,25,30,31,35,35,35,39,42,58,66,71,72,73,77,1,161193089,78
1173,52590,dscw80,0,0,0,0,4,16,27,31,36,41,44,49,50,54,59,63,68,71,72,74,75,83,88,91,93,95,97,0,219994748,97
1181,38220,dscw80,0,0,0,0,0,0,0,0,0,0,0,0,0,0,0,0,0,0,0,0,0,0,0,1,1,1,1,0,4724453,1
1181,52262,dscw80,1,0,0,0,0,0,0,0,0,0,1,1,1,1,1,1,1,1,1,1,1,1,1,1,1,1,1,0,196345,1
1173,51472,dscw80,0,0,0,0,0,0,0,0,0,0,0,0,0,0,0,0,0,0,0,0,0,0,0,0,1,1,1,0,4692775,1
1181,49579,dscw80,0,0,0,0,0,0,0,0,0,1,1,1,1,1,1,1,1,1,1,1,1,1,2,2,2,2,2,0,2568792,2
1173,44737,dscw80,0,0,0,0,0,0,2,2,5,12,13,18,18,23,28,30,30,36,40,41,43,61,61,66,70,70,71,0,213176915,71
1173,46548,dscw80,0,0,0,0,0,0,0,1,4,8,13,15,17,18,18,19,21,24,24,25,26,36,38,40,41,41,41,0,95578828,41
1173,50463,dscw80,1,0,0,0,0,0,0,0,1,1,1,1,2,4,4,4,4,4,4,4,4,4,4,4,4,4,4,0,2015153,4
1173,43302,dscw80,0,0,0,0,0,0,0,0,0,0,0,0,0,2,2,3,3,4,4,5,6,6,6,6,6,6,6,0,1332874,6
1181,49257,dscw80,1,0,0,0,0,1,2,2,2,2,2,2,2,2,2,2,2,2,2,2,2,2,2,2,2,2,2,0,260040,2
