client_metro,region,maprule,is_cache_hit,ttfb_le_5_ms,ttfb_le_10_ms,ttfb_le_15_ms,ttfb_le_20_ms,ttfb_le_25_ms,ttfb_le_30_ms,ttfb_le_35_ms,ttfb_le_40_ms,ttfb_le_45_ms,ttfb_le_50_ms,ttfb_le_55_ms,ttfb_le_60_ms,ttfb_le_65_ms,ttfb_le_70_ms,ttfb_le_75_ms,ttfb_le_80_ms,ttfb_le_85_ms,ttfb_le_90_ms,ttfb_le_95_ms,ttfb_le_100_ms,ttfb_le_150_ms,ttfb_le_200_ms,ttfb_le_300_ms,ttfb_le_400_ms,ttfb_le_500_ms,ttfb_le_1000_ms,ttfb_gt_1000_ms,bytes_sent,requests
1173,41409,dscw80,0,0,0,0,0,0,0,0,0,0,3,4,6,9,9,10,13,14,15,15,15,16,20,20,20,21,21,0,76611153,21
1173,46626,dscw80,0,0,0,0,0,0,3,8,21,31,41,60,71,78,88,96,101,109,114,117,123,151,164,173,178,182,185,0,540249719,185
1181,52626,dscw80,0,0,0,0,0,0,0,0,0,0,0,0,0,0,0,0,0,0,0,0,0,0,0,0,0,0,0,1,257563,1
1173,47698,dscw80,0,0,0,0,0,0,0,0,0,0,0,0,0,0,0,0,0,0,0,0,0,0,0,1,1,1,1,0,257682,1
1181,44035,dscw80,0,0,0,0,0,0,0,0,0,0,0,0,0,1,1,1,2,2,2,2,2,4,4,4,6,6,6,0,1437127,6
1181,48590,dscw80,1,0,1,1,2,3,3,3,5,6,6,6,6,6,6,6,6,6,7,8,8,9,9,9,9,9,9,0,11319070,9
1173,52590,dscw80,0,0,0,0,3,9,15,18,20,26,35,38,39,43,44,48,51,54,55,57,59,69,71,76,77,77,79,0,194641665,79
1173,51906,dscw80,1,0,0,0,0,0,1,13,21,25,33,38,40,42,43,43,44,44,45,46,47,59,62,66,66,67,67,0,138306137,67
1181,52978,dscw80,0,0,0,0,1,1,1,1,1,1,1,1,1,1,1,1,1,1,1,1,1,1,2,3,3,3,3,0,2501879,3
1173,45169,dscw80,0,0,0,0,0,0,0,0,0,0,0,1,1,2,2,2,2,2,2,3,3,5,6,8,8,8,8,0,26982824,8
1173,46548,dscw80,1,0,0,0,0,1,2,2,4,4,4,4,5,5,5,5,5,5,5,5,5,6,7,8,8,8,8,0,2531656,8
1173,50463,dscw80,1,0,0,0,0,0,0,0,0,0,0,0,2,2,2,2,2,2,2,2,2,2,2,2,2,2,2,0,516933,2
1181,51174,dscw80,1,0,0,0,0,0,0,0,0,0,0,0,0,0,1,1,1,1,1,1,1,1,1,1,1,1,1,0,1510888,1
1181,41409,dscw80,1,0,0,0,0,0,0,0,0,0,0,1,1,1,2,2,4,4,4,4,4,4,4,4,4,4,4,0,3485063,4
1181,50298,dscw80,0,0,0,0,0,0,0,0,0,1,1,1,1,1,1,1,1,1,1,1,1,1,1,1,1,1,1,0,2481,1
1173,44080,dscw80,1,0,0,0,0,0,0,0,0,0,0,0,0,0,0,0,0,1,1,1,1,1,1,1,1,1,1,0,2012868,1
1181,46626,dscw80,1,0,0,0,0,0,0,0,0,0,0,0,0,0,0,0,0,0,0,0,0,1,1,1,2,2,2,0,22904804,2
1181,51472,dscw80,1,0,0,0,0,0,0,0,0,0,0,0,0,0,1,1,1,1,1,1,1,1,1,1,1,1,1,0,227064,1
1181,49257,dscw80,1,0,0,2,2,2,2,2,2,2,2,2,2,2,2,2,2,2,2,2,2,2,2,2,2,2,2,0,514944,2
1173,49429,dscw80,1,0,0,0,0,0,0,0,0,2,4,4,4,4,4,4,4,4,4,4,4,6,6,6,6,6,6,0,16822514,6
1181,42863,dscw80,0,0,0,0,0,0,0,0,0,0,1,1,1,2,2,2,2,2,2,2,2,2,2,2,2,2,2,0,12335317,2
1181,49158,dscw80,0,7,22,52,102,154,220,284,341,415,468,523,563,600,633,656,674,693,710,721,736,841,895,936,948,954,957,3,2577271680,960
1181,53188,dscw80,0,0,0,0,0,0,1,1,5,5,7,7,8,9,12,14,16,20,25,28,31,51,64,85,88,93,100,8,160004853,108
1181,39888,dscw80,0,0,0,0,0,1,1,1,1,2,2,2,2,2,2,2,2,2,2,2,2,2,2,2,2,2,2,0,3164854,2
1181,49634,dscw80,0,0,0,3,11,18,22,25,29,35,36,39,40,41,41,42,42,42,43,44,45,48,50,51,51,51,51,0,135810849,51
1181,52262,dscw80,0,0,0,0,0,1,2,3,5,7,7,7,9,11,12,13,13,13,14,14,14,23,23,26,27,27,27,1,55769825,28
1173,39272,dscw80,0,0,0,0,0,0,0,0,0,0,0,0,0,0,0,0,0,0,0,0,0,0,0,1,1,1,1,0,257811,1
1181,49579,dscw80,0,0,0,0,0,0,0,0,0,0,0,0,0,0,0,0,0,0,0,0,0,1,1,1,3,3,3,0,425402,3
1181,50566,dscw80,0,0,0,0,0,0,0,0,0,0,1,1,1,1,1,1,1,1,1,1,1,1,1,1,1,1,1,0,129324,1
1173,44035,dscw80,0,0,0,0,1,7,31,84,158,250,342,443,533,629,717,788,865,933,995,1058,1105,1500,1691,1863,1961,1995,2037,15,5236129056,2052
1173,44636,dscw80,1,0,0,0,0,0,0,0,0,0,0,0,0,0,0,0,0,0,0,0,0,1,1,1,1,1,1,0,128346,1
1181,37241,dscw80,0,0,0,0,0,0,0,0,0,0,0,0,0,0,0,0,0,0,0,0,0,0,0,0,0,0,0,2,765,2
1173,49440,dscw80,1,0,0,0,0,0,2,7,10,14,20,25,28,33,39,43,50,53,56,57,58,73,78,81,83,84,85,0,129647521,85
1173,52978,dscw80,0,0,0,0,0,2,3,13,24,29,33,41,58,64,70,78,82,90,96,102,106,141,153,166,169,170,179,2,388506537,181
1173,51174,dscw80,1,0,0,0,0,0,0,0,0,0,0,0,1,3,8,10,10,10,11,12,12,13,13,14,14,14,14,0,7079828,14
1173,41409,dscw80,1,0,0,0,0,0,0,0,0,0,0,0,0,0,0,0,0,0,0,0,0,1,2,2,2,2,2,0,14598480,2
1173,50298,dscw80,0,0,0,0,0,0,0,0,0,0,0,3,3,3,3,4,4,4,4,4,4,4,4,4,4,4,4,0,6194819,4
1181,51906,dscw80,0,0,0,0,0,0,0,0,0,0,0,0,0,0,0,0,0,0,0,0,0,0,0,1,2,2,2,0,12089380,2
1181,52559,dscw80,0,0,0,0,0,0,0,0,0,0,0,0,0,0,0,0,0,0,0,0,0,2,2,2,2,2,2,0,7114052,2
1173,46626,dscw80,1,0,0,0,0,2,10,16,20,22,24,25,27,30,31,33,36,37,37,38,38,42,43,45,45,45,46,0,67794179,46
1173,44737,dscw80,0,0,0,0,0,0,0,1,3,3,7,7,10,12,14,17,19,20,23,24,24,33,39,41,44,45,46,0,97634371,46
1181,38220,dscw80,0,0,0,0,1,2,2,2,2,2,2,2,2,3,4,4,4,4,5,5,5,5,6,6,6,6,6,0,5147209,6
1181,44035,dscw80,1,0,0,0,0,0,0,0,0,0,0,0,0,0,0,0,0,1,1,2,2,2,2,2,2,2,2,0,35300,2
1181,53419,dscw80,0,6,10,14,20,28,43,54,65,70,71,79,86,90,93,94,97,98,99,102,102,116,119,123,124,124,127,0,272311546,127
1173,42863,dscw80,0,0,0,0,0,0,0,0,0,0,0,0,0,0,0,0,0,1,1,1,1,1,1,1,1,1,1,0,257581,1
1173,49158,dscw80,0,0,0,0,0,0,0,0,0,0,0,0,0,0,0,2,3,4,4,4,6,7,8,8,8,8,8,0,27051028,8
1173,53188,dscw80,0,0,0,0,0,0,0,0,0,0,0,0,0,0,0,0,0,0,0,0,1,1,1,1,1,1,1,0,1159192,1
1181,50463,dscw80,0,0,0,0,0,0,1,1,1,1,1,2,2,2,2,2,2,2,2,2,2,2,2,2,2,3,3,0,17317837,3
1173,44738,dscw80,0,0,0,0,0,0,0,0,0,0,0,0,0,0,0,0,0,0,1,1,1,1,1,1,2,2,2,0,515044,2
1173,49634,dscw80,0,0,0,0,0,0,0,0,0,0,1,3,4,6,7,8,10,11,14,16,16,20,21,21,21,22,22,0,45540033,22
1173,52590,dscw80,1,0,0,0,1,2,4,6,7,9,9,9,9,9,10,10,10,10,10,10,11,12,12,12,12,12,12,0,22711209,12
1181,41984,dscw80,0,0,0,0,0,0,0,0,0,0,0,0,0,0,0,0,1,1,1,1,1,3,3,3,3,3,3,0,2063074,3
1181,50061,dscw80,0,0,0,0,0,0,0,0,0,0,0,0,0,0,0,1,1,1,1,1,1,2,2,2,2,2,2,0,25593633,2
1173,47853,dscw80,0,0,0,0,0,0,0,0,0,0,0,0,0,0,0,3,5,8,13,15,15,29,32,36,40,40,40,1,170775628,41
1173,49579,dscw80,0,0,0,0,0,0,0,0,0,0,0,1,1,1,1,1,1,1,1,1,1,1,1,1,1,1,1,0,131637,1
1181,44080,dscw80,0,0,0,0,0,0,0,0,0,0,0,0,0,0,0,0,1,2,2,2,2,2,2,2,2,2,2,0,16542010,2
1173,45169,dscw80,1,0,0,0,0,0,0,0,0,0,0,0,0,0,0,0,0,0,0,0,0,0,1,1,1,1,1,0,257958,1
1173,46091,dscw80,0,0,0,0,0,0,0,0,0,0,0,0,0,0,0,0,0,0,0,0,0,1,1,1,1,1,1,0,257364,1
1173,43302,dscw80,0,0,0,0,0,0,0,0,0,0,1,2,2,2,2,2,2,2,2,2,2,2,2,4,4,4,4,0,1408732,4
1181,49158,dscw80,1,5,13,32,60,84,116,158,207,240,273,289,304,316,324,332,337,347,354,361,365,376,381,384,387,387,389,1,797120136,390
1181,53188,dscw80,1,0,0,0,0,0,0,0,0,0,0,0,0,1,1,1,2,3,3,3,3,4,6,11,12,13,16,7,5365062,23
1181,39888,dscw80,1,0,0,0,0,0,0,1,1,1,1,1,1,1,1,1,1,1,1,1,1,1,1,1,1,1,1,0,257866,1
1181,48590,dscw80,0,0,2,4,8,13,20,23,30,34,39,42,47,52,53,57,60,60,64,65,65,71,75,80,81,82,84,1,184814559,85
1181,49634,dscw80,1,0,0,2,2,4,5,5,5,5,5,6,6,6,6,6,6,6,7,7,7,10,10,10,10,10,10,0,14546201,10
1181,52262,dscw80,1,0,1,1,1,1,1,1,2,2,3,3,3,3,3,3,3,4,5,5,5,6,6,7,7,7,7,1,6598314,8
1173,51906,dscw80,0,0,0,0,0,0,3,10,18,28,37,42,48,56,64,70,75,85,87,98,103,133,143,154,165,167,174,0,485171981,174
1181,49440,dscw80,0,0,0,0,0,1,1,1,1,1,1,1,1,1,1,1,1,2,2,2,2,2,2,2,2,2,2,0,3140594,2
1173,46321,dscw80,0,0,0,0,0,0,0,0,0,0,0,0,0,1,1,1,2,2,2,2,3,3,3,3,3,3,3,0,343615,3
1173,44035,dscw80,1,0,0,0,9,26,76,127,181,215,248,271,298,315,334,352,365,377,386,395,406,443,456,469,471,472,472,0,648535360,472
1173,53419,dscw80,0,0,0,0,0,0,0,0,0,0,0,0,0,0,0,0,0,0,0,0,0,1,2,2,2,2,2,0,3060065,2
1173,46548,dscw80,0,0,0,0,0,0,2,5,9,11,15,16,16,17,21,22,24,25,27,28,31,46,52,60,62,62,63,1,120725633,64
1173,50463,dscw80,0,0,0,0,0,0,0,0,0,0,0,0,0,2,3,3,4,4,4,4,5,5,5,6,6,6,6,0,16599424,6
1181,51174,dscw80,0,0,0,0,0,0,0,0,0,1,2,3,4,5,6,6,6,6,7,7,7,10,10,10,10,10,10,0,5999563,10
1173,52978,dscw80,1,0,0,0,0,0,0,2,6,8,9,10,11,13,13,17,18,18,18,21,21,21,23,24,28,28,30,2,90984917,32
1181,41409,dscw80,0,0,0,0,0,0,0,0,0,0,0,0,0,0,1,2,3,3,3,3,3,5,6,7,7,8,8,0,7675082,8
1173,44080,dscw80,0,0,0,0,0,0,0,0,0,0,0,0,0,0,0,0,0,0,0,0,0,0,0,1,1,1,1,0,129310,1
1181,51472,dscw80,0,0,0,0,0,0,0,1,4,4,5,5,5,5,5,5,5,5,5,5,5,6,6,6,6,6,6,0,20695025,6
1181,49257,dscw80,0,0,0,0,1,1,1,1,1,2,3,3,4,4,5,6,6,6,6,6,7,7,8,9,9,9,9,0,24082205,9
1173,49429,dscw80,0,0,0,0,0,0,0,0,1,4,4,6,11,15,17,17,18,19,22,23,23,28,31,36,37,37,38,0,115889432,38
1181,41187,dscw80,0,0,0,0,0,0,0,1,1,1,2,2,2,2,3,3,3,3,3,3,3,4,4,5,5,5,5,0,9284545,5
1181,41118,dscw80,0,0,0,0,0,0,0,0,0,0,0,0,1,1,1,1,1,1,1,1,1,2,2,2,2,2,2,0,4477,2
1181,52590,dscw80,0,0,0,0,0,0,0,0,0,0,0,1,1,1,4,5,6,7,7,8,8,9,9,10,10,10,12,0,5896288,12
1173,43663,dscw80,0,0,0,0,0,0,0,0,0,1,1,2,6,6,6,6,7,7,7,8,8,10,11,11,11,11,11,0,42178063,11
1181,51906,dscw80,1,0,0,0,0,0,0,0,0,0,1,1,1,1,1,1,1,1,1,1,1,1,1,1,1,1,1,0,8177,1
1173,44737,dscw80,1,0,0,0,0,0,0,0,1,2,2,2,3,3,3,3,4,4,4,4,5,5,5,5,5,5,5,0,21026939,5
1181,53419,dscw80,1,2,3,3,9,10,10,12,13,13,13,14,14,15,15,15,15,15,16,16,16,17,18,18,18,18,18,0,15647058,18
1173,44636,dscw80,0,0,0,0,0,0,0,0,0,0,0,0,0,0,0,0,0,0,1,1,1,1,1,1,1,1,1,0,162215,1
1173,48590,dscw80,0,0,0,0,0,0,0,0,0,0,0,0,0,0,0,0,0,0,0,2,2,3,3,3,3,3,3,0,3007870,3
1173,49634,dscw80,1,0,0,0,0,0,0,0,0,1,1,1,1,1,2,2,2,2,2,2,2,2,2,2,2,2,2,0,515285,2
1173,49440,dscw80,0,0,0,0,0,0,2,6,8,13,17,25,38,49,61,70,79,87,93,101,108,156,172,194,201,203,210,1,489515160,211
1173,47853,dscw80,1,0,0,0,0,0,0,0,0,0,0,1,2,2,5,5,6,7,8,8,9,11,11,11,11,11,11,1,26257592,12
1173,51174,dscw80,0,0,0,0,0,0,0,0,0,1,1,1,3,6,17,22,25,31,33,34,36,47,50,56,58,59,63,0,193002710,63
