client_metro,region,maprule,is_cache_hit,ttfb_le_5_ms,ttfb_le_10_ms,ttfb_le_15_ms,ttfb_le_20_ms,ttfb_le_25_ms,ttfb_le_30_ms,ttfb_le_35_ms,ttfb_le_40_ms,ttfb_le_45_ms,ttfb_le_50_ms,ttfb_le_55_ms,ttfb_le_60_ms,ttfb_le_65_ms,ttfb_le_70_ms,ttfb_le_75_ms,ttfb_le_80_ms,ttfb_le_85_ms,ttfb_le_90_ms,ttfb_le_95_ms,ttfb_le_100_ms,ttfb_le_150_ms,ttfb_le_200_ms,ttfb_le_300_ms,ttfb_le_400_ms,ttfb_le_500_ms,ttfb_le_1000_ms,ttfb_gt_1000_ms,bytes_sent,requests
1181,38580,dscw80,1,0,0,0,0,0,1,1,1,1,1,1,1,1,1,1,1,1,1,1,1,1,1,1,1,1,1,0,2284,1
1173,47555,dscw80,0,0,0,0,0,0,0,0,0,0,0,0,0,1,2,2,3,3,4,4,4,7,7,8,9,9,10,0,29217529,10
1181,51174,dscw80,0,0,0,0,0,0,0,0,0,0,0,0,0,0,0,0,0,0,0,0,0,1,1,2,2,2,2,0,2026127,2
1173,42863,dscw80,1,0,0,0,0,0,0,0,1,2,5,5,5,5,5,5,5,7,8,8,8,10,10,10,10,11,11,0,1707905,11
1181,52590,dscw80,0,0,0,0,0,0,0,0,1,1,3,5,5,6,6,6,7,7,7,8,8,10,12,13,13,14,14,0,20271411,14
1173,46091,dscw80,0,0,0,0,0,0,0,0,0,0,0,0,0,0,0,0,0,0,0,1,1,2,6,7,7,8,8,1,16758438,9
1173,46548,dscw80,1,0,0,0,0,0,0,0,0,1,2,2,2,2,2,2,2,2,2,2,2,2,2,2,2,2,2,0,3818884,2
1173,44912,dscw80,1,0,0,0,3,8,17,26,34,40,47,53,54,57,61,64,67,70,72,72,73,77,77,79,81,81,81,0,133091125,81
1173,46626,dscw80,1,0,0,0,0,2,9,21,36,51,79,94,107,127,142,153,164,174,183,185,188,218,230,238,240,240,241,2,378613804,243
1181,49579,dscw80,0,0,0,0,0,0,0,0,0,0,0,0,0,0,0,0,0,0,0,0,0,0,0,0,0,0,1,0,13814779,1
1181,44738,dscw80,0,0,0,0,0,0,0,0,0,0,0,0,0,0,0,0,0,0,0,0,0,1,1,1,1,1,1,0,2587545,1
1181,49634,dscw80,0,0,0,0,0,0,3,5,6,7,8,8,9,11,12,14,15,16,16,16,17,22,25,28,30,30,30,0,50405228,30
1173,49440,dscw80,0,0,0,0,0,0,0,0,1,1,5,13,22,32,45,60,70,81,90,101,111,171,187,212,221,230,235,3,651355979,238
1181,44035,dscw80,0,0,0,0,0,0,0,0,0,0,0,0,0,0,0,0,0,0,0,0,1,1,1,1,1,1,1,0,258753,1
1181,44636,dscw80,0,0,0,0,0,0,0,0,0,0,0,0,0,0,0,0,0,0,0,0,0,2,2,2,2,2,2,0,4773108,2
1181,50061,dscw80,0,0,0,0,0,0,0,0,0,0,0,0,0,1,1,1,1,1,1,1,1,1,1,1,1,1,1,0,127942,1
1181,38580,dscw80,0,0,0,0,0,0,0,0,2,2,2,2,3,4,6,7,7,7,7,7,8,8,9,9,9,9,9,0,66247940,9
1173,45169,dscw80,1,0,0,0,0,0,0,0,0,0,1,1,1,2,2,2,2,2,2,2,2,3,3,3,3,3,3,0,4257010,3
1173,48590,dscw80,0,0,0,0,0,0,0,0,0,0,0,1,2,2,2,2,2,2,2,2,2,2,2,2,2,2,2,0,3458534,2
1173,43302,dscw80,1,0,0,0,0,0,0,0,1,2,2,2,2,2,2,2,2,2,2,2,2,2,2,2,2,2,2,0,256957,2
1173,45004,dscw80,0,0,0,0,0,0,0,0,0,0,0,0,0,0,0,0,0,0,0,0,0,0,0,0,0,1,6,1,2386755,7
1173,42863,dscw80,0,0,0,0,0,0,0,0,0,1,1,4,6,10,11,12,16,20,23,25,28,40,43,52,53,54,54,0,162637125,54
1173,46548,dscw80,0,0,0,0,0,0,0,0,2,2,2,3,4,4,4,7,8,9,10,11,12,17,17,22,27,29,38,3,55541176,41
1173,50463,dscw80,1,0,0,0,0,0,1,4,4,6,8,10,12,12,14,15,17,20,20,20,20,24,26,28,30,30,31,0,43873447,31
1173,44912,dscw80,0,0,0,0,0,1,14,41,66,98,130,164,189,211,243,269,291,315,332,350,361,471,514,549,571,578,588,16,1547009027,604
1173,46626,dscw80,0,0,0,0,0,0,2,6,19,65,112,171,216,265,308,352,397,439,494,546,592,840,937,1020,1046,1060,1070,2,2707187350,1072
1181,49440,dscw80,1,0,0,0,0,0,0,0,0,0,0,0,1,1,1,1,1,1,1,1,1,1,1,2,2,2,2,0,10688157,2
1181,37241,dscw80,1,3,5,5,5,5,5,5,5,5,5,5,5,5,5,5,5,5,5,5,5,6,7,7,7,7,7,0,988350,7
1181,48590,dscw80,1,0,0,0,0,1,1,2,3,5,5,5,5,5,6,6,6,6,6,6,6,6,6,6,6,6,6,0,1766954,6
1173,52262,dscw80,0,0,0,0,0,0,0,0,0,0,0,0,0,0,0,0,0,0,0,1,1,1,3,3,3,3,3,0,5417889,3
1181,40557,dscw80,0,0,0,0,0,0,0,0,0,0,0,0,0,0,0,0,2,2,2,2,2,2,2,2,2,2,2,0,6148687,2
1173,47698,dscw80,0,0,0,0,0,0,0,0,0,0,0,1,2,2,2,3,3,3,3,3,3,3,3,3,3,3,3,0,2173736,3
1173,45169,dscw80,0,0,0,0,0,0,0,0,0,0,0,1,2,2,2,3,3,3,3,4,5,6,6,6,7,7,7,0,24387301,7
1173,47542,dscw80,1,0,0,0,0,0,0,0,0,0,0,0,0,0,0,0,0,0,0,0,0,1,1,1,1,1,1,0,43261,1
1181,49257,dscw80,1,0,0,0,0,1,1,1,2,3,3,3,3,3,3,3,3,3,3,3,3,4,4,4,5,5,5,0,978869,5
1173,43302,dscw80,0,0,0,0,0,0,0,0,0,0,0,0,2,2,3,3,3,3,3,3,5,9,9,10,10,10,10,0,57449965,10
1173,52978,dscw80,1,0,0,0,0,2,10,15,24,31,37,45,61,67,74,83,91,100,107,111,118,139,148,153,156,156,159,1,186307871,160
1181,53188,dscw80,1,0,0,1,1,1,1,1,1,1,1,1,1,1,1,1,1,1,1,2,2,2,3,3,3,3,4,0,512296,4
1173,49158,dscw80,1,0,0,0,0,0,0,0,0,0,0,0,0,0,0,1,1,1,1,1,1,1,1,1,1,1,1,0,32957,1
1173,50566,dscw80,0,0,0,0,0,0,0,0,0,0,0,0,0,0,0,0,0,0,0,0,0,1,1,1,1,1,1,0,6025758,1
1173,50463,dscw80,0,0,0,0,0,1,5,19,45,73,95,115,132,149,166,185,203,220,235,250,267,358,388,418,438,445,451,5,1167827453,456
1173,51906,dscw80,1,0,0,0,1,1,1,2,4,6,7,9,9,11,14,16,16,16,17,17,18,21,22,24,25,25,26,0,38006345,26
1181,49440,dscw80,0,0,0,0,0,0,0,0,0,0,1,1,1,1,1,1,1,1,1,1,1,2,3,5,5,5,5,0,4531808,5
1173,41409,dscw80,1,0,0,0,0,0,0,0,0,0,0,0,1,1,2,2,2,2,2,2,2,2,2,2,2,2,2,0,260225,2
1181,37241,dscw80,0,1,10,12,12,12,15,17,21,25,25,28,28,29,30,31,32,33,34,34,34,39,40,45,46,46,46,1,74266798,47
1181,45169,dscw80,1,0,0,0,0,0,0,0,0,0,0,0,0,0,0,0,0,1,1,1,1,1,1,1,1,1,1,0,257844,1
1181,48590,dscw80,0,0,0,3,5,10,12,19,20,21,22,22,23,23,25,27,27,29,31,35,35,42,50,53,55,55,57,0,123049925,57
1173,47733,dscw80,1,0,0,0,0,0,0,0,0,0,0,0,1,1,1,1,1,1,1,1,1,2,2,2,2,2,2,0,4638410,2
1173,51174,dscw80,1,0,0,0,0,0,0,0,0,0,1,3,3,3,3,3,3,3,3,3,3,3,3,3,3,3,3,0,6989,3
1181,42863,dscw80,0,0,0,0,0,0,0,0,0,0,0,0,0,0,0,0,0,0,0,0,0,1,1,1,1,1,1,0,2190029,1
1173,41187,dscw80,0,0,0,0,0,0,0,1,1,1,3,3,3,3,3,3,3,3,3,3,3,3,3,3,3,3,3,0,10950527,3
1173,43663,dscw80,1,0,0,0,0,0,0,0,0,1,1,1,1,1,1,1,1,1,1,1,1,1,1,1,2,2,2,0,20409033,2
1173,47542,dscw80,0,0,0,0,0,0,0,0,0,0,0,0,0,0,0,0,0,0,0,0,0,0,0,1,1,1,2,0,3739087,2
1173,52590,dscw80,1,0,0,0,13,32,51,65,74,93,105,114,122,128,132,138,143,147,151,151,154,171,173,178,182,182,188,1,322229872,189
1181,46626,dscw80,0,0,0,0,0,0,0,0,0,0,0,0,1,1,2,2,2,2,2,2,2,2,2,2,2,2,2,0,88626,2
1181,49257,dscw80,0,0,0,0,1,1,1,2,3,5,6,9,11,13,13,13,13,15,15,15,15,19,20,22,22,23,23,0,45467807,23
1173,49054,dscw80,1,0,0,0,0,0,0,0,0,0,0,1,1,1,1,1,1,1,1,1,1,1,1,1,1,1,1,0,257594,1
1173,52978,dscw80,0,0,0,0,0,5,20,49,88,121,176,214,274,326,383,438,480,525,586,635,679,974,1117,1245,1318,1363,1419,30,3254183452,1449
1181,53188,dscw80,0,0,3,3,3,3,3,3,3,3,3,3,4,4,6,6,6,6,6,7,8,10,10,11,13,13,13,0,22939595,13
1173,49158,dscw80,0,0,0,0,0,0,0,0,0,0,0,0,0,0,0,1,1,1,1,2,2,2,2,2,2,2,2,0,898768,2
1173,49579,dscw80,1,0,0,0,0,0,0,0,0,0,0,0,0,0,0,1,1,1,1,1,1,1,1,1,1,1,1,0,128690,1
1173,53419,dscw80,0,0,0,0,0,0,0,0,0,0,0,0,0,0,0,0,0,1,2,2,3,7,7,7,7,7,8,0,2098904,8
1173,44738,dscw80,1,0,0,0,0,0,0,0,1,1,5,6,7,9,10,12,13,14,14,15,15,17,18,21,21,21,21,0,42460149,21
1173,49634,dscw80,1,0,0,0,0,0,0,0,0,0,0,0,0,1,1,1,1,1,1,1,1,1,1,1,1,1,1,0,1834,1
1181,52262,dscw80,0,0,0,0,0,0,1,1,2,2,3,3,3,3,3,3,3,3,3,3,3,6,6,6,6,6,6,0,8276131,6
1173,49110,dscw80,1,0,0,0,0,0,0,0,0,0,0,0,0,0,0,0,0,0,0,1,1,1,1,2,2,2,2,0,385971,2
1173,51906,dscw80,0,0,0,0,0,0,0,0,1,3,4,11,16,16,24,25,32,38,40,45,48,76,100,140,161,178,195,3,497652015,198
1173,41409,dscw80,0,0,0,0,0,0,0,0,0,0,1,3,3,4,6,9,10,11,11,11,12,13,17,17,17,17,17,0,66497067,17
1173,44035,dscw80,1,0,0,1,8,17,42,80,111,133,150,172,193,205,223,232,241,249,259,266,271,308,319,331,333,334,337,3,380197977,340
1181,45169,dscw80,0,0,0,0,0,0,0,0,0,0,0,0,0,1,1,2,2,3,4,4,4,5,6,6,7,7,8,0,9549882,8
1173,47733,dscw80,0,0,0,0,0,0,0,0,0,0,0,0,1,2,4,4,4,4,5,5,5,8,8,8,8,8,8,0,30460320,8
1173,51174,dscw80,0,0,0,0,0,0,0,0,0,0,0,0,0,1,2,4,6,8,8,8,8,10,11,12,14,14,14,0,51977860,14
1173,44737,dscw80,1,0,0,0,0,1,2,2,4,4,4,5,8,9,12,12,13,14,14,15,17,21,22,23,23,23,23,0,25806989,23
1181,49158,dscw80,1,0,2,8,16,34,56,89,107,122,137,147,158,167,174,179,183,185,188,191,193,210,212,217,220,220,220,0,309078885,220
1181,50566,dscw80,0,0,0,0,0,0,1,1,1,1,1,1,1,1,2,2,2,2,2,2,2,2,2,2,2,2,2,0,260580,2
1181,50463,dscw80,0,0,0,0,0,0,0,0,0,0,0,0,0,0,1,1,1,1,1,1,1,1,1,1,1,1,1,0,64160,1
1173,43663,dscw80,0,0,0,0,0,0,1,2,3,7,8,12,16,17,17,19,20,22,23,23,23,27,32,33,34,35,35,0,135756058,35
1173,52590,dscw80,0,0,0,0,6,45,83,128,187,248,303,344,392,438,463,485,509,532,556,574,594,705,762,801,826,834,848,10,2221310921,858
1181,51472,dscw80,1,0,0,0,0,0,0,0,1,1,1,1,1,1,1,1,2,2,2,2,2,2,2,2,2,2,2,0,9490972,2
1181,51906,dscw80,1,0,0,0,0,0,0,0,0,0,0,0,0,0,0,1,1,1,1,2,2,3,3,4,4,4,5,0,3385377,5
1173,49054,dscw80,0,0,0,0,0,0,0,0,0,0,0,0,0,1,4,5,9,10,12,14,14,21,24,27,27,27,28,0,69071824,28
1181,41409,dscw80,1,0,0,0,0,0,0,0,0,0,0,0,0,1,1,1,1,1,1,1,1,1,1,1,1,1,1,0,128724,1
1173,49579,dscw80,0,0,0,0,0,0,0,0,0,0,0,0,0,0,1,1,1,1,2,2,2,2,2,2,3,3,3,0,429597,3
1173,44738,dscw80,0,0,0,0,0,0,0,0,1,1,3,4,10,20,26,33,44,54,60,67,71,102,123,149,150,153,158,1,489189583,159
1173,47555,dscw80,1,0,0,0,0,0,0,0,0,0,0,0,0,0,0,0,0,1,1,1,1,1,1,1,1,1,1,0,19361,1
1173,49634,dscw80,0,0,0,0,0,0,0,0,1,1,1,1,1,1,2,3,5,5,5,5,5,8,8,8,8,8,8,0,50632707,8
1181,52559,dscw80,0,0,0,0,0,0,0,0,0,0,0,0,0,0,0,0,0,0,0,1,1,1,1,1,1,1,1,0,4258707,1
1173,49110,dscw80,0,0,0,0,0,0,0,0,0,1,2,4,7,7,8,9,11,15,17,21,21,40,46,48,49,49,49,0,103166789,49
1173,49429,dscw80,0,0,0,0,0,0,0,0,0,0,0,0,0,1,1,2,3,3,3,3,4,5,7,9,9,9,10,0,12314327,10
1181,41187,dscw80,0,0,1,1,2,3,4,4,4,6,6,6,6,6,6,6,6,6,7,7,7,9,9,9,9,9,9,0,23420062,9
1173,44035,dscw80,0,0,0,0,0,3,25,52,97,149,191,251,295,342,392,421,473,502,543,574,603,800,877,965,1016,1041,1072,10,2749664515,1082
1181,52590,dscw80,1,0,0,0,0,0,0,0,0,0,0,0,0,0,0,0,0,0,0,0,0,2,2,2,2,2,2,0,259949,2
1173,38580,dscw80,0,0,0,0,0,0,0,0,0,0,0,0,0,0,0,0,0,1,1,1,1,1,1,1,1,1,1,0,166686,1
1173,46091,dscw80,1,0,0,0,0,0,0,0,0,0,0,0,0,0,0,0,0,0,0,1,1,1,1,1,1,1,1,0,1195234,1
1181,52978,dscw80,0,0,0,0,0,0,0,0,0,0,0,0,0,0,0,0,1,1,1,1,2,5,6,8,8,8,8,1,9759823,9
1173,44737,dscw80,0,0,0,0,0,0,1,10,17,23,32,36,50,59,75,86,101,108,117,123,137,185,212,225,232,236,240,1,573123246,241
1181,49158,dscw80,0,4,8,15,32,52,83,133,194,241,291,325,352,382,400,422,441,458,475,489,498,571,604,641,656,663,679,0,1546173767,679
1181,42619,dscw80,0,0,0,0,0,0,0,0,0,0,0,0,0,0,0,0,0,0,0,1,1,1,1,1,1,1,1,0,2406285,1
1181,49634,dscw80,1,0,0,0,1,1,2,3,4,5,5,5,5,5,7,7,7,8,8,8,8,8,10,10,10,10,10,0,11236504,10
1181,51472,dscw80,0,0,0,0,0,1,1,2,2,4,6,6,6,6,7,7,7,7,7,7,7,8,10,12,13,13,13,0,27091858,13
1181,51906,dscw80,0,0,0,0,0,0,0,0,0,0,0,0,0,0,0,3,4,4,6,6,6,15,17,20,22,23,25,4,17361091,29
1173,49440,dscw80,1,0,0,0,0,0,1,1,1,2,8,13,16,20,26,29,32,33,37,40,42,52,56,58,61,63,65,1,59453209,66
1181,41409,dscw80,0,0,0,0,1,2,2,2,5,5,7,7,7,7,7,7,8,8,9,9,9,11,12,13,14,14,14,0,19616029,14
1181,44035,dscw80,1,0,0,0,0,0,0,0,0,0,1,1,1,1,1,1,1,1,1,1,1,1,1,1,1,1,1,0,1292998,1
1181,44636,dscw80,1,0,0,0,0,0,0,0,1,1,1,1,1,1,1,1,1,2,2,2,2,2,2,2,2,2,2,0,4310814,2
