client_metro,region,maprule,is_cache_hit,ttfb_le_5_ms,ttfb_le_10_ms,ttfb_le_15_ms,ttfb_le_20_ms,ttfb_le_25_ms,ttfb_le_30_ms,ttfb_le_35_ms,ttfb_le_40_ms,ttfb_le_45_ms,ttfb_le_50_ms,ttfb_le_55_ms,ttfb_le_60_ms,ttfb_le_65_ms,ttfb_le_70_ms,ttfb_le_75_ms,ttfb_le_80_ms,ttfb_le_85_ms,ttfb_le_90_ms,ttfb_le_95_ms,ttfb_le_100_ms,ttfb_le_150_ms,ttfb_le_200_ms,ttfb_le_300_ms,ttfb_le_400_ms,ttfb_le_500_ms,ttfb_le_1000_ms,ttfb_gt_1000_ms,bytes_sent,requests
1173,41409,dscw80,0,0,0,0,0,0,0,0,0,0,0,0,1,1,1,2,2,2,4,4,5,7,10,11,11,11,11,1,28796457,12
1173,46626,dscw80,0,0,0,0,0,0,3,16,22,39,51,68,91,112,136,162,198,231,254,274,292,456,515,578,604,617,627,3,1646029320,630
1173,49579,dscw80,0,0,0,0,0,0,0,0,0,0,0,0,0,0,0,0,0,0,1,1,2,2,2,2,2,2,2,0,5602916,2
1173,51472,dscw80,0,0,0,0,0,0,0,0,0,0,0,0,0,0,0,0,0,0,0,0,0,0,0,0,1,1,1,0,7686,1
1181,41408,dscw80,0,0,0,0,0,0,0,2,3,3,4,4,4,4,4,4,4,4,5,5,5,6,6,6,6,6,6,0,29901070,6
1173,45169,dscw80,1,0,0,0,0,0,0,0,0,1,1,1,1,1,1,1,3,5,5,5,5,5,7,7,7,7,7,0,5925010,7
1181,48590,dscw80,1,0,6,8,9,10,14,14,15,15,15,15,17,17,17,17,17,17,17,17,17,18,19,19,19,19,19,0,13921283,19
1173,52590,dscw80,0,0,0,0,17,100,236,353,477,605,724,826,900,978,1052,1110,1172,1228,1268,1304,1325,1485,1573,1656,1706,1727,1752,5,4636264491,1757
1173,37507,dscw80,0,0,0,0,0,0,0,0,0,0,0,0,1,1,1,1,1,1,1,1,1,1,1,1,1,1,2,0,1858192,2
1173,51906,dscw80,1,0,0,0,0,0,0,1,1,1,1,1,2,3,3,3,3,3,3,3,3,3,3,4,4,4,5,0,6139361,5
1181,49440,dscw80,1,0,0,0,0,0,0,0,0,0,1,2,2,2,2,2,2,2,2,2,2,2,2,3,3,3,3,0,262745,3
1181,52978,dscw80,0,0,0,0,0,0,0,0,0,0,0,0,0,0,0,0,0,0,0,0,0,2,2,2,3,4,4,0,6238592,4
1173,46091,dscw80,0,0,0,0,0,0,0,0,0,0,0,0,0,0,0,0,0,0,0,0,0,0,0,0,1,1,1,0,2422767,1
1173,50535,dscw80,0,0,0,0,0,0,0,0,0,0,0,0,0,0,0,0,0,0,0,0,0,0,0,0,0,0,2,1,2044423,3
1181,40557,dscw80,0,0,0,0,0,0,0,0,0,0,0,0,0,0,1,1,1,3,3,3,3,6,7,9,9,10,10,0,15010344,10
1173,45169,dscw80,0,0,0,0,0,0,0,0,0,0,0,0,0,0,1,1,1,1,3,3,3,10,19,21,24,25,25,0,76060562,25
1173,46548,dscw80,1,0,0,0,0,2,2,2,2,2,2,2,2,2,2,2,2,2,2,2,2,2,2,2,2,2,2,0,1293258,2
1173,50463,dscw80,1,0,0,0,0,0,3,3,5,6,7,10,12,13,15,15,17,18,18,18,19,25,25,25,25,25,25,0,26842945,25
1181,44636,dscw80,0,0,0,0,0,0,0,0,0,0,0,0,0,0,0,0,0,0,0,0,0,1,1,1,1,1,1,0,1927879,1
1181,49158,dscw80,1,0,16,44,61,84,106,132,149,167,183,198,205,217,231,240,246,250,251,252,253,270,272,279,280,283,285,4,534267077,289
1181,51174,dscw80,1,0,0,0,0,0,0,0,0,1,1,1,1,1,1,1,1,1,1,1,1,1,1,1,1,1,1,0,1914,1
1181,53188,dscw80,1,0,4,47,85,113,134,154,167,178,186,190,196,200,203,205,206,210,212,214,216,220,221,223,227,228,228,0,484314288,228
1181,48590,dscw80,0,0,0,5,10,15,19,24,36,45,52,54,55,57,59,64,65,67,68,70,71,81,85,90,91,93,93,3,267873185,96
1181,48713,dscw80,0,0,0,0,0,0,0,0,0,0,0,0,0,0,0,0,0,0,0,0,0,1,1,1,1,1,1,0,11804810,1
1181,49634,dscw80,1,0,0,0,1,1,2,2,2,2,2,2,2,2,2,2,2,2,2,2,2,2,2,2,2,2,2,0,1666795,2
1181,52262,dscw80,1,0,0,0,0,0,0,0,0,0,1,1,1,1,1,1,1,1,1,1,1,1,1,1,1,1,1,0,32800,1
1173,51906,dscw80,0,0,0,0,0,0,0,0,0,0,0,1,3,4,5,6,9,9,10,12,12,22,27,34,42,42,47,0,125048750,47
1181,49440,dscw80,0,0,0,0,0,0,0,0,1,2,2,2,2,2,2,3,3,3,3,3,3,3,4,4,4,4,4,0,2293528,4
1181,50298,dscw80,0,0,0,0,0,0,0,0,0,0,0,0,0,0,1,1,1,2,2,2,2,2,2,2,2,2,2,0,259572,2
1181,35540,dscw80,0,0,0,0,0,0,0,0,0,0,0,0,0,0,0,0,0,0,0,0,0,1,1,1,1,1,1,0,257823,1
1181,49579,dscw80,1,0,0,0,0,0,0,0,0,0,0,1,1,1,1,1,1,1,1,1,1,1,1,1,1,1,1,0,257810,1
1181,51472,dscw80,1,0,0,0,0,0,0,0,0,0,0,0,0,2,2,2,2,2,2,2,2,5,5,5,5,5,6,0,781231,6
1173,44035,dscw80,1,0,0,1,11,22,36,52,72,98,114,133,141,156,161,170,177,188,195,199,203,226,232,238,244,244,246,2,364663486,248
1181,37241,dscw80,1,6,6,7,9,10,11,11,12,13,16,18,20,23,26,26,28,28,28,28,29,34,34,36,36,36,36,0,45971608,36
1181,44737,dscw80,0,0,0,0,0,0,0,0,0,0,0,0,0,0,0,0,0,0,0,0,1,1,2,3,3,3,3,0,27790702,3
1181,49257,dscw80,1,0,0,1,3,4,6,6,6,6,6,6,6,8,8,8,9,9,9,9,9,9,9,9,9,9,9,0,42584743,9
1173,46548,dscw80,0,0,0,0,0,1,1,2,2,3,3,3,3,4,4,4,4,4,4,4,5,8,8,8,8,8,8,0,11548126,8
1173,49429,dscw80,1,0,0,0,0,0,0,0,0,1,1,1,2,2,3,3,3,3,3,3,3,3,3,3,3,3,3,0,549507,3
1173,50463,dscw80,0,0,0,0,0,5,13,28,51,68,84,107,122,139,148,157,168,178,183,188,192,227,239,249,258,261,265,0,648362987,265
1181,41187,dscw80,1,0,0,1,4,4,4,4,4,4,4,4,4,4,5,5,5,5,5,5,5,5,5,5,5,5,5,0,1307888,5
1181,49158,dscw80,0,1,8,25,50,79,112,154,192,226,263,281,308,334,358,368,384,398,411,416,427,499,527,563,576,582,610,17,1627208208,627
1181,51174,dscw80,0,0,0,0,0,0,0,0,0,0,0,1,2,2,4,4,4,4,4,4,4,6,6,6,6,6,6,0,31554172,6
1181,53188,dscw80,0,0,4,30,74,122,153,198,240,263,281,299,309,320,329,338,343,349,359,370,377,419,442,466,474,479,484,1,1206385427,485
1181,49634,dscw80,0,0,0,0,0,0,0,1,2,3,4,4,5,5,7,7,8,10,10,10,10,12,13,13,13,14,14,0,26528566,14
1181,52590,dscw80,1,0,0,0,0,0,0,0,0,0,0,0,0,0,1,1,2,2,2,3,3,3,4,4,4,4,4,0,307389,4
1173,43663,dscw80,1,0,0,0,0,0,0,3,11,13,16,18,19,21,22,22,23,23,23,24,25,26,27,28,29,29,29,0,55349661,29
1173,52978,dscw80,1,0,0,0,3,8,10,12,16,20,30,42,55,65,73,76,79,82,85,88,91,109,115,118,118,118,118,0,133118252,118
1181,41409,dscw80,0,0,0,0,0,0,0,0,1,2,2,3,6,6,6,9,10,10,11,12,13,16,17,18,19,20,20,0,24570540,20
1181,52262,dscw80,0,0,0,0,0,1,1,3,3,3,3,3,3,4,4,5,6,6,7,7,7,11,11,11,11,11,11,0,44148812,11
1173,39272,dscw80,0,0,0,0,0,0,0,0,0,0,0,0,0,0,0,0,0,0,0,0,0,0,2,2,2,2,2,0,14096815,2
1173,40383,dscw80,0,0,0,0,0,0,0,0,0,0,0,0,0,0,0,0,0,0,0,0,0,0,3,4,4,4,4,0,513265,4
1173,49054,dscw80,1,0,0,0,0,1,1,2,2,2,2,4,4,4,4,4,4,4,4,4,4,5,5,5,5,5,6,0,14824962,6
1181,46626,dscw80,0,0,0,0,0,0,0,0,0,0,0,0,0,0,0,0,0,0,0,0,0,1,1,1,1,1,1,0,258800,1
1181,49579,dscw80,0,0,0,0,0,0,0,0,0,0,0,0,0,0,0,1,1,1,1,2,2,3,3,3,3,3,3,0,2280947,3
1181,50566,dscw80,0,0,0,0,0,0,0,0,0,0,0,0,0,0,0,1,1,1,1,1,1,1,2,2,2,2,2,0,13460364,2
1181,51472,dscw80,0,0,0,0,0,0,0,0,1,1,1,1,4,5,6,6,7,7,9,12,12,26,38,41,45,46,54,1,74232532,55
1173,44035,dscw80,0,0,0,0,0,3,19,44,78,132,182,235,290,330,380,431,471,507,540,586,607,797,872,960,995,1017,1041,3,3268520907,1044
1173,44636,dscw80,1,0,0,0,0,0,0,0,0,0,0,0,0,0,0,0,0,0,0,0,0,1,1,1,1,1,1,0,17064,1
1173,44912,dscw80,1,0,0,0,1,4,5,11,15,18,20,24,26,27,30,32,32,34,35,37,38,40,42,43,43,43,43,0,58860770,43
1181,37241,dscw80,0,0,9,26,30,34,38,42,45,49,60,69,85,96,101,112,122,131,141,152,156,199,224,232,239,242,244,0,491166052,244
1181,47632,dscw80,0,0,0,0,0,0,0,0,0,0,0,0,0,0,0,0,1,1,1,1,1,1,1,1,1,1,1,0,919372,1
1181,49257,dscw80,0,0,0,1,4,5,12,15,18,19,19,21,22,23,24,26,26,26,28,29,32,38,38,41,42,42,43,0,83242951,43
1173,48590,dscw80,1,0,0,0,0,0,0,0,0,0,0,0,0,0,0,1,1,1,1,1,1,1,1,1,1,1,1,0,7460639,1
1173,49429,dscw80,0,0,0,0,0,0,0,0,0,0,0,0,0,0,1,1,1,1,1,2,2,2,2,2,2,2,2,0,7936172,2
1181,41187,dscw80,0,0,0,1,6,8,11,13,16,19,19,20,22,25,26,27,28,29,30,31,32,36,36,36,36,36,37,0,56163957,37
1173,38974,dscw80,0,0,0,0,0,0,0,0,0,0,0,2,2,2,2,2,2,2,2,2,2,2,2,2,2,2,2,0,17929024,2
1181,52590,dscw80,0,0,0,0,0,0,0,0,0,0,0,0,0,3,3,4,4,4,4,5,5,5,5,6,6,8,8,0,14854782,8
1173,43663,dscw80,0,0,0,0,0,0,2,9,25,53,82,110,145,172,187,205,224,242,263,271,282,355,386,413,422,425,431,1,1202977449,432
1173,49440,dscw80,1,0,0,0,0,0,0,0,0,0,0,2,3,4,5,6,7,8,10,10,12,14,16,16,17,17,19,0,25494873,19
1173,50298,dscw80,1,0,0,0,0,0,0,0,1,1,1,1,1,1,1,2,2,2,2,2,2,2,2,2,2,2,2,0,10303121,2
1173,52978,dscw80,0,0,0,0,1,8,40,64,93,121,148,189,229,268,311,357,392,419,448,478,502,645,717,768,800,821,849,8,1791275981,857
1173,44737,dscw80,1,0,0,0,0,0,1,2,2,5,7,12,13,18,23,27,30,33,35,36,36,41,43,44,45,45,45,0,103906682,45
1173,49054,dscw80,0,0,0,0,0,0,0,0,0,0,0,1,1,2,5,8,10,11,13,13,13,23,24,27,31,31,35,0,26256934,35
1181,53419,dscw80,1,13,31,64,161,315,449,522,600,656,690,740,762,790,808,819,832,841,844,847,854,885,900,912,916,917,924,7,1784652932,931
1173,44912,dscw80,0,0,0,0,0,0,3,8,14,26,32,48,61,70,79,79,93,101,110,117,119,158,176,196,201,205,213,1,697371624,214
1173,51174,dscw80,1,0,0,0,0,0,0,0,0,0,1,1,1,1,1,1,1,1,2,2,2,4,4,4,4,4,4,0,4114748,4
1173,49634,dscw80,1,0,0,0,0,0,0,0,0,0,0,0,1,1,1,1,1,2,2,2,2,3,4,4,4,4,4,0,1614389,4
1173,41409,dscw80,1,0,0,0,0,0,0,0,0,0,0,0,0,0,0,0,0,0,0,0,0,2,2,2,2,2,2,0,515286,2
1173,49440,dscw80,0,0,0,0,0,0,0,0,1,1,2,3,7,9,11,15,20,21,26,28,31,44,53,59,60,64,64,0,154795562,64
1173,50298,dscw80,0,0,0,0,0,0,0,0,0,2,2,3,3,3,3,4,5,5,6,7,7,9,13,16,18,18,19,0,46347246,19
1181,36533,dscw80,0,0,0,0,2,2,2,4,4,4,4,4,4,4,4,4,4,4,4,4,4,8,8,8,8,8,8,0,39415572,8
1181,51906,dscw80,0,0,0,0,0,0,0,0,0,0,0,0,0,0,0,0,0,0,0,0,1,2,2,3,4,4,4,0,2024255,4
1181,52559,dscw80,0,0,0,0,0,0,0,0,1,1,1,1,1,1,2,2,2,2,2,2,3,3,3,3,3,3,3,0,9346846,3
1173,46626,dscw80,1,0,0,0,0,3,10,29,39,50,58,67,76,82,91,100,110,119,126,130,136,156,168,170,170,170,170,0,133602768,170
1173,44737,dscw80,0,0,0,0,0,0,0,1,1,1,4,9,22,37,46,60,73,87,98,107,109,163,189,205,213,217,218,1,563543755,219
1181,53419,dscw80,0,5,27,77,162,365,629,890,1086,1271,1412,1546,1638,1709,1794,1860,1911,1966,2005,2037,2072,2292,2397,2491,2518,2531,2550,24,7361159478,2574
1173,51174,dscw80,0,0,0,0,0,0,0,1,2,4,5,9,9,11,12,13,13,13,13,15,16,20,22,23,24,26,27,0,63703881,27
1173,49634,dscw80,0,0,0,0,0,0,0,0,1,1,1,1,1,2,2,2,3,6,6,6,7,8,9,9,9,10,10,0,23820000,10
1173,52590,dscw80,1,0,0,0,33,75,117,175,217,256,296,311,335,350,367,371,377,386,395,400,407,427,437,446,447,447,448,2,957919090,450
