client_metro,region,maprule,is_cache_hit,ttfb_le_5_ms,ttfb_le_10_ms,ttfb_le_15_ms,ttfb_le_20_ms,ttfb_le_25_ms,ttfb_le_30_ms,ttfb_le_35_ms,ttfb_le_40_ms,ttfb_le_45_ms,ttfb_le_50_ms,ttfb_le_55_ms,ttfb_le_60_ms,ttfb_le_65_ms,ttfb_le_70_ms,ttfb_le_75_ms,ttfb_le_80_ms,ttfb_le_85_ms,ttfb_le_90_ms,ttfb_le_95_ms,ttfb_le_100_ms,ttfb_le_150_ms,ttfb_le_200_ms,ttfb_le_300_ms,ttfb_le_400_ms,ttfb_le_500_ms,ttfb_le_1000_ms,ttfb_gt_1000_ms,bytes_sent,requests
1173,51174,dscw80,1,0,0,0,0,0,0,0,1,1,1,2,2,2,2,2,4,4,4,4,5,5,5,5,5,5,5,0,3880837,5
1173,53188,dscw80,0,0,0,0,0,0,0,0,0,0,0,0,0,0,0,1,1,1,1,1,2,3,4,8,9,9,9,1,14192113,10
1181,53419,dscw80,0,2,26,65,162,470,897,1244,1520,1757,1991,2154,2296,2411,2503,2590,2681,2744,2800,2861,2901,3190,3322,3442,3488,3515,3546,34,9804576494,3580
1173,39272,dscw80,0,0,0,0,0,0,0,0,0,0,0,0,0,0,0,0,0,0,0,0,0,0,2,2,2,2,2,0,512923,2
1181,37241,dscw80,0,1,3,4,4,5,5,9,9,9,10,14,19,27,32,40,47,51,55,59,62,82,93,104,108,108,109,0,241662138,109
1173,48590,dscw80,1,0,0,0,0,0,0,0,0,0,0,0,0,0,1,1,1,1,1,1,1,1,1,1,1,1,1,0,258244,1
1173,42863,dscw80,1,0,0,0,0,0,0,0,0,1,2,2,2,2,2,2,2,2,2,2,3,3,3,4,4,4,4,0,6411474,4
1173,44035,dscw80,0,0,0,0,0,6,21,62,129,208,287,366,432,504,567,628,662,707,757,802,846,1125,1255,1420,1492,1522,1571,13,4279369316,1584
1173,46626,dscw80,1,0,0,0,0,6,14,29,60,76,96,121,142,164,186,205,226,237,249,257,264,310,329,344,349,353,368,2,514891697,370
1181,49634,dscw80,0,0,0,0,1,2,2,2,2,2,2,2,3,3,3,3,3,3,3,3,3,4,4,4,4,5,5,0,16140539,5
1173,46321,dscw80,0,0,0,0,0,0,0,0,0,0,0,0,1,1,2,2,3,3,3,3,3,3,4,4,4,4,4,0,774384,4
1181,41097,dscw80,0,0,0,0,0,0,0,0,0,0,0,0,0,0,0,0,0,0,0,0,1,1,1,1,1,1,1,0,1556212,1
1173,51906,dscw80,1,0,0,0,0,0,0,0,1,1,1,2,2,3,4,4,4,4,5,6,7,9,9,10,10,10,10,0,27780315,10
1181,49257,dscw80,1,0,0,0,1,1,1,1,3,3,3,3,3,4,4,4,4,4,4,4,4,5,6,6,6,6,6,0,636698,6
1181,41187,dscw80,0,0,0,1,4,7,8,9,10,11,13,13,13,14,16,17,19,19,19,19,20,22,23,23,23,23,24,0,39463499,24
1181,49158,dscw80,0,7,22,89,156,247,374,542,698,817,944,1049,1149,1223,1280,1338,1387,1439,1472,1516,1548,1738,1828,1913,1945,1960,1978,8,5162072251,1986
1181,50566,dscw80,1,0,0,0,0,0,1,1,1,1,2,2,2,2,2,2,2,2,2,2,2,2,2,2,2,2,2,0,165572,2
1181,51472,dscw80,1,0,0,0,0,0,0,0,0,0,0,0,0,0,0,0,0,0,0,0,0,1,1,1,1,1,1,0,1981,1
1181,47698,dscw80,0,0,0,0,0,0,0,0,0,0,0,0,0,0,0,0,0,0,1,1,1,1,1,1,1,1,1,0,18053,1
1173,46548,dscw80,0,0,0,0,0,0,0,2,4,4,5,6,12,14,17,19,23,26,28,30,31,46,53,59,60,60,60,0,147221107,60
1181,42617,dscw80,1,0,0,0,0,0,0,0,0,1,1,1,1,1,1,1,1,1,1,1,1,2,2,2,2,2,2,0,163139,2
1173,45004,dscw80,0,0,0,0,0,0,0,0,0,0,0,0,0,0,0,0,0,0,0,0,0,0,0,0,0,0,3,0,1019779,3
1173,45169,dscw80,1,0,0,0,0,0,0,0,0,0,0,0,1,1,1,1,1,1,1,1,1,1,1,1,1,1,1,0,43398,1
1173,47632,dscw80,1,0,0,0,0,0,0,0,0,0,0,0,0,0,0,0,0,0,0,0,0,0,0,1,1,1,1,0,257315,1
1181,51174,dscw80,0,0,0,0,0,0,0,0,0,0,0,0,0,0,0,0,0,0,1,1,1,1,3,3,4,4,4,0,2874386,4
1173,38974,dscw80,1,0,0,0,0,0,0,0,0,1,1,2,2,2,2,2,2,2,2,2,2,2,3,3,3,3,3,0,2766215,3
1173,41409,dscw80,1,0,0,0,0,0,0,0,0,0,0,1,2,3,4,5,5,6,6,6,6,7,7,7,7,7,7,0,13836035,7
1173,44912,dscw80,1,0,0,0,3,8,14,24,30,35,41,48,52,54,55,60,63,67,70,74,75,82,88,92,94,94,95,0,94112289,95
1173,44080,dscw80,0,0,0,0,0,0,0,0,0,0,1,1,1,1,1,1,2,2,2,3,3,4,4,4,4,4,4,0,650390,4
1173,46091,dscw80,0,0,0,0,0,0,0,0,0,0,0,0,0,0,0,0,0,0,1,1,2,8,8,11,12,12,12,0,27552552,12
1181,38580,dscw80,0,0,0,0,0,0,1,1,2,2,4,4,5,5,5,5,5,5,5,5,5,5,6,7,7,7,7,0,13511192,7
1181,39888,dscw80,0,0,0,0,0,0,0,0,0,0,0,1,1,1,1,1,1,1,1,1,1,1,1,1,1,1,1,0,259592,1
1181,48590,dscw80,0,0,1,7,10,14,19,26,31,34,36,41,44,44,44,44,45,48,50,50,50,64,73,80,81,82,82,0,154199383,82
1173,50298,dscw80,0,0,0,0,0,0,0,0,0,0,0,0,0,1,1,1,1,1,1,1,1,2,2,2,3,3,3,0,20412597,3
1173,52590,dscw80,1,0,0,0,29,70,106,151,184,224,245,264,291,306,326,334,341,353,358,363,370,402,413,415,416,419,427,2,503736115,429
1181,41984,dscw80,0,0,0,0,0,0,0,0,0,0,0,0,0,0,0,0,0,0,0,0,0,0,0,1,1,1,1,0,5906678,1
1181,42863,dscw80,0,0,0,0,0,0,0,0,1,1,1,1,1,2,2,2,2,2,2,2,2,2,2,2,2,2,2,0,1593233,2
1181,46626,dscw80,0,0,0,0,0,0,0,0,0,0,0,1,1,1,1,1,1,1,1,2,2,2,3,3,3,3,3,0,10129453,3
1173,44738,dscw80,1,0,0,0,0,0,0,1,1,1,1,4,6,8,8,8,8,8,8,9,9,13,15,15,15,15,15,0,4149115,15
1181,45983,dscw80,0,0,0,0,0,0,0,0,0,0,0,0,0,0,0,0,0,0,0,0,0,0,1,1,1,1,1,0,1571151,1
1181,51906,dscw80,0,0,0,0,0,0,0,0,0,0,0,0,0,0,0,0,1,1,1,1,1,1,1,2,2,3,3,0,645876,3
1173,44737,dscw80,1,0,0,0,0,2,2,2,4,6,10,14,22,23,30,36,37,39,42,42,44,50,54,55,55,55,55,0,93563251,55
1173,52978,dscw80,1,0,0,0,1,15,23,33,40,50,56,71,90,104,115,122,130,137,141,143,148,168,177,183,188,192,193,2,157930059,195
1181,52262,dscw80,0,0,0,0,0,0,0,0,1,1,1,1,1,1,1,1,1,1,1,1,1,1,1,1,1,1,1,0,97435,1
1173,49110,dscw80,0,0,0,0,0,0,0,2,2,2,3,10,17,19,24,30,35,38,38,45,49,84,99,116,122,125,125,0,418266762,125
1181,49440,dscw80,1,0,0,0,0,0,0,0,0,0,0,0,0,0,0,0,1,1,1,1,1,1,1,1,1,1,1,0,2601,1
1181,37598,dscw80,0,0,0,0,0,0,0,0,0,0,0,0,0,0,0,1,1,1,1,1,1,1,1,1,1,1,1,0,2684538,1
1181,38974,dscw80,0,0,0,0,0,0,0,0,0,0,0,0,0,1,2,2,2,2,2,2,2,2,2,2,2,2,2,1,852403,3
1181,41409,dscw80,0,0,0,0,0,1,2,4,4,6,9,9,10,12,12,12,12,14,14,14,15,17,17,17,17,18,18,0,17717996,18
1181,53419,dscw80,1,4,25,65,157,310,460,575,662,732,782,822,854,880,911,938,960,972,981,996,1003,1054,1068,1086,1094,1098,1107,20,1737566330,1127
1181,37241,dscw80,1,4,5,5,5,6,6,7,7,8,11,15,19,21,22,26,29,32,32,34,34,38,41,41,42,42,43,0,89205790,43
1181,45169,dscw80,0,0,0,0,0,0,0,0,0,0,0,0,0,0,1,1,1,1,1,1,2,4,7,8,8,8,8,0,24912119,8
1181,47632,dscw80,0,0,0,0,0,0,0,0,0,0,0,0,1,1,1,2,2,2,2,2,2,2,2,2,2,2,2,0,10788882,2
1173,44035,dscw80,1,0,0,1,19,47,77,115,153,194,215,245,269,283,304,317,336,347,357,364,372,409,426,436,443,445,447,1,621156126,448
1181,49634,dscw80,1,0,0,0,1,1,1,1,1,1,1,1,1,1,1,1,1,1,1,1,1,1,1,2,2,2,2,0,259450,2
1181,52590,dscw80,0,0,0,0,0,0,0,0,0,0,0,0,0,2,5,8,11,13,15,17,17,21,24,25,25,25,27,0,81083118,27
1173,49440,dscw80,0,0,0,0,0,0,0,1,2,5,19,38,67,101,138,176,204,238,270,296,318,457,514,575,605,625,640,5,1387904254,645
1173,50463,dscw80,0,0,0,0,0,0,8,19,32,51,65,78,96,117,141,158,170,195,217,239,258,375,420,464,478,490,498,3,1135025028,501
1173,43663,dscw80,0,0,0,0,0,0,2,5,10,17,22,28,32,35,41,44,44,48,52,53,55,64,66,73,73,73,73,0,150596205,73
1181,41187,dscw80,1,0,1,1,1,1,1,1,1,2,2,2,2,2,2,2,2,3,3,3,3,3,3,3,3,3,3,0,1714466,3
1181,49158,dscw80,1,2,29,62,117,174,245,316,368,418,462,491,524,550,570,588,602,614,622,631,637,663,679,690,692,692,696,1,1328248410,697
1173,47733,dscw80,0,0,0,0,0,0,0,0,0,0,0,0,0,0,1,4,6,10,12,14,16,35,45,50,50,50,51,0,202745455,51
1181,44737,dscw80,0,0,0,0,0,0,0,0,0,0,0,0,0,0,0,0,0,0,2,2,2,2,3,3,3,3,3,0,9924614,3
1181,52978,dscw80,0,0,0,0,0,0,0,0,0,0,0,0,0,0,0,1,1,2,2,3,4,6,7,7,8,8,9,0,5677130,9
1173,46548,dscw80,1,0,0,0,0,1,2,3,3,4,5,5,5,5,5,5,5,5,5,5,5,6,6,6,6,6,6,0,6814982,6
1173,49634,dscw80,0,0,0,0,0,0,0,0,0,0,0,0,0,0,0,2,2,3,3,3,3,3,3,4,4,4,4,0,263524,4
1181,49579,dscw80,0,0,0,0,0,0,0,0,0,0,0,0,0,0,0,0,0,0,0,0,0,0,1,1,1,1,1,0,1553185,1
1181,51174,dscw80,1,0,0,0,0,0,0,0,0,0,0,1,1,1,1,1,1,1,1,1,1,1,1,1,1,1,1,0,34721,1
1181,53188,dscw80,0,0,2,4,10,14,19,26,29,32,33,33,34,38,39,39,41,43,45,45,46,58,59,61,65,65,67,5,120341330,72
1173,41187,dscw80,0,0,0,0,0,0,1,2,2,2,2,2,3,3,3,3,3,3,3,3,3,3,3,3,3,3,3,0,6769981,3
1173,44080,dscw80,1,0,0,0,0,0,0,0,0,0,0,0,0,0,0,0,0,0,0,0,0,0,0,1,1,1,1,0,98050,1
1181,44636,dscw80,0,0,0,0,0,0,0,0,0,2,2,2,2,2,2,2,2,2,2,2,2,2,3,3,3,3,3,0,3875813,3
1173,49158,dscw80,0,0,0,0,2,2,2,2,2,2,2,2,2,2,2,2,3,3,3,3,3,4,4,4,4,4,4,0,628316,4
1181,39888,dscw80,1,0,0,0,0,0,0,0,0,2,2,2,2,2,2,2,2,2,2,2,2,2,2,2,2,2,2,0,256641,2
1181,48590,dscw80,1,0,3,3,3,3,4,4,5,7,8,8,8,8,8,8,8,8,9,10,11,11,11,11,11,11,11,0,16829352,11
1181,51571,dscw80,0,0,0,0,0,0,0,0,0,0,0,0,0,0,0,0,0,0,0,0,0,1,1,1,1,1,1,0,257577,1
1173,43302,dscw80,0,0,0,0,0,0,0,1,1,2,2,3,3,3,3,3,3,3,3,3,3,3,3,3,3,3,3,0,593009,3
1173,47698,dscw80,0,0,0,0,0,0,0,0,0,0,0,0,0,0,0,0,1,1,1,1,2,5,5,5,5,5,5,0,27664767,5
1173,49054,dscw80,0,0,0,0,0,0,0,0,0,0,0,0,1,1,1,1,1,1,2,2,4,4,5,6,6,6,6,0,8639504,6
1173,50298,dscw80,1,0,0,0,0,0,0,0,0,0,0,1,1,1,1,1,1,1,1,1,1,1,1,1,1,1,1,0,2004,1
1181,44035,dscw80,0,0,0,0,0,0,0,0,0,0,0,0,0,0,0,0,0,0,1,1,1,1,1,2,2,2,2,0,1802704,2
1173,49429,dscw80,0,0,0,0,0,0,0,0,0,0,1,1,4,6,6,7,9,11,13,13,13,19,23,26,28,28,29,0,56685049,29
1173,51174,dscw80,0,0,0,0,0,0,0,0,0,0,0,0,0,3,5,7,8,10,10,13,14,26,27,34,35,35,37,0,110847316,37
1173,49110,dscw80,1,0,0,0,0,0,0,1,2,2,2,2,2,2,3,3,4,4,6,6,6,7,7,7,7,7,7,0,12302622,7
1181,46548,dscw80,0,0,0,0,0,0,0,0,0,0,0,0,0,0,0,0,0,0,0,0,0,0,0,1,1,1,1,0,925520,1
1173,38580,dscw80,0,0,0,0,0,0,0,0,0,0,0,0,0,0,1,1,2,2,2,2,3,3,4,4,5,5,5,0,8023114,5
1173,48590,dscw80,0,0,0,0,0,0,0,0,0,0,0,0,0,0,0,0,0,0,0,0,0,2,2,2,2,3,3,0,6191906,3
1173,42863,dscw80,0,0,0,0,0,0,0,0,0,0,0,1,7,11,13,18,21,22,23,27,28,38,40,43,43,44,48,0,77303199,48
1173,46626,dscw80,0,0,0,0,0,0,3,14,30,79,144,205,253,303,365,420,476,553,622,672,739,1077,1213,1327,1383,1401,1419,5,3611289998,1424
1181,41409,dscw80,1,0,0,0,0,0,0,0,1,1,1,1,1,1,1,1,1,1,1,1,1,1,1,1,1,1,1,0,202257,1
1173,51906,dscw80,0,0,0,0,0,0,0,0,1,5,8,9,9,10,10,12,15,16,17,18,20,29,43,54,59,62,67,0,182921978,67
1181,44080,dscw80,0,0,0,0,0,0,0,0,0,0,0,0,0,0,1,1,1,1,1,1,1,1,1,2,2,2,2,0,516294,2
1181,45169,dscw80,1,0,0,0,0,0,0,0,0,0,0,1,2,2,2,2,2,2,2,2,2,2,2,2,2,2,2,0,260684,2
1181,49257,dscw80,0,0,0,0,2,5,5,8,9,11,11,13,14,14,15,16,16,17,18,19,19,23,25,27,27,27,27,0,80973109,27
1181,50566,dscw80,0,0,0,0,0,0,0,0,0,0,0,1,1,1,1,1,1,1,1,1,1,3,3,3,3,3,3,0,4908962,3
1181,51472,dscw80,0,0,0,0,0,1,2,2,2,3,5,6,9,9,11,11,11,12,14,14,14,15,16,18,18,19,19,0,34456752,19
1173,52262,dscw80,0,0,0,0,0,0,0,0,0,0,0,0,0,0,0,1,1,1,1,1,1,1,1,1,1,1,1,0,257913,1
1181,50298,dscw80,0,0,0,0,0,0,0,0,0,0,0,0,0,0,0,0,0,1,1,1,1,1,1,1,1,1,1,0,13055331,1
1181,52590,dscw80,1,0,0,0,0,0,0,0,0,0,0,0,0,0,0,0,0,0,0,2,2,2,3,3,3,3,3,0,983704,3
1173,49440,dscw80,1,0,0,0,0,0,0,0,0,4,9,17,30,42,59,71,81,92,96,105,112,143,154,162,163,167,168,3,201481035,171
1173,50463,dscw80,1,0,0,0,0,0,0,5,11,12,13,14,17,18,18,21,21,21,22,23,25,31,33,35,37,37,37,0,36154575,37
1181,42617,dscw80,0,0,0,0,0,0,0,0,0,0,1,1,3,3,3,4,4,4,5,5,5,5,5,5,5,5,5,0,14404809,5
1173,43663,dscw80,1,0,0,0,0,1,2,2,2,2,2,2,2,3,3,3,3,3,3,3,3,3,3,3,3,3,3,0,390722,3
1173,45169,dscw80,0,0,0,0,0,0,0,0,0,0,0,0,0,0,0,0,0,1,3,6,6,7,11,12,13,13,13,0,21615761,13
1173,47632,dscw80,0,0,0,0,0,0,0,0,0,0,0,0,0,0,0,0,0,0,0,0,0,0,1,1,1,1,1,0,5649731,1
1173,38974,dscw80,0,0,0,0,0,0,0,0,0,0,2,2,2,3,3,3,3,4,4,5,5,5,6,6,6,7,7,0,17654699,7
1173,41409,dscw80,0,0,0,0,0,0,0,0,0,0,0,1,2,2,2,3,3,5,6,6,7,9,11,11,12,12,12,0,44870254,12
1173,44912,dscw80,0,0,0,0,0,2,11,25,42,67,87,111,133,157,177,199,218,225,240,254,263,349,391,431,445,453,465,3,1176856725,468
1173,47733,dscw80,1,0,0,0,0,0,0,0,0,0,0,0,0,1,2,5,6,7,8,10,10,12,14,15,15,15,15,0,20012181,15
1181,52978,dscw80,1,0,0,0,0,0,0,0,0,0,0,0,0,1,1,1,1,1,1,1,1,1,1,1,1,1,1,0,3388,1
1173,47900,dscw80,1,0,0,0,0,0,0,1,1,1,1,1,1,1,1,1,1,1,1,1,1,1,1,1,1,1,1,0,258144,1
1173,52590,dscw80,0,0,0,1,31,143,301,474,621,789,911,1061,1177,1293,1398,1481,1570,1628,1679,1735,1776,2072,2196,2347,2412,2454,2495,17,6184788713,2512
1181,53188,dscw80,1,0,1,3,6,8,9,11,12,14,15,16,16,16,17,17,17,17,17,17,17,18,18,18,18,19,20,2,16135911,22
1173,44738,dscw80,0,0,0,0,0,0,1,2,2,3,4,10,13,22,35,46,54,68,79,85,93,139,159,176,188,191,193,1,501023534,194
1173,49158,dscw80,1,0,0,0,0,0,1,1,1,1,1,1,1,1,1,1,1,1,1,1,1,1,1,1,1,1,1,0,3146452,1
1181,41408,dscw80,0,0,0,0,0,0,0,0,1,1,1,1,1,1,1,1,1,1,1,1,1,1,1,1,1,1,1,0,258662,1
1173,44737,dscw80,0,0,0,0,0,0,0,1,7,11,28,37,52,62,73,95,116,126,135,153,158,215,245,285,291,293,298,4,727455220,302
1173,49054,dscw80,1,0,0,0,0,0,0,1,2,2,2,3,3,3,3,3,3,3,3,3,3,3,3,3,3,3,3,0,174640,3
1173,52978,dscw80,0,0,0,0,1,11,37,71,109,152,207,275,352,429,502,571,633,695,759,827,885,1244,1417,1623,1715,1752,1819,19,3794943807,1838
1181,49440,dscw80,0,0,0,0,0,1,2,3,4,4,4,5,6,9,9,12,12,13,14,14,15,15,16,16,16,16,16,0,30089608,16
1173,49429,dscw80,1,0,0,0,0,0,0,0,0,0,1,1,1,2,2,2,2,2,2,2,2,2,3,3,3,3,3,0,4923349,3
