client_metro,region,maprule,is_cache_hit,ttfb_le_5_ms,ttfb_le_10_ms,ttfb_le_15_ms,ttfb_le_20_ms,ttfb_le_25_ms,ttfb_le_30_ms,ttfb_le_35_ms,ttfb_le_40_ms,ttfb_le_45_ms,ttfb_le_50_ms,ttfb_le_55_ms,ttfb_le_60_ms,ttfb_le_65_ms,ttfb_le_70_ms,ttfb_le_75_ms,ttfb_le_80_ms,ttfb_le_85_ms,ttfb_le_90_ms,ttfb_le_95_ms,ttfb_le_100_ms,ttfb_le_150_ms,ttfb_le_200_ms,ttfb_le_300_ms,ttfb_le_400_ms,ttfb_le_500_ms,ttfb_le_1000_ms,ttfb_gt_1000_ms,bytes_sent,requests
1181,38580,dscw80,1,0,0,0,0,0,0,0,0,1,1,1,1,1,1,1,1,1,1,1,1,1,1,1,1,1,1,0,6445052,1
1181,42617,dscw80,0,0,0,0,0,0,0,0,0,0,0,0,0,0,0,0,0,0,0,0,0,0,1,1,1,1,1,0,4667755,1
1181,51174,dscw80,0,0,0,0,0,0,0,0,0,0,0,0,0,0,3,4,4,4,4,4,4,4,4,4,4,4,4,0,2617622,4
1173,42863,dscw80,1,0,0,0,0,0,0,0,1,1,1,1,2,3,3,4,5,5,5,5,5,5,5,5,5,5,5,0,7570027,5
1181,52590,dscw80,0,0,0,0,0,1,1,1,1,1,1,2,3,5,9,10,11,14,15,16,18,23,24,26,27,29,29,1,29954671,30
1173,46091,dscw80,0,0,0,0,0,0,0,0,0,0,0,0,0,0,0,1,1,3,4,4,4,7,8,10,10,11,11,0,17855241,11
1173,46548,dscw80,1,0,0,0,0,0,0,1,2,2,2,2,2,2,2,2,3,3,3,3,3,5,5,5,5,5,5,0,903830,5
1173,44912,dscw80,1,0,0,0,1,6,13,25,32,37,46,52,53,56,60,66,67,68,69,73,74,85,90,90,91,91,92,0,137577986,92
1173,46626,dscw80,1,0,0,0,0,1,6,18,33,52,70,85,97,101,118,133,142,156,166,174,178,207,216,224,225,226,229,0,463833025,229
1181,49634,dscw80,0,0,0,1,1,3,5,8,8,10,10,10,11,11,12,12,12,12,12,12,12,15,15,15,15,15,15,0,47003264,15
1173,47698,dscw80,1,0,0,0,0,0,0,0,0,0,0,0,0,1,1,1,1,1,1,1,1,1,1,1,1,1,1,0,66136,1
1173,49440,dscw80,0,0,0,0,0,0,0,0,1,6,14,33,50,85,119,155,177,202,224,246,259,352,392,423,434,443,457,4,913627171,461
1181,44636,dscw80,0,0,0,0,0,0,0,0,2,2,2,2,2,2,2,2,2,2,2,2,2,2,2,2,2,2,2,0,7466915,2
1181,38580,dscw80,0,0,0,0,0,0,0,6,9,10,11,13,16,16,17,18,18,19,19,19,20,20,20,21,21,21,22,0,78586301,22
1181,51571,dscw80,0,0,0,0,0,0,0,0,0,0,0,0,0,0,0,0,0,0,0,0,0,0,1,1,1,1,1,0,16049014,1
1173,44080,dscw80,0,0,0,0,0,0,0,0,0,0,0,0,0,1,1,1,1,1,1,1,1,2,3,3,3,3,3,0,990764,3
1173,45169,dscw80,1,0,0,0,0,0,0,0,1,1,1,1,1,2,3,4,5,7,7,7,9,12,13,15,15,15,16,0,24666552,16
1173,48590,dscw80,0,0,0,1,1,1,1,1,1,1,1,1,1,1,1,1,1,2,2,2,2,2,2,2,2,2,2,0,4432776,2
1173,41984,dscw80,0,0,0,0,0,0,0,0,0,0,0,0,0,0,0,0,0,0,0,0,0,0,0,0,0,0,1,0,333188,1
1181,41408,dscw80,0,0,0,0,0,0,1,1,1,1,1,1,1,2,2,2,2,2,2,2,2,2,2,2,2,2,2,0,388963,2
1173,43302,dscw80,1,0,0,0,0,0,0,0,0,1,1,1,1,1,1,1,1,1,1,1,1,1,1,1,1,1,1,0,257769,1
1173,45004,dscw80,0,0,0,0,0,0,0,0,0,0,0,0,0,0,0,0,0,0,0,0,0,0,0,0,0,0,2,0,515267,2
1173,42863,dscw80,0,0,0,0,0,0,0,0,0,1,2,6,9,13,17,17,20,22,25,26,28,32,35,38,39,39,39,0,88677706,39
1173,46548,dscw80,0,0,0,0,0,0,0,1,2,5,9,13,17,19,21,23,25,28,28,29,30,40,45,50,52,52,52,0,116278986,52
1173,50463,dscw80,1,0,0,0,0,0,1,3,7,7,9,10,13,14,17,17,23,24,25,28,28,42,44,47,48,48,50,0,54325995,50
1173,44912,dscw80,0,0,0,0,1,3,9,21,45,70,93,117,138,157,176,194,213,225,241,257,267,352,389,427,448,461,474,2,1153841141,476
1173,46626,dscw80,0,0,0,0,0,0,1,11,25,59,111,150,202,249,302,338,384,441,474,507,543,766,829,896,925,936,951,2,2544534518,953
1181,49440,dscw80,1,0,0,0,0,0,0,0,0,1,1,1,1,1,1,1,1,1,1,1,1,1,1,1,1,1,1,1,261430,2
1181,37241,dscw80,1,0,0,0,0,0,0,0,0,1,1,2,2,2,2,2,2,2,2,2,2,4,4,4,4,4,4,0,12811896,4
1181,39888,dscw80,0,0,0,0,0,0,0,0,1,1,1,1,1,1,1,1,2,3,3,3,3,3,3,3,3,3,3,0,3587211,3
1181,48590,dscw80,1,0,0,2,2,2,2,3,3,3,4,6,6,6,6,6,7,7,7,8,8,8,8,8,8,8,8,1,5291494,9
1173,47698,dscw80,0,0,0,0,0,0,0,0,0,0,0,0,0,0,0,0,0,0,0,0,0,2,2,2,2,2,2,0,3606310,2
1173,45169,dscw80,0,0,0,0,0,0,0,0,0,0,3,6,7,9,11,13,16,18,22,22,23,31,34,39,39,39,39,0,100837911,39
1181,46626,dscw80,1,0,0,0,0,0,0,0,0,0,0,0,0,0,1,1,1,1,1,1,1,1,1,1,1,1,1,0,257784,1
1173,43302,dscw80,0,0,0,0,0,0,0,0,1,1,1,2,2,2,3,3,3,3,3,4,4,4,4,4,5,5,5,0,10957302,5
1173,52978,dscw80,1,0,0,0,1,5,8,14,19,29,40,59,69,76,85,96,99,103,110,111,118,144,152,160,161,163,165,0,196511472,165
1181,53188,dscw80,1,0,0,3,5,6,7,8,8,10,13,13,14,15,15,15,15,15,15,15,15,15,15,15,15,15,15,0,31954837,15
1173,50463,dscw80,0,0,0,0,0,2,4,30,57,79,93,109,130,153,182,217,252,285,303,322,342,465,508,534,554,561,570,11,1252905185,581
1173,51906,dscw80,1,0,0,0,0,1,1,2,2,8,9,13,15,15,17,18,19,19,19,21,21,22,24,26,27,27,29,0,36686629,29
1181,49440,dscw80,0,0,0,0,0,1,2,2,3,5,6,7,7,7,7,7,7,8,8,8,9,9,9,10,10,10,10,0,14152991,10
1173,41409,dscw80,1,0,0,0,0,0,0,0,0,0,0,0,1,1,1,1,2,2,2,2,2,2,2,2,2,2,2,0,4601,2
1181,37241,dscw80,0,1,3,5,6,6,7,7,7,7,8,9,9,11,11,11,11,11,11,11,11,13,15,16,16,16,16,0,18816908,16
1181,44080,dscw80,0,0,0,0,0,0,0,0,0,0,0,0,0,0,0,1,1,1,1,1,1,1,2,2,2,2,2,0,84091,2
1181,45169,dscw80,1,0,0,0,0,0,0,0,0,0,0,0,0,0,0,0,0,0,0,1,1,1,2,2,2,2,2,0,386348,2
1181,48590,dscw80,0,0,1,5,9,16,24,28,36,44,48,49,56,57,61,64,68,69,69,72,73,89,93,95,98,99,99,0,209028529,99
1173,47733,dscw80,1,0,0,0,0,0,0,0,0,0,0,0,2,3,3,4,5,7,7,7,7,7,7,7,7,7,7,0,1823651,7
1181,50566,dscw80,1,0,0,0,0,0,0,1,1,1,1,1,1,1,1,1,1,1,1,1,1,1,1,1,1,1,1,0,1986,1
1173,43663,dscw80,1,0,0,0,0,0,0,0,1,1,1,1,1,1,1,1,1,1,1,2,2,2,2,2,2,2,3,0,291314,3
1173,52590,dscw80,1,0,0,1,10,22,35,47,63,76,86,94,97,105,111,113,114,119,122,125,128,149,155,161,165,165,167,1,199280803,168
1181,46626,dscw80,0,0,0,0,0,0,0,0,0,0,0,0,0,0,0,0,1,1,1,1,1,2,2,3,3,4,4,0,2327005,4
1181,49257,dscw80,0,0,0,0,0,0,1,1,3,4,4,4,5,5,5,5,5,5,6,6,6,6,7,8,8,8,8,0,5304343,8
1173,52978,dscw80,0,0,0,0,0,10,27,63,94,130,168,213,276,365,437,508,588,641,703,755,810,1172,1329,1453,1525,1565,1622,16,3300712381,1638
1181,53188,dscw80,0,0,3,6,12,16,19,20,22,22,24,27,27,28,28,31,32,33,33,33,33,34,36,39,39,39,39,0,108854966,39
1173,53419,dscw80,0,0,0,0,0,0,0,0,0,0,0,0,0,0,0,1,1,1,1,1,1,1,1,1,2,3,3,0,4860989,3
1173,44738,dscw80,1,0,0,0,0,0,0,0,1,1,2,3,5,5,5,5,6,6,6,6,6,8,8,9,9,9,9,0,1807405,9
1173,49634,dscw80,1,0,0,0,0,0,0,0,1,2,4,5,6,6,9,18,18,19,21,21,23,30,34,34,34,34,34,0,11588988,34
1181,52262,dscw80,0,0,0,0,1,1,1,1,1,1,1,1,1,1,1,1,1,1,1,1,1,1,1,1,1,1,1,0,257560,1
1173,51472,dscw80,0,0,0,0,0,0,0,0,0,0,0,0,0,0,0,0,0,1,1,1,1,4,4,4,4,4,4,0,4023673,4
1173,51906,dscw80,0,0,0,0,0,0,0,1,4,5,10,13,14,17,19,25,27,28,33,35,37,52,64,73,79,81,85,1,251512640,86
1181,47698,dscw80,0,0,0,0,0,0,0,0,0,0,0,0,0,0,0,0,0,0,0,0,0,1,1,1,1,1,1,0,1868241,1
1173,41409,dscw80,0,0,0,0,0,0,0,0,0,0,0,2,2,3,3,5,8,10,10,13,13,14,15,15,15,16,17,0,39455506,17
1173,44035,dscw80,1,0,0,4,21,51,87,137,181,221,264,297,328,354,377,392,413,432,447,461,472,527,542,557,562,564,567,2,897463864,569
1181,45169,dscw80,0,0,0,0,0,0,0,0,0,0,0,0,1,1,1,1,2,2,2,2,2,5,6,7,7,7,7,0,17947829,7
1173,47733,dscw80,0,0,0,0,0,0,1,1,1,1,1,1,2,2,5,7,9,15,17,19,21,38,41,45,49,49,50,0,142931202,50
1173,51174,dscw80,0,0,0,0,0,0,0,0,0,0,0,0,1,2,2,3,3,3,3,3,3,3,4,5,6,6,7,0,11382460,7
1181,43302,dscw80,0,0,0,0,0,0,0,0,0,0,0,0,0,0,0,0,0,0,0,0,1,1,1,1,1,1,1,0,5152509,1
1173,44737,dscw80,1,0,0,0,0,2,7,12,20,25,28,33,36,39,42,43,47,47,49,50,54,57,57,57,57,57,57,0,92630090,57
1181,49158,dscw80,1,0,3,9,18,25,37,54,66,69,74,76,81,84,88,94,94,96,98,100,100,107,110,110,113,113,113,0,172341555,113
1181,50566,dscw80,0,0,0,0,0,0,0,0,0,0,0,1,1,1,2,2,2,2,2,2,2,2,2,2,2,2,2,0,1679426,2
1181,53419,dscw80,1,5,7,7,7,9,9,9,9,9,10,10,10,10,10,10,10,10,10,11,11,12,12,12,12,12,12,0,8019111,12
1173,43663,dscw80,0,0,0,0,0,0,0,0,0,0,3,6,8,11,13,15,16,16,16,16,18,26,31,33,34,34,34,0,94153265,34
1173,52590,dscw80,0,0,0,0,2,48,109,169,228,289,362,430,480,536,584,630,659,697,723,748,774,944,999,1067,1101,1124,1151,9,3084821470,1160
1181,45983,dscw80,0,0,0,0,0,0,0,0,0,0,0,0,0,0,0,0,0,0,0,0,0,1,1,1,1,1,1,0,257588,1
1181,51906,dscw80,1,0,0,0,0,0,0,0,0,0,0,0,0,0,0,0,0,2,2,2,2,2,2,2,2,2,2,0,718512,2
1173,49054,dscw80,0,0,0,0,0,0,0,0,0,0,0,0,0,1,1,1,1,1,1,1,1,1,1,2,2,2,2,0,4422620,2
1181,41409,dscw80,1,0,0,1,1,1,1,1,1,1,1,1,1,1,1,1,1,1,1,1,1,1,1,1,1,1,1,0,1392,1
1173,44738,dscw80,0,0,0,0,0,0,0,0,0,0,2,3,8,16,21,30,38,45,48,54,59,96,117,125,127,128,130,1,416576750,131
1173,49634,dscw80,0,0,0,0,0,0,0,0,0,2,8,11,13,18,24,28,31,33,35,37,37,44,51,59,60,62,63,0,187537842,63
1173,49110,dscw80,0,0,0,0,0,0,0,0,1,2,2,3,3,4,6,6,7,8,8,8,9,11,13,14,15,16,16,0,40441181,16
1173,49429,dscw80,0,0,0,0,0,0,0,0,0,0,0,1,1,3,3,3,3,3,3,5,5,7,7,8,8,8,9,0,19814123,9
1181,41187,dscw80,0,0,0,0,0,0,0,0,0,0,0,0,0,1,1,2,2,2,2,2,2,2,2,2,2,2,2,0,3609086,2
1173,44035,dscw80,0,0,0,0,0,15,43,94,156,226,325,432,549,651,736,810,866,944,1003,1058,1111,1485,1671,1835,1912,1952,2008,20,5244172188,2028
1181,52590,dscw80,1,0,0,0,0,0,0,0,0,0,0,0,0,0,2,2,2,2,2,2,2,2,2,2,2,2,2,0,515743,2
1173,38580,dscw80,0,0,0,0,0,0,0,0,0,0,1,2,2,2,2,2,2,3,3,3,3,5,5,6,6,6,6,0,37028546,6
1173,49282,dscw80,0,0,0,0,0,0,0,0,0,0,0,0,0,0,0,0,0,0,0,0,0,1,2,3,3,3,3,0,4086514,3
1173,44737,dscw80,0,0,0,0,0,0,0,5,11,17,28,34,46,57,70,86,94,108,122,130,135,180,198,223,231,237,239,1,624437523,240
1181,49158,dscw80,0,1,2,11,22,44,82,113,145,170,186,199,221,230,236,244,255,264,270,278,281,319,342,367,371,372,376,2,850784865,378
1181,53419,dscw80,0,1,1,4,7,11,17,24,29,31,33,37,38,39,39,39,39,41,41,42,45,49,52,53,53,53,54,0,122827846,54
1181,44738,dscw80,1,0,0,0,0,1,3,3,3,3,3,3,3,3,3,3,3,3,3,3,3,3,3,3,3,3,3,0,3276477,3
1181,49634,dscw80,1,0,0,3,3,3,5,5,5,6,6,6,6,6,6,6,6,6,6,6,6,6,6,7,7,7,7,0,9288332,7
1181,51472,dscw80,0,0,0,0,0,2,4,4,4,4,4,6,6,6,6,6,7,7,7,9,10,12,12,12,14,14,15,1,18544787,16
1181,51906,dscw80,0,0,0,0,0,0,0,0,0,0,1,1,1,1,1,1,1,1,2,2,2,4,5,5,5,5,6,0,9066713,6
1173,49440,dscw80,1,0,0,0,0,0,0,0,2,4,7,16,29,37,41,48,54,61,62,65,66,89,96,102,103,104,104,1,130984123,105
1181,41409,dscw80,0,0,0,0,0,0,1,2,3,3,3,4,4,5,5,7,9,9,9,9,10,12,14,16,16,16,16,0,42191272,16
1181,44636,dscw80,1,0,0,0,0,0,1,1,2,2,2,2,2,2,2,2,2,2,2,2,2,2,2,2,2,2,2,0,515785,2
