client_metro,region,maprule,is_cache_hit,ttfb_le_5_ms,ttfb_le_10_ms,ttfb_le_15_ms,ttfb_le_20_ms,ttfb_le_25_ms,ttfb_le_30_ms,ttfb_le_35_ms,ttfb_le_40_ms,ttfb_le_45_ms,ttfb_le_50_ms,ttfb_le_55_ms,ttfb_le_60_ms,ttfb_le_65_ms,ttfb_le_70_ms,ttfb_le_75_ms,ttfb_le_80_ms,ttfb_le_85_ms,ttfb_le_90_ms,ttfb_le_95_ms,ttfb_le_100_ms,ttfb_le_150_ms,ttfb_le_200_ms,ttfb_le_300_ms,ttfb_le_400_ms,ttfb_le_500_ms,ttfb_le_1000_ms,ttfb_gt_1000_ms,bytes_sent,requests
1173,37241,dscw80,1,0,0,0,0,0,0,0,0,0,0,0,1,1,1,1,1,1,1,1,1,1,1,1,1,1,1,0,687559,1
1173,47555,dscw80,0,0,0,0,0,0,0,0,0,0,2,2,2,2,2,2,2,2,2,2,2,2,2,2,2,2,2,0,4053651,2
1181,49282,dscw80,1,0,0,0,0,0,1,1,1,2,2,2,2,2,2,2,2,2,2,2,2,2,2,2,2,2,2,0,134501,2
1181,51174,dscw80,0,0,0,0,0,0,0,0,0,0,0,0,0,0,0,1,1,1,1,1,1,1,1,1,1,1,1,0,64783,1
1181,44737,dscw80,1,0,0,0,0,0,0,0,0,0,0,0,0,0,0,0,0,0,1,1,1,1,1,1,1,1,1,0,262397,1
1181,35540,dscw80,0,0,0,0,0,0,0,0,0,0,0,0,0,1,2,2,2,2,2,2,2,2,2,2,2,2,2,0,20005529,2
1181,52590,dscw80,0,0,0,0,0,0,0,0,1,1,1,1,5,7,11,14,19,20,21,23,23,28,30,31,31,33,38,1,79446236,39
1173,46091,dscw80,0,0,0,0,0,0,0,0,0,0,0,0,0,0,0,0,0,0,0,0,0,1,1,1,1,1,1,0,258130,1
1173,44912,dscw80,1,0,0,0,0,0,0,0,2,2,2,2,2,2,2,2,2,2,2,2,2,2,2,2,2,2,2,0,515363,2
1173,46626,dscw80,1,0,0,0,0,3,6,14,16,21,22,25,26,28,29,33,34,34,34,36,37,41,42,45,46,46,46,0,24454965,46
1181,49634,dscw80,0,0,0,1,10,13,16,22,25,25,29,34,35,35,35,35,36,36,37,37,38,40,41,43,43,44,45,1,95650318,46
1181,38974,dscw80,0,0,0,0,0,0,0,0,0,0,0,0,0,1,1,1,2,2,2,2,3,3,4,4,4,4,4,1,2041780,5
1173,49440,dscw80,0,0,0,0,0,0,0,2,6,8,13,22,33,42,53,67,77,86,94,103,111,145,167,180,188,190,196,13,598085551,209
1181,44035,dscw80,0,0,0,0,0,0,0,0,1,1,1,1,1,1,1,1,1,2,2,2,2,4,4,5,6,6,6,0,6392327,6
1173,44080,dscw80,0,0,0,0,0,0,0,0,0,0,0,0,0,0,0,0,0,0,0,0,0,0,0,1,1,1,1,0,128104,1
1173,45169,dscw80,1,0,0,0,0,0,0,0,0,0,1,2,2,4,4,4,4,4,4,4,4,4,4,4,4,4,4,0,4974493,4
1181,41408,dscw80,0,0,0,0,0,0,0,0,1,1,1,3,3,3,3,3,3,4,4,4,4,5,5,6,6,6,6,0,34223645,6
1181,44737,dscw80,0,0,0,0,0,0,0,0,0,1,1,1,1,1,1,1,1,1,1,1,1,2,3,3,4,4,4,0,5030740,4
1173,47853,dscw80,1,0,0,0,0,0,0,0,0,0,0,0,0,1,3,3,4,4,4,5,5,6,6,6,7,7,7,0,6252579,7
1173,50298,dscw80,1,0,0,0,0,1,5,11,14,16,21,24,30,31,31,35,35,36,37,38,38,45,48,50,50,51,51,0,23749342,51
1173,50463,dscw80,1,0,0,0,3,9,16,22,25,33,38,46,54,60,62,63,69,74,74,77,78,80,80,81,81,81,82,0,203802510,82
1173,44912,dscw80,0,0,0,0,0,0,0,0,0,0,1,1,1,1,3,3,3,4,4,4,4,4,5,6,6,6,8,0,20224796,8
1173,46626,dscw80,0,0,0,0,0,1,3,18,45,57,79,87,100,113,122,132,146,153,164,168,179,224,235,244,251,253,257,1,779155422,258
1181,49440,dscw80,1,0,0,0,0,1,2,2,2,2,2,2,2,2,2,2,2,2,2,2,2,2,2,2,2,2,2,0,323346,2
1181,37241,dscw80,1,7,10,11,12,13,13,13,14,15,15,15,16,16,16,16,16,16,16,16,16,18,18,18,18,18,20,1,11466776,21
1173,50535,dscw80,0,0,0,0,0,0,0,0,0,0,0,0,0,0,0,0,0,0,0,0,0,0,0,2,2,2,2,0,6548038,2
1181,36533,dscw80,1,0,0,0,0,0,0,0,0,0,0,0,0,0,0,0,0,0,0,0,0,0,1,1,1,1,1,0,101664,1
1173,52262,dscw80,0,0,0,0,0,0,0,0,0,0,0,0,0,0,0,0,0,0,0,0,0,1,1,1,1,1,1,0,129730,1
1181,40557,dscw80,0,0,0,0,0,0,0,0,0,0,0,0,0,0,0,0,0,0,0,0,0,0,0,0,0,0,1,0,128543,1
1181,46091,dscw80,0,0,0,0,0,0,0,0,0,0,0,0,0,0,0,0,0,0,0,0,0,2,3,3,3,3,3,0,23949882,3
1173,45169,dscw80,0,0,0,0,0,0,0,0,0,0,0,0,0,0,0,0,0,0,1,1,1,3,3,5,7,7,9,0,13490226,9
1173,43302,dscw80,0,0,0,0,0,0,0,0,0,0,0,0,1,1,1,1,1,3,3,3,3,3,3,3,3,3,3,0,12873474,3
1173,52978,dscw80,1,0,0,0,1,3,4,4,4,4,6,8,8,8,8,8,9,9,9,10,10,10,10,10,11,11,11,0,37749171,11
1173,47853,dscw80,0,0,0,0,0,0,0,0,0,0,0,0,4,6,9,12,17,21,23,27,29,41,44,49,54,54,54,0,121652004,54
1173,50298,dscw80,0,0,0,0,0,2,4,6,9,14,19,30,41,48,60,69,82,90,103,111,114,168,196,222,231,234,238,10,668470295,248
1173,50463,dscw80,0,0,0,0,1,14,37,64,81,100,118,150,182,213,237,257,275,289,295,308,319,367,398,412,421,424,430,4,1167214345,434
1173,51906,dscw80,1,0,0,0,0,0,1,7,7,9,12,14,16,21,22,27,27,27,28,30,32,36,39,39,40,40,41,1,32374564,42
1181,49440,dscw80,0,0,0,0,0,0,0,4,5,5,5,5,6,7,7,7,8,9,9,9,10,10,10,10,10,10,10,0,10930299,10
1173,41409,dscw80,1,0,0,0,0,0,0,0,0,2,2,2,3,3,3,3,3,3,3,3,3,3,3,3,3,3,3,0,10796343,3
1181,37241,dscw80,0,1,8,24,32,35,35,40,40,41,43,44,45,47,49,49,52,55,55,55,56,64,72,82,85,88,91,13,143348126,104
1181,48590,dscw80,0,0,0,1,1,1,1,1,1,1,1,1,1,1,2,2,2,2,2,3,3,6,6,6,6,6,6,0,20938924,6
1181,50565,dscw80,0,0,0,0,0,0,0,0,0,0,0,0,0,0,0,0,0,0,0,0,0,0,0,0,0,0,1,0,6544347,1
1173,43663,dscw80,1,0,0,0,0,3,3,7,9,12,14,16,17,20,22,22,23,24,24,24,24,25,27,28,29,29,29,0,60860224,29
1173,52590,dscw80,1,0,0,10,106,284,447,580,701,797,879,940,994,1042,1081,1105,1130,1146,1162,1178,1193,1290,1319,1346,1357,1363,1371,17,2406577368,1388
1181,49257,dscw80,0,0,0,0,1,2,4,5,5,7,7,9,9,10,13,14,14,14,15,15,15,15,16,16,16,16,16,0,39271334,16
1173,49054,dscw80,1,0,0,0,0,0,0,0,0,0,0,0,0,0,1,2,2,2,2,2,2,2,2,2,3,3,3,0,69505,3
1173,52978,dscw80,0,0,0,0,0,8,23,39,58,73,90,101,112,118,126,133,142,146,150,154,155,177,185,195,195,196,196,0,412169566,196
1173,53419,dscw80,0,0,0,0,0,0,0,0,0,0,0,0,0,1,1,2,2,2,2,2,2,2,2,3,3,3,3,0,320461,3
1181,52262,dscw80,0,0,0,0,0,0,0,0,0,0,0,0,0,0,0,0,0,0,0,0,0,1,2,4,5,5,6,0,3442561,6
1173,51906,dscw80,0,0,0,0,0,1,1,1,3,6,9,10,13,20,22,29,32,36,41,41,41,52,62,66,73,75,77,0,222103711,77
1181,41187,dscw80,1,0,1,1,1,1,1,1,1,1,1,1,1,1,1,1,1,1,1,1,1,1,1,1,1,1,1,0,438958,1
1173,41409,dscw80,0,0,0,0,0,0,0,0,0,0,0,2,3,4,4,7,9,11,12,13,14,20,22,26,27,27,27,0,53559358,27
1173,44035,dscw80,1,0,0,0,5,13,24,39,58,72,83,94,103,108,110,120,122,122,124,128,130,141,149,156,158,159,160,3,232422832,163
1181,45169,dscw80,0,0,0,0,0,0,0,0,0,0,0,0,0,0,0,0,0,0,1,2,2,3,3,3,3,3,3,0,1990488,3
1181,52978,dscw80,1,0,0,0,0,0,0,0,0,0,0,0,0,0,0,0,0,0,1,1,1,1,1,1,1,1,1,0,128361,1
1173,44737,dscw80,1,0,0,0,0,1,2,2,2,4,5,6,7,8,9,9,10,11,14,15,15,15,15,15,15,15,15,0,26225093,15
1181,49158,dscw80,1,4,24,62,102,152,218,308,391,478,524,563,600,617,635,658,681,689,698,712,724,752,772,792,799,804,812,2,1549709194,814
1181,53419,dscw80,1,0,0,1,7,14,20,24,26,27,31,33,34,35,37,37,37,37,38,38,38,40,40,40,40,40,40,0,36348116,40
1181,50298,dscw80,0,0,0,0,0,0,0,0,0,0,0,0,0,0,0,0,0,0,0,0,0,1,1,1,2,2,2,0,1336627,2
1173,43663,dscw80,0,0,0,0,0,0,5,11,22,38,46,62,74,85,99,107,114,118,119,127,130,153,164,169,172,173,177,1,537003678,178
1173,52590,dscw80,0,0,1,1,45,204,432,642,839,1004,1149,1280,1410,1517,1605,1696,1780,1835,1888,1940,1978,2272,2394,2514,2581,2618,2670,27,7683258910,2697
1181,45983,dscw80,0,0,0,0,0,0,0,0,0,0,0,0,0,0,0,0,0,0,0,0,1,1,1,1,1,1,1,0,42743,1
1181,51472,dscw80,1,0,0,1,1,1,2,3,4,4,4,4,4,4,4,4,4,5,5,5,6,6,6,6,6,6,6,0,2600886,6
1173,49054,dscw80,0,0,0,0,0,0,0,0,0,0,1,2,2,2,3,3,5,5,5,5,5,8,10,13,15,17,18,1,11332077,19
1181,41409,dscw80,1,0,0,0,0,0,0,0,0,0,0,1,1,1,1,1,1,1,2,2,2,3,3,3,3,3,3,0,2591203,3
1173,44738,dscw80,0,0,0,0,0,0,0,0,0,0,0,0,0,0,0,0,0,0,1,1,1,1,1,1,2,2,2,0,4383420,2
1181,51174,dscw80,1,0,0,0,0,0,0,0,0,0,0,0,0,1,1,2,2,2,2,2,2,2,2,2,2,2,2,0,66692,2
1181,41187,dscw80,0,0,0,0,0,1,1,3,3,3,3,4,4,5,7,7,7,7,8,8,8,9,9,9,9,9,9,0,14144702,9
1173,44035,dscw80,0,0,0,0,0,3,16,40,76,122,177,219,255,281,321,368,402,416,441,468,483,601,649,687,702,713,727,7,1885211067,734
1181,52590,dscw80,1,0,0,0,0,0,0,0,1,1,1,2,2,2,2,4,5,6,6,6,6,6,6,6,6,6,6,0,11742780,6
1181,52978,dscw80,0,0,0,0,0,0,0,0,0,0,0,0,0,0,0,0,0,1,1,2,2,2,2,2,2,2,2,0,256358,2
1173,44737,dscw80,0,0,0,0,0,0,1,4,9,13,19,24,26,29,34,40,46,47,51,53,53,69,73,76,78,78,81,1,152348055,82
1181,49158,dscw80,0,5,15,57,116,188,274,370,473,582,694,796,861,922,959,1002,1032,1061,1100,1124,1146,1283,1353,1427,1455,1461,1472,9,3951107305,1481
1181,53419,dscw80,0,0,7,17,43,84,136,183,220,261,278,293,305,329,343,353,362,366,372,381,386,421,441,460,465,471,473,1,1162324551,474
1181,49634,dscw80,1,0,0,0,0,0,1,2,3,3,3,5,7,7,8,8,8,8,8,8,8,10,10,11,11,11,11,0,40904637,11
1181,51472,dscw80,0,0,0,0,0,0,2,4,7,8,8,10,12,12,14,16,17,18,18,19,19,21,21,22,22,22,22,0,23653959,22
1173,49440,dscw80,1,0,0,0,0,0,0,3,7,10,13,17,26,30,39,46,52,57,61,64,64,73,77,79,79,79,80,3,127540557,83
1181,41409,dscw80,0,0,0,0,0,0,1,1,1,2,3,6,6,6,7,10,10,11,11,13,13,21,22,22,22,22,22,0,29615820,22
1181,44035,dscw80,1,1,1,1,1,1,1,1,1,1,1,1,1,1,1,1,1,1,1,1,1,1,1,1,1,1,1,0,128229,1
