client_metro,region,maprule,is_cache_hit,ttfb_le_5_ms,ttfb_le_10_ms,ttfb_le_15_ms,ttfb_le_20_ms,ttfb_le_25_ms,ttfb_le_30_ms,ttfb_le_35_ms,ttfb_le_40_ms,ttfb_le_45_ms,ttfb_le_50_ms,ttfb_le_55_ms,ttfb_le_60_ms,ttfb_le_65_ms,ttfb_le_70_ms,ttfb_le_75_ms,ttfb_le_80_ms,ttfb_le_85_ms,ttfb_le_90_ms,ttfb_le_95_ms,ttfb_le_100_ms,ttfb_le_150_ms,ttfb_le_200_ms,ttfb_le_300_ms,ttfb_le_400_ms,ttfb_le_500_ms,ttfb_le_1000_ms,ttfb_gt_1000_ms,bytes_sent,requests
1181,42617,dscw80,0,0,0,0,0,0,0,0,0,0,0,0,0,0,1,1,1,1,1,1,1,1,1,1,1,1,1,0,257797,1
1181,51174,dscw80,0,0,0,0,0,0,0,0,0,0,4,6,6,6,6,6,6,6,6,6,6,7,7,7,7,7,7,0,8565586,7
1181,52590,dscw80,0,0,0,0,0,0,0,0,0,1,1,2,3,4,5,7,8,9,9,10,10,11,11,11,11,11,11,2,3747039,13
1173,46091,dscw80,0,0,0,0,0,0,0,0,0,0,1,1,1,1,1,1,1,1,1,1,1,2,3,4,4,4,4,0,2486050,4
1173,44912,dscw80,1,0,0,0,1,8,18,30,38,48,55,60,64,67,69,72,76,80,83,85,87,92,96,96,98,100,100,0,134455415,100
1173,46626,dscw80,1,0,0,0,0,3,6,16,24,28,36,48,55,60,69,73,78,81,84,85,86,101,104,106,106,106,107,0,205799650,107
1181,44738,dscw80,0,0,0,0,0,0,0,0,0,0,0,0,0,0,0,0,0,1,1,2,2,2,2,2,2,2,2,0,1351086,2
1181,49634,dscw80,0,0,0,0,1,2,2,2,2,2,2,2,2,3,3,3,3,3,3,3,4,4,4,5,5,5,5,0,4900788,5
1173,49440,dscw80,0,0,0,0,0,0,0,0,3,4,5,8,13,18,22,32,37,39,43,46,49,70,78,88,92,92,94,0,209761580,94
1181,44035,dscw80,0,0,0,0,0,0,0,0,0,0,0,0,0,0,1,1,2,3,3,3,4,6,8,11,11,12,12,0,10747758,12
1181,44636,dscw80,0,0,0,0,0,0,0,0,1,2,2,2,2,3,3,3,3,3,4,4,4,4,4,4,4,4,4,0,7899989,4
1181,38580,dscw80,0,0,0,0,0,2,2,2,2,2,2,2,2,2,2,2,2,2,2,2,2,2,2,2,2,2,2,0,256868,2
1173,45169,dscw80,1,0,0,0,0,0,0,0,0,0,0,0,0,0,0,1,1,2,2,2,2,3,3,3,3,3,3,0,194750,3
1173,42863,dscw80,0,0,0,0,0,0,0,0,0,0,0,0,0,1,1,2,2,3,3,3,3,3,3,3,3,3,3,0,6721063,3
1173,50463,dscw80,1,0,0,0,0,0,1,3,4,5,5,6,7,8,10,10,10,10,11,12,13,15,16,17,17,17,17,0,10283256,17
1173,44912,dscw80,0,0,0,0,0,2,12,29,54,86,118,146,181,216,247,269,291,319,342,356,365,468,507,538,556,568,578,6,1291770057,584
1173,46626,dscw80,0,0,0,0,0,0,2,8,22,42,73,96,112,139,163,185,202,231,244,261,281,377,420,456,471,483,490,0,1504517259,490
1181,52167,dscw80,0,0,0,0,0,0,0,0,0,0,0,0,0,0,0,0,0,0,0,0,0,0,0,0,0,0,1,0,128801,1
1181,37241,dscw80,1,0,0,0,0,0,0,0,0,0,0,0,1,1,2,3,4,4,4,4,4,5,6,6,6,6,6,0,26116390,6
1181,48590,dscw80,1,0,0,0,0,1,1,2,2,2,2,2,2,2,2,2,2,2,2,2,2,2,2,2,2,2,2,0,1537296,2
1181,41984,dscw80,1,0,0,0,0,0,0,0,1,1,1,1,1,1,1,1,1,1,1,1,1,1,1,1,1,1,1,0,257779,1
1173,46148,dscw80,0,0,0,0,0,0,0,0,0,0,0,0,0,0,0,0,0,0,1,1,1,1,1,1,1,1,1,0,2033700,1
1173,45169,dscw80,0,0,0,0,0,0,0,0,0,0,0,1,2,2,2,3,3,3,3,3,3,5,5,5,5,5,5,0,13909496,5
1173,52978,dscw80,1,0,0,0,0,1,3,6,7,10,12,13,14,14,16,17,19,20,21,22,23,31,32,33,33,33,34,1,24905249,35
1181,53188,dscw80,1,0,0,0,0,0,0,0,0,0,0,0,0,0,0,0,0,0,0,0,0,0,0,1,1,1,1,0,113148,1
1173,50298,dscw80,0,0,0,0,0,0,0,0,0,0,0,0,0,0,0,0,0,0,0,0,0,0,0,1,1,1,1,1,7105859,2
1173,50463,dscw80,0,0,0,0,0,3,9,18,30,39,47,55,62,69,73,82,84,85,92,99,101,127,140,156,158,162,164,0,378337085,164
1173,51906,dscw80,1,0,0,0,0,0,1,1,1,1,2,2,3,3,3,3,3,3,3,3,3,3,4,4,4,4,4,0,25598102,4
1173,41409,dscw80,1,0,0,0,0,0,0,0,0,0,0,0,0,0,0,0,0,0,0,0,0,1,1,1,1,1,1,0,107994,1
1181,37241,dscw80,0,0,3,6,7,7,8,8,8,9,9,10,11,11,11,12,13,13,13,16,18,29,35,36,36,36,36,0,53396250,36
1181,45169,dscw80,1,0,0,0,0,0,0,0,0,0,0,0,0,0,0,0,0,0,1,1,1,1,1,1,1,1,1,0,65830,1
1181,48590,dscw80,0,0,2,2,2,2,2,3,6,7,9,9,9,12,12,14,15,16,17,17,17,17,17,18,18,18,18,0,13821865,18
1181,36533,dscw80,0,0,0,0,0,0,0,0,0,0,0,0,0,0,0,0,0,0,0,0,0,0,0,1,1,1,1,0,5131188,1
1181,41984,dscw80,0,0,0,0,0,0,0,0,0,0,0,0,0,0,0,0,0,1,1,1,1,1,1,1,1,1,1,0,9839236,1
1173,47733,dscw80,1,0,0,0,0,0,0,0,0,0,0,0,0,0,1,2,3,4,4,4,5,6,6,7,7,7,7,0,7475272,7
1173,51174,dscw80,1,0,0,0,0,0,0,1,1,1,1,1,1,2,2,2,2,2,2,2,3,4,4,4,4,4,4,0,867039,4
1181,42863,dscw80,0,0,0,0,0,0,0,0,0,0,0,0,0,0,0,0,0,0,0,0,0,0,1,1,1,1,1,0,128998,1
1173,43663,dscw80,1,0,0,0,0,0,0,1,4,6,6,6,7,7,7,7,7,7,7,7,7,7,7,7,7,7,7,0,17506639,7
1173,47542,dscw80,0,0,0,0,0,0,0,0,0,0,0,0,0,0,0,0,0,0,0,0,0,0,0,0,0,0,1,0,42960,1
1173,52590,dscw80,1,0,0,1,6,15,23,34,40,46,50,54,58,59,61,67,69,74,76,79,80,89,94,97,98,98,98,0,142126405,98
1181,44912,dscw80,0,0,0,0,0,0,0,0,0,0,0,0,0,0,0,1,1,1,1,1,1,3,4,4,5,5,5,0,2986957,5
1173,48341,dscw80,1,0,0,0,0,0,0,0,0,0,0,0,0,0,0,0,1,1,1,1,1,1,1,1,1,1,1,0,1191755,1
1181,49257,dscw80,0,0,0,0,1,1,1,2,3,3,3,3,3,3,3,3,3,3,3,3,3,3,3,3,3,3,3,0,764803,3
1173,49054,dscw80,1,0,0,0,0,0,0,0,0,0,0,0,0,0,0,0,0,0,0,1,1,2,2,2,2,2,2,0,1501533,2
1173,52978,dscw80,0,0,0,0,0,9,18,29,44,52,60,78,104,128,148,172,191,200,216,229,245,330,363,397,407,412,419,9,821275100,428
1181,53188,dscw80,0,0,0,0,0,0,0,0,0,0,0,0,0,0,0,0,0,0,0,0,0,0,1,2,2,2,2,0,3428876,2
1173,44738,dscw80,1,0,0,0,0,0,1,1,1,1,1,1,2,2,2,2,2,2,2,2,2,3,3,3,3,3,3,0,7499529,3
1173,49634,dscw80,1,0,0,0,0,0,0,1,1,1,1,1,1,1,1,1,1,1,1,1,1,1,1,1,1,1,1,0,257971,1
1173,51472,dscw80,0,0,0,0,0,0,0,0,0,0,0,0,0,0,0,0,0,0,0,0,0,1,1,1,1,1,1,0,257449,1
1173,51906,dscw80,0,0,0,0,1,1,1,2,3,3,4,4,6,6,7,9,9,10,11,11,11,16,22,28,29,30,31,0,54627669,31
1173,49429,dscw80,1,0,0,0,0,0,0,0,0,0,3,3,3,3,3,3,3,3,3,3,3,3,3,3,3,3,3,0,644792,3
1181,41187,dscw80,1,0,0,0,0,0,0,1,1,1,1,1,1,1,1,1,1,1,1,1,1,1,1,1,1,1,1,0,1380,1
1173,41409,dscw80,0,0,0,0,0,0,0,0,0,1,1,1,1,2,2,3,3,4,5,5,9,11,14,14,14,14,14,0,60555212,14
1173,44035,dscw80,1,0,0,0,2,6,11,17,30,43,52,63,66,74,81,85,92,95,100,101,104,112,112,118,119,119,119,0,206319855,119
1181,45169,dscw80,0,0,0,0,0,0,0,0,0,0,0,0,0,0,0,0,0,1,1,1,1,1,1,1,1,1,1,0,43463,1
1173,47733,dscw80,0,0,0,0,0,0,0,0,0,0,0,0,0,0,2,4,4,5,9,9,9,20,21,21,21,21,21,0,29281007,21
1173,51174,dscw80,0,0,0,0,0,0,2,2,5,6,6,8,8,11,12,12,18,19,20,21,21,22,23,25,26,26,27,0,42215023,27
1173,41408,dscw80,1,0,0,0,0,0,0,0,0,0,0,1,1,1,1,2,2,2,2,2,2,3,3,3,3,3,3,0,517399,3
1173,44737,dscw80,1,0,0,0,0,1,3,3,3,3,3,3,4,5,5,7,7,7,7,7,7,13,13,13,13,13,13,0,22603312,13
1181,49158,dscw80,1,2,2,2,2,2,2,2,2,2,2,2,2,2,2,3,3,3,3,3,3,3,3,3,3,3,3,0,3734608,3
1181,53419,dscw80,1,2,8,15,42,58,74,87,97,106,106,110,112,113,115,117,118,120,121,123,124,128,131,131,131,132,133,0,74363884,133
1173,43663,dscw80,0,0,0,0,0,0,0,0,1,3,5,6,8,10,12,13,16,17,19,19,21,26,28,29,29,30,30,0,150766035,30
1173,52590,dscw80,0,0,0,0,8,32,70,106,141,166,198,229,257,277,295,304,317,319,330,344,352,418,442,470,481,483,487,0,1337624804,487
1173,40383,dscw80,0,0,0,0,0,0,0,0,0,0,0,0,0,0,0,0,0,0,0,0,0,2,4,4,4,4,4,0,8481595,4
1173,48341,dscw80,0,0,0,0,0,0,0,1,1,1,1,1,1,1,1,1,1,1,1,1,1,3,6,6,6,6,6,0,7812653,6
1173,49054,dscw80,0,0,0,0,0,0,0,0,0,0,0,1,1,1,1,1,1,2,3,4,4,6,6,6,6,6,6,0,15293404,6
1181,41409,dscw80,1,0,0,0,0,0,0,1,1,1,1,1,1,1,1,2,2,2,2,2,2,2,2,3,3,3,3,0,791148,3
1173,44738,dscw80,0,0,0,0,0,0,0,0,2,3,4,4,7,7,9,11,14,14,14,19,20,31,35,38,38,39,40,0,113480450,40
1173,49429,dscw80,0,0,0,0,0,0,0,0,1,2,2,3,5,9,11,13,14,16,18,19,21,26,27,32,33,35,35,0,108160406,35
1181,41187,dscw80,0,0,0,0,0,0,1,3,3,6,7,9,10,10,10,10,10,10,10,10,11,11,11,14,14,15,17,1,23385241,18
1173,44035,dscw80,0,0,0,0,0,2,8,21,36,51,66,78,96,113,121,132,144,161,171,185,196,271,328,360,388,395,409,6,1034911804,415
1173,38580,dscw80,0,0,0,0,0,0,0,0,0,0,0,0,0,0,1,1,1,1,1,1,1,2,2,2,2,2,2,0,8058184,2
1181,52978,dscw80,0,0,0,0,0,0,0,0,0,0,0,0,0,0,0,0,0,0,0,0,0,2,3,3,3,3,3,0,1553461,3
1173,41408,dscw80,0,0,0,0,0,0,0,0,0,0,1,2,3,3,3,3,3,4,5,5,5,9,10,13,13,13,13,0,29574954,13
1173,44737,dscw80,0,0,0,0,0,0,0,2,4,13,18,26,33,35,39,50,53,57,59,66,72,101,111,121,126,127,127,0,518918874,127
1181,49158,dscw80,0,0,0,1,2,2,2,2,4,6,6,6,6,7,7,9,9,11,11,11,11,11,12,13,13,14,15,1,26922227,16
1181,53419,dscw80,0,2,6,23,46,91,143,189,230,263,293,315,333,348,368,376,384,396,402,414,416,452,476,495,498,501,506,0,1289452652,506
1181,51472,dscw80,0,0,0,0,0,0,0,1,1,1,1,1,1,1,1,1,1,1,1,1,1,1,2,2,2,2,2,0,111093,2
1181,51906,dscw80,0,0,0,0,0,0,0,0,0,0,0,0,0,0,0,0,0,0,0,0,0,2,2,3,3,3,3,0,3939759,3
1173,49440,dscw80,1,0,0,0,0,0,0,0,0,0,0,0,0,4,8,8,10,11,12,12,12,15,16,16,16,17,17,0,8336014,17
1181,41409,dscw80,0,0,0,0,0,0,0,1,2,5,5,5,7,7,9,10,10,11,11,12,12,12,12,13,13,14,14,0,28519821,14
1181,44035,dscw80,1,0,0,0,0,0,0,0,0,0,0,0,2,2,3,3,3,3,3,3,3,3,3,3,3,3,3,0,395193,3
1181,44636,dscw80,1,0,0,0,0,0,0,0,1,1,1,1,1,1,1,1,1,1,1,1,1,1,1,1,1,1,1,0,257874,1
