client_metro,region,maprule,is_cache_hit,ttfb_le_5_ms,ttfb_le_10_ms,ttfb_le_15_ms,ttfb_le_20_ms,ttfb_le_25_ms,ttfb_le_30_ms,ttfb_le_35_ms,ttfb_le_40_ms,ttfb_le_45_ms,ttfb_le_50_ms,ttfb_le_55_ms,ttfb_le_60_ms,ttfb_le_65_ms,ttfb_le_70_ms,ttfb_le_75_ms,ttfb_le_80_ms,ttfb_le_85_ms,ttfb_le_90_ms,ttfb_le_95_ms,ttfb_le_100_ms,ttfb_le_150_ms,ttfb_le_200_ms,ttfb_le_300_ms,ttfb_le_400_ms,ttfb_le_500_ms,ttfb_le_1000_ms,ttfb_gt_1000_ms,bytes_sent,requests
1173,51571,dscw80,0,0,0,0,0,0,0,0,0,0,0,0,0,0,0,0,0,0,0,0,0,0,0,0,1,1,1,0,1992235,1
1181,49634,dscw80,0,0,0,0,0,0,0,0,0,0,1,1,1,2,3,3,3,3,3,3,4,6,7,8,8,9,9,0,21369100,9
1181,51174,dscw80,0,0,0,0,0,0,0,1,1,1,2,2,2,3,3,3,3,4,4,4,4,4,4,4,4,4,4,0,5094964,4
1173,41409,dscw80,0,0,0,0,0,0,0,0,0,1,1,1,1,1,2,4,6,7,9,13,13,17,19,21,22,23,26,0,33946722,26
1173,47698,dscw80,0,0,0,0,0,0,0,0,0,0,0,0,0,0,0,1,2,2,2,3,5,10,11,14,15,15,16,0,49916018,16
1173,49054,dscw80,1,0,0,0,0,0,0,0,0,0,1,1,2,2,2,2,2,2,2,2,2,3,3,3,3,3,3,0,370459,3
1173,38974,dscw80,1,0,0,0,0,0,0,0,0,0,1,1,1,1,2,2,2,2,2,2,2,2,2,2,2,2,2,0,35343,2
1181,45983,dscw80,1,0,0,0,0,0,0,0,0,0,0,0,0,0,0,0,0,0,0,0,1,1,1,1,1,1,1,0,2233,1
1173,46548,dscw80,0,0,0,0,0,0,0,0,0,1,3,4,4,4,4,5,6,6,6,6,6,8,8,8,8,8,8,0,6277559,8
1173,49440,dscw80,0,0,0,0,0,0,0,0,3,8,13,28,40,65,85,104,131,146,165,184,197,283,321,360,378,392,420,12,967521596,432
1181,38580,dscw80,0,0,0,0,0,1,2,3,4,7,9,9,11,11,12,14,14,14,14,15,16,16,16,16,16,16,16,0,24102272,16
1173,44035,dscw80,1,0,0,1,13,41,75,122,168,209,263,300,325,343,366,388,405,410,421,430,434,499,521,537,541,543,545,2,777435295,547
1173,44912,dscw80,0,0,0,0,0,6,15,43,76,113,151,182,214,251,270,291,315,344,362,380,391,525,588,640,656,674,686,5,1617191137,691
1181,49634,dscw80,1,0,0,0,1,1,2,2,2,2,2,2,2,2,2,2,2,2,2,2,2,2,2,2,2,2,2,0,371372,2
1173,41409,dscw80,1,0,0,0,0,0,0,0,0,0,0,0,0,1,2,2,2,2,2,2,2,2,2,5,5,7,10,0,15873,10
1173,47698,dscw80,1,0,0,0,0,0,0,0,0,0,0,0,0,0,1,2,2,2,2,2,2,2,2,2,2,2,2,0,515691,2
1181,46091,dscw80,0,0,0,0,0,0,0,0,0,0,0,0,0,0,0,0,0,0,0,0,0,0,0,0,1,1,1,0,257514,1
1173,44738,dscw80,0,0,0,0,0,0,0,0,0,0,1,1,3,8,13,14,18,20,27,30,33,54,64,71,73,73,75,0,186973994,75
1173,48341,dscw80,0,0,0,0,0,0,0,0,0,0,0,0,0,0,0,1,1,1,1,1,1,1,3,5,5,7,7,5,9171406,12
1173,49440,dscw80,1,0,0,0,0,0,0,0,1,2,4,8,14,21,28,32,37,42,46,52,56,81,86,91,96,99,106,5,68620039,111
1181,38580,dscw80,1,0,0,0,0,0,0,0,0,0,0,0,1,1,1,2,2,2,2,2,2,2,2,2,2,2,2,0,2033526,2
1173,52590,dscw80,0,0,0,1,21,102,239,348,455,568,672,791,887,966,1033,1081,1131,1176,1222,1255,1291,1484,1572,1663,1702,1728,1742,9,4490666335,1751
1173,44912,dscw80,1,0,0,0,10,13,20,35,44,56,60,70,78,82,84,87,90,94,97,101,102,116,123,127,129,129,131,1,144260025,132
1173,51174,dscw80,0,0,0,0,0,0,0,0,1,2,4,5,9,12,13,13,15,16,17,17,18,24,26,28,29,29,29,0,85664672,29
1181,52978,dscw80,0,0,0,0,0,0,0,0,0,1,1,1,1,1,1,1,1,1,2,2,3,5,6,6,6,7,7,0,2391895,7
1173,38580,dscw80,0,0,0,0,0,0,0,0,0,0,0,0,0,0,0,0,0,1,1,1,1,2,3,4,4,4,4,0,6244055,4
1173,44738,dscw80,1,0,0,0,0,0,0,0,0,0,0,0,0,1,1,1,2,2,3,3,3,5,5,5,5,5,5,0,6054717,5
1173,48341,dscw80,1,0,0,0,0,0,0,0,0,0,0,0,0,0,0,0,0,0,0,0,0,0,1,1,2,2,2,3,262343,5
1173,52590,dscw80,1,0,0,2,15,47,83,111,136,151,174,195,214,228,241,249,251,256,261,264,266,293,303,308,309,311,315,0,454357453,315
1173,51174,dscw80,1,0,0,0,0,0,0,0,0,0,0,0,0,0,0,0,0,0,0,0,0,1,1,1,1,1,1,0,3317110,1
1181,44737,dscw80,0,0,0,0,0,0,0,0,0,1,1,1,1,1,1,2,2,2,2,2,2,2,2,2,2,2,2,1,1756812,3
1173,46091,dscw80,0,0,0,0,0,0,0,0,0,0,0,0,0,0,0,0,1,2,2,3,3,4,4,4,4,4,4,0,344469,4
1181,48590,dscw80,0,0,0,0,3,6,7,10,12,14,17,19,21,23,25,30,30,31,31,31,31,41,46,55,56,57,58,0,134055330,58
1181,50061,dscw80,0,0,0,0,0,0,0,1,1,1,1,1,1,1,1,1,1,1,1,1,1,1,1,1,1,1,1,0,129154,1
1181,47632,dscw80,0,0,0,0,0,0,0,0,0,0,0,0,1,1,1,1,1,1,1,1,1,2,4,4,4,4,4,0,5674496,4
1173,52978,dscw80,0,0,0,0,2,8,26,64,98,152,212,284,370,471,576,668,738,816,890,946,999,1378,1541,1706,1793,1842,1906,36,3833210840,1942
1181,48590,dscw80,1,0,0,0,0,1,2,2,3,4,4,4,4,4,5,6,6,8,8,8,8,9,9,10,10,10,10,0,6936412,10
1173,49429,dscw80,0,0,0,0,0,0,0,0,0,0,0,0,1,3,3,3,3,3,4,4,4,4,5,5,5,6,6,0,9201975,6
1181,50566,dscw80,0,0,0,0,0,0,0,0,1,1,1,1,1,1,1,1,1,2,2,2,2,2,2,2,2,2,2,0,19303948,2
1173,47733,dscw80,0,0,0,0,0,0,0,0,0,0,0,0,1,6,7,11,14,14,17,22,23,42,57,60,63,63,64,0,233767808,64
1181,47632,dscw80,1,0,0,0,0,0,0,0,0,0,1,1,1,1,1,1,1,1,1,1,1,1,1,2,2,2,2,0,1628710,2
1173,44737,dscw80,0,0,0,0,0,0,1,8,16,34,43,56,68,81,93,107,123,133,138,149,151,199,219,241,250,255,260,0,576352511,260
1173,52978,dscw80,1,0,0,0,1,7,21,34,42,51,61,80,90,108,122,134,144,153,161,165,169,191,203,220,226,229,236,3,186951037,239
1181,37241,dscw80,0,2,7,12,12,12,12,12,12,12,13,13,14,14,14,14,14,14,14,14,14,17,18,18,18,18,18,0,4586668,18
1181,46626,dscw80,0,0,0,0,0,0,0,0,0,0,0,0,0,0,0,0,1,1,1,1,1,2,2,3,3,3,3,0,679401,3
1181,52262,dscw80,0,0,0,0,0,0,0,0,0,1,1,1,1,1,1,1,1,1,1,1,1,2,4,4,4,4,4,0,715758,4
1181,50566,dscw80,1,0,0,0,0,0,0,0,0,0,0,1,1,1,1,1,1,1,1,1,1,1,1,1,1,1,1,0,257905,1
1173,47733,dscw80,1,0,0,0,0,0,0,0,0,0,0,1,1,5,6,7,8,8,8,8,8,13,13,14,14,14,14,0,13322179,14
1173,44737,dscw80,1,0,0,0,0,2,4,9,13,15,17,20,22,26,26,28,30,31,31,32,33,35,36,37,37,37,37,0,23754128,37
1173,50298,dscw80,0,0,0,0,0,0,0,0,0,0,0,0,0,0,0,0,0,0,1,1,1,3,4,4,5,5,5,0,23080787,5
1181,45169,dscw80,0,0,0,0,0,0,0,1,1,1,1,1,3,6,8,9,9,12,13,14,14,21,21,21,21,21,22,0,43102898,22
1181,37241,dscw80,1,1,1,1,1,1,1,1,1,1,1,1,1,1,1,2,2,2,2,3,3,4,4,4,4,4,4,0,1034875,4
1181,46626,dscw80,1,0,0,0,0,0,0,0,0,0,0,0,0,1,1,1,1,1,1,1,1,1,1,1,1,1,1,0,2280,1
1181,49158,dscw80,0,3,8,36,53,86,149,220,277,338,393,423,459,487,510,533,546,565,581,597,612,686,714,750,760,764,769,18,1869898780,787
1181,52262,dscw80,1,0,0,0,1,1,1,1,1,1,1,1,1,1,1,1,1,1,1,1,1,1,1,1,1,1,1,0,9373144,1
1173,43663,dscw80,0,0,0,0,0,0,0,1,2,6,10,16,18,20,20,21,22,23,23,24,25,30,34,36,37,37,37,0,133040435,37
1181,42863,dscw80,1,0,0,0,0,0,0,0,0,1,1,1,1,1,1,1,1,1,1,1,1,1,1,1,1,1,1,0,2426,1
1181,51472,dscw80,0,0,0,0,0,0,2,3,5,8,10,11,12,12,12,12,12,12,12,12,12,13,13,14,15,17,17,0,35469611,17
1173,49110,dscw80,0,0,0,0,0,0,0,0,0,4,5,8,11,14,18,21,22,26,27,27,27,39,47,53,57,57,57,0,80143156,57
1173,50298,dscw80,1,0,0,0,0,0,0,0,0,0,0,0,0,0,1,1,1,1,1,1,1,1,1,1,1,1,1,0,13327088,1
1181,45169,dscw80,1,0,0,0,0,0,0,0,0,0,0,0,2,3,3,4,5,5,6,7,7,8,10,10,10,10,10,0,17289168,10
1173,46626,dscw80,0,0,0,0,0,0,3,16,46,93,162,244,314,388,462,541,634,700,775,837,894,1313,1473,1604,1653,1680,1708,8,4710411091,1716
1173,52262,dscw80,0,0,0,0,0,0,0,0,0,0,0,0,0,0,0,0,0,1,1,1,1,2,2,2,2,2,2,0,10356698,2
1181,49158,dscw80,1,0,6,17,36,59,90,133,159,173,192,208,223,231,240,246,251,254,260,260,263,275,280,282,283,283,286,9,442418728,295
1173,42863,dscw80,0,0,0,0,0,0,0,0,1,1,2,6,7,8,8,12,15,19,20,22,23,37,41,46,47,47,48,0,123665759,48
1173,43302,dscw80,0,0,0,0,0,0,0,0,0,1,1,1,1,1,1,1,1,1,1,1,1,1,1,2,2,2,2,0,4553415,2
1173,43663,dscw80,1,0,0,0,0,0,2,2,3,3,4,4,4,4,4,4,5,7,7,7,7,7,7,7,7,7,7,0,6039835,7
1181,44636,dscw80,0,0,0,0,0,0,0,0,1,1,1,1,1,1,1,1,2,3,3,3,3,3,4,4,4,4,4,0,11150050,4
1181,51472,dscw80,1,0,0,0,0,0,0,0,2,2,2,2,2,2,2,2,2,2,2,2,2,2,2,2,2,2,2,0,34769,2
1173,45169,dscw80,0,0,0,0,0,0,0,0,1,4,8,12,15,20,24,26,31,31,38,39,43,67,74,75,76,77,78,1,184347358,79
1181,49054,dscw80,0,0,0,0,0,0,0,0,0,0,0,0,0,0,0,0,0,0,0,0,0,1,1,1,1,1,1,0,2223,1
1181,38974,dscw80,0,0,0,0,0,0,0,0,0,1,2,2,4,4,5,6,6,6,6,6,6,7,8,10,12,12,12,0,9372574,12
1173,46626,dscw80,1,0,0,0,0,1,12,44,74,104,125,152,177,198,231,256,288,304,321,333,347,408,429,439,443,443,446,6,714105653,452
1181,44035,dscw80,0,0,0,0,0,0,0,0,0,0,0,1,1,2,2,2,2,3,5,6,6,8,12,12,14,15,19,0,19794819,19
1173,42863,dscw80,1,0,0,0,0,0,0,0,0,0,1,3,4,5,5,5,5,6,6,6,6,7,7,7,7,7,7,0,6814084,7
1173,51472,dscw80,0,0,0,0,0,0,0,0,0,0,0,0,0,0,0,0,0,0,1,1,1,3,3,3,3,3,3,0,1480482,3
1181,51571,dscw80,0,0,0,0,0,0,0,0,0,0,0,0,0,0,0,0,1,1,1,1,1,1,1,1,1,1,1,0,257577,1
1173,45169,dscw80,1,0,0,0,0,0,0,0,1,3,3,4,5,6,6,7,7,9,10,11,12,15,17,17,18,18,18,0,4530053,18
1181,41409,dscw80,0,0,0,0,0,0,1,2,2,2,2,4,4,6,9,10,12,13,14,14,15,18,20,20,20,20,20,0,52215333,20
1181,47698,dscw80,0,0,0,0,0,0,0,0,0,1,2,2,2,2,2,2,2,2,2,2,2,2,2,2,2,2,2,0,1874687,2
1181,49257,dscw80,0,0,1,3,4,6,8,10,13,18,18,19,20,21,21,21,21,21,21,21,21,23,26,26,27,27,27,0,62151269,27
1173,50463,dscw80,0,0,0,0,0,3,7,27,57,85,108,125,145,173,199,239,268,297,317,337,355,480,544,591,610,617,622,0,1409357553,622
1173,51906,dscw80,0,0,0,0,0,0,0,1,6,8,9,10,13,14,18,21,24,28,30,35,37,50,62,77,80,83,87,2,243139978,89
1181,38974,dscw80,1,0,0,0,0,0,0,1,1,1,1,1,1,1,2,2,2,2,2,2,2,2,2,2,2,2,2,0,260963,2
1181,41187,dscw80,0,0,0,0,0,0,0,0,0,0,0,0,0,0,0,0,0,0,0,0,0,1,1,1,1,2,2,0,129868,2
1181,49440,dscw80,0,0,0,0,0,0,0,2,2,2,3,3,4,5,5,5,5,5,5,5,5,8,8,9,9,10,10,0,13362025,10
1181,53419,dscw80,0,5,41,89,224,529,913,1274,1603,1869,2082,2254,2383,2508,2620,2699,2769,2833,2900,2956,2997,3287,3415,3544,3598,3609,3629,10,9394401286,3639
1181,44035,dscw80,1,0,0,1,1,1,1,2,2,2,2,2,3,4,4,5,5,6,6,6,6,7,7,7,7,7,7,0,1820975,7
1173,49158,dscw80,1,0,0,0,0,0,0,0,0,0,0,0,0,0,1,1,1,1,1,1,1,1,1,1,1,1,1,0,32962,1
1181,53188,dscw80,0,0,0,0,0,0,0,0,0,0,0,0,3,3,3,3,3,3,3,3,3,3,3,3,3,3,3,0,385069,3
1173,49054,dscw80,0,0,0,0,0,0,0,0,0,0,0,2,3,5,6,7,9,9,10,10,10,15,16,20,20,21,22,0,35681163,22
1181,41409,dscw80,1,0,0,1,1,1,1,1,1,1,2,2,2,2,2,2,2,2,2,2,2,2,2,2,2,2,2,0,5561422,2
1181,49257,dscw80,1,0,0,0,1,1,2,2,2,3,3,3,4,4,4,4,4,4,4,4,4,4,4,4,4,4,4,0,774904,4
1173,38974,dscw80,0,0,0,0,0,0,0,0,0,0,0,0,0,2,2,2,2,2,3,4,5,7,8,8,8,8,9,0,8512678,9
1173,50463,dscw80,1,0,0,0,0,1,1,4,6,7,8,11,12,12,15,20,22,23,23,23,24,28,28,30,30,30,30,0,41050613,30
1173,51906,dscw80,1,0,0,0,0,0,1,2,4,5,6,7,8,10,11,13,15,15,15,15,15,15,15,19,19,19,19,0,19398026,19
1181,45983,dscw80,0,0,0,0,0,0,0,0,0,0,0,0,0,0,0,0,0,0,0,0,0,6,6,7,7,7,7,0,1585658,7
1181,49440,dscw80,1,0,0,0,0,1,1,3,3,3,3,3,3,3,3,3,3,3,3,3,3,4,4,4,4,4,4,0,989631,4
1181,53419,dscw80,1,7,29,73,170,351,518,629,731,809,869,922,958,991,1017,1042,1055,1068,1084,1089,1092,1135,1149,1159,1166,1167,1173,1,1862637249,1174
1173,44035,dscw80,0,0,0,0,2,11,38,67,122,206,303,387,480,589,669,763,830,917,973,1037,1091,1487,1682,1857,1930,1958,1998,12,5090644812,2010
1181,52590,dscw80,0,0,0,0,0,0,0,0,0,0,0,0,4,5,5,7,7,8,9,10,11,15,16,16,16,17,18,0,6481612,18
