client_metro,region,maprule,is_cache_hit,ttfb_le_5_ms,ttfb_le_10_ms,ttfb_le_15_ms,ttfb_le_20_ms,ttfb_le_25_ms,ttfb_le_30_ms,ttfb_le_35_ms,ttfb_le_40_ms,ttfb_le_45_ms,ttfb_le_50_ms,ttfb_le_55_ms,ttfb_le_60_ms,ttfb_le_65_ms,ttfb_le_70_ms,ttfb_le_75_ms,ttfb_le_80_ms,ttfb_le_85_ms,ttfb_le_90_ms,ttfb_le_95_ms,ttfb_le_100_ms,ttfb_le_150_ms,ttfb_le_200_ms,ttfb_le_300_ms,ttfb_le_400_ms,ttfb_le_500_ms,ttfb_le_1000_ms,ttfb_gt_1000_ms,bytes_sent,requests
1181,38580,dscw80,0,0,0,0,0,0,1,5,10,10,12,14,16,18,19,20,20,20,20,20,20,22,22,22,22,22,22,0,28043686,22
1173,50298,dscw80,1,0,0,0,0,1,1,1,1,1,1,1,1,1,1,1,1,2,2,2,2,2,2,2,2,2,2,0,35879,2
1181,37241,dscw80,1,2,7,7,8,9,11,11,13,14,16,20,25,27,28,30,30,34,36,36,37,40,44,47,48,48,48,0,58677581,48
1173,48590,dscw80,0,0,0,0,0,0,0,0,0,0,0,0,0,0,0,0,0,1,2,2,2,4,6,6,6,6,6,0,9973866,6
1173,50463,dscw80,0,0,0,0,0,1,5,30,55,74,94,109,123,145,185,216,248,269,289,308,330,436,510,534,553,562,568,3,1222430169,571
1181,44912,dscw80,1,0,0,0,0,0,0,0,0,0,0,0,0,0,0,0,0,1,1,1,1,1,1,1,1,1,1,0,767149,1
1173,42863,dscw80,1,0,0,0,0,0,0,0,0,0,0,0,0,0,0,1,1,1,1,1,1,4,4,4,4,4,4,0,2059373,4
1181,42619,dscw80,0,0,0,0,0,0,0,0,0,0,0,0,0,0,0,1,1,2,3,3,3,3,3,3,3,3,3,0,8286929,3
1173,41408,dscw80,0,0,0,0,0,0,0,0,0,0,0,0,1,4,7,7,9,10,11,12,14,20,25,25,27,27,27,0,16606640,27
1173,49110,dscw80,0,0,0,0,0,0,0,0,0,0,0,0,0,0,0,0,0,0,0,1,1,2,3,3,3,3,4,0,3993309,4
1173,51906,dscw80,1,0,0,0,0,0,1,1,3,3,4,4,6,8,10,13,14,14,15,15,16,20,21,23,23,23,24,0,63239170,24
1181,52590,dscw80,1,0,0,0,0,0,0,0,0,0,0,0,0,0,0,0,0,0,0,0,0,0,0,0,0,0,0,1,3056,1
1173,44738,dscw80,1,0,0,0,0,0,0,0,0,0,0,0,0,0,0,1,1,1,1,1,1,2,2,3,3,3,3,0,326291,3
1173,44912,dscw80,0,0,0,0,0,2,6,21,45,71,112,133,169,194,225,246,276,304,323,342,359,448,497,538,560,570,593,10,1588682072,603
1173,51174,dscw80,0,0,0,0,0,0,0,0,0,0,0,1,2,4,4,6,8,10,10,10,10,13,16,17,18,18,18,0,15908604,18
1173,51472,dscw80,1,0,0,0,0,0,0,0,0,0,0,0,0,0,0,0,0,0,0,0,0,0,0,1,1,1,1,0,585089,1
1181,49440,dscw80,0,0,0,0,0,1,1,1,1,1,1,1,1,1,1,1,1,1,1,1,1,1,1,1,1,1,1,0,128906,1
1181,52978,dscw80,0,0,0,0,0,0,0,0,0,0,0,0,0,0,0,0,0,0,1,3,3,5,5,5,5,5,6,0,2105394,6
1173,43302,dscw80,0,0,0,0,0,0,0,0,0,0,0,0,0,0,0,0,0,0,0,0,0,2,3,3,3,3,3,0,2628528,3
1173,49429,dscw80,1,0,0,0,0,0,0,0,0,0,0,0,0,0,0,0,0,0,0,0,0,2,2,2,2,2,2,0,2342098,2
1181,47698,dscw80,0,0,0,0,0,0,0,0,0,0,0,0,1,1,2,2,2,2,2,2,2,2,2,2,2,2,2,0,167433,2
1173,52590,dscw80,0,0,0,0,17,83,174,281,387,487,592,662,746,805,877,923,973,1010,1046,1084,1109,1306,1390,1451,1501,1536,1576,71,3952885290,1647
1181,52262,dscw80,1,0,0,0,0,0,1,1,1,1,1,1,1,1,1,1,1,1,1,1,1,1,1,1,1,1,1,0,1937,1
1181,45169,dscw80,0,0,0,0,0,0,0,0,0,0,0,0,2,5,5,7,8,9,9,11,11,13,13,13,13,13,13,0,22019549,13
1181,44035,dscw80,0,0,0,0,0,0,0,0,0,0,0,0,0,0,0,0,0,0,0,0,0,0,0,1,1,1,2,0,2070148,2
1173,47733,dscw80,0,0,0,0,1,1,1,1,1,1,1,1,2,2,2,4,8,9,11,14,16,30,35,38,38,38,38,1,65946404,39
1181,53419,dscw80,1,12,27,49,111,213,304,374,414,458,481,506,530,538,550,559,566,571,582,585,590,608,618,623,624,625,627,1,822945776,628
1181,49257,dscw80,1,0,0,1,1,1,2,3,3,3,4,4,4,4,4,4,4,4,4,4,4,4,4,4,4,4,4,0,32270896,4
1181,41187,dscw80,0,0,0,1,4,5,6,8,8,8,9,9,9,11,11,11,11,11,12,12,12,13,13,13,13,13,14,0,36974244,14
1181,45983,dscw80,0,0,0,0,0,0,0,0,0,0,0,0,0,0,0,0,0,0,0,1,1,1,1,1,1,1,1,0,1209,1
1181,48590,dscw80,0,0,3,6,7,8,9,12,13,13,15,15,15,15,15,15,15,15,16,18,22,31,32,33,33,33,33,0,22818908,33
1181,50463,dscw80,0,0,0,0,0,0,0,0,0,1,1,1,1,1,1,1,1,1,1,1,1,1,1,1,1,1,1,0,752174,1
1173,43663,dscw80,0,0,0,0,0,0,0,3,10,30,42,54,62,77,82,87,92,97,102,112,115,155,165,177,183,185,186,0,491447826,186
1173,44737,dscw80,1,0,0,0,0,0,1,3,4,7,7,8,10,11,11,12,13,14,15,15,15,17,17,17,17,17,17,0,35674311,17
1173,49440,dscw80,1,0,0,0,0,0,0,0,0,0,0,1,4,7,12,18,20,22,24,29,30,43,47,49,49,49,50,0,73977603,50
1173,52978,dscw80,1,0,0,0,2,5,16,24,30,39,46,64,80,89,96,103,109,115,120,121,124,140,145,152,155,157,160,5,146817022,165
1181,42863,dscw80,1,0,0,0,0,1,1,1,1,1,1,1,1,1,1,1,1,1,1,1,1,1,1,1,1,1,1,0,2560,1
1173,41409,dscw80,0,0,0,0,0,0,0,0,0,0,0,0,0,0,0,0,1,1,1,1,1,1,1,3,4,4,4,0,6219047,4
1173,46626,dscw80,0,0,0,0,0,0,2,9,22,38,67,95,122,154,188,221,259,290,308,333,360,479,528,573,587,598,607,11,1606807337,618
1181,41408,dscw80,0,0,0,0,0,0,0,0,0,0,0,0,0,0,0,0,0,0,0,0,0,2,2,2,2,2,2,0,170311,2
1181,44080,dscw80,0,0,0,0,0,0,0,0,0,0,0,0,0,0,1,1,1,1,1,1,1,2,2,2,2,2,2,0,299338,2
1181,49158,dscw80,1,0,0,0,0,0,0,0,0,0,0,0,0,0,0,1,1,1,1,2,2,2,2,2,2,2,2,0,515521,2
1181,53188,dscw80,0,0,2,7,14,23,28,37,38,40,44,45,48,48,50,53,54,54,55,56,58,66,69,74,77,79,82,6,221561894,88
1173,45169,dscw80,1,0,0,0,0,0,0,0,1,2,3,5,5,5,6,6,6,7,7,8,8,10,10,10,10,10,10,0,8359872,10
1173,49054,dscw80,1,0,0,0,0,0,0,0,0,0,0,0,2,3,5,5,5,5,5,5,5,5,5,5,5,5,5,0,1563118,5
1173,46548,dscw80,1,0,0,0,0,0,1,1,1,1,2,2,3,3,3,3,3,3,3,3,3,4,4,4,4,4,4,0,18617007,4
1173,50298,dscw80,0,0,0,0,0,0,0,0,0,0,1,1,3,4,4,7,7,8,8,8,8,11,13,13,13,14,15,0,19206550,15
1181,44636,dscw80,1,0,0,0,0,0,0,0,0,0,0,0,0,0,1,1,1,1,1,1,1,1,1,1,1,1,1,0,6019899,1
1181,51174,dscw80,0,0,0,0,0,0,0,0,0,0,0,0,0,0,0,0,0,0,0,1,1,2,2,2,2,2,2,0,1493001,2
1173,44035,dscw80,1,0,0,1,1,3,8,17,24,27,30,34,35,40,42,44,45,48,48,50,54,63,65,66,69,69,70,0,101312947,70
1181,37241,dscw80,0,0,6,13,16,19,20,22,24,29,38,49,60,70,82,88,95,99,102,105,107,138,147,157,162,162,162,2,376990245,164
1181,44912,dscw80,0,0,0,0,0,0,0,0,0,0,0,0,0,0,0,0,0,0,0,0,0,1,1,1,1,1,1,0,166879,1
1173,42863,dscw80,0,0,0,0,0,0,0,0,0,0,0,0,0,0,1,1,1,1,1,1,1,5,7,7,7,7,7,1,28267336,8
1181,38580,dscw80,1,0,0,0,0,0,1,2,3,3,3,3,3,3,3,3,3,3,3,3,3,3,3,3,3,3,3,0,2014610,3
1181,43302,dscw80,0,0,0,0,0,0,0,0,0,0,0,0,0,0,0,0,0,0,1,1,1,1,2,2,2,2,2,0,515832,2
1173,51906,dscw80,0,0,0,0,0,0,0,3,4,5,8,8,9,13,14,16,17,21,23,27,27,41,55,71,75,76,79,0,214729172,79
1181,52590,dscw80,0,0,0,0,0,0,0,0,0,0,0,0,1,1,2,2,2,3,3,3,3,7,7,9,10,11,11,0,11983452,11
1173,44738,dscw80,0,0,0,0,0,0,0,0,0,1,1,2,2,4,4,6,11,11,12,12,13,24,28,33,35,35,37,0,151705412,37
1173,50463,dscw80,1,0,0,0,0,2,3,9,13,15,18,20,23,26,30,31,33,34,35,36,39,50,53,55,55,55,55,0,68128889,55
1181,50061,dscw80,1,0,0,0,1,1,1,1,1,1,1,2,2,2,2,2,2,2,2,2,2,2,2,2,2,2,2,0,4236,2
1173,51472,dscw80,0,0,0,0,0,0,0,0,0,0,0,0,0,0,0,0,0,0,0,0,0,1,2,3,4,4,4,0,6575884,4
1181,49634,dscw80,0,0,0,0,0,0,0,1,2,2,4,4,4,4,4,4,4,4,4,4,4,4,4,4,4,4,4,0,5970871,4
1173,41408,dscw80,1,0,0,0,0,0,0,0,0,0,0,0,0,0,0,0,0,0,0,1,1,2,2,2,2,2,2,1,8608451,3
1181,52559,dscw80,0,0,0,0,0,0,0,0,0,1,1,1,1,1,1,1,1,1,1,1,1,1,1,1,1,1,1,0,257802,1
1173,38580,dscw80,0,0,0,0,0,0,0,0,0,0,0,0,0,0,0,0,0,0,0,0,0,0,1,1,1,1,1,0,257658,1
1173,49429,dscw80,0,0,0,0,0,0,0,0,0,0,0,2,4,5,5,7,7,7,7,7,7,11,11,11,12,12,12,1,9468245,13
1181,52262,dscw80,0,0,0,0,0,0,0,1,2,2,2,2,3,3,3,3,3,3,4,4,4,4,6,6,6,6,6,0,8283208,6
1173,44912,dscw80,1,0,0,0,1,12,23,30,43,54,62,68,71,79,80,81,82,84,87,91,93,108,111,111,112,112,112,1,103858450,113
1173,51174,dscw80,1,0,0,0,0,0,0,0,0,0,0,0,0,0,0,0,1,1,1,1,2,2,2,2,2,2,2,0,291074,2
1181,52978,dscw80,1,0,0,0,0,0,0,0,0,0,0,0,0,0,0,0,0,0,0,0,0,0,0,0,1,1,2,0,1159609,2
1181,41409,dscw80,0,0,0,0,0,2,2,2,2,2,2,2,2,2,2,2,2,2,2,2,2,3,3,3,3,3,3,0,466189,3
1181,46626,dscw80,0,0,0,0,0,0,0,0,0,0,0,0,0,0,0,0,0,0,0,0,0,0,0,1,1,1,1,0,460469,1
1181,53419,dscw80,0,5,27,76,179,381,588,799,975,1112,1219,1289,1363,1413,1463,1498,1535,1570,1597,1619,1643,1800,1859,1920,1935,1941,1951,2,4631775172,1953
1181,49257,dscw80,0,0,0,1,2,5,7,12,12,14,14,16,19,19,20,20,20,20,20,20,20,22,23,23,24,24,24,0,47647591,24
1173,52590,dscw80,1,0,0,1,18,53,90,112,149,159,177,194,204,212,224,231,239,245,250,258,261,282,292,301,305,309,312,14,465570498,326
1181,45169,dscw80,1,0,0,0,0,0,0,0,0,0,0,0,0,0,0,0,0,0,0,0,0,1,2,2,2,2,2,0,5499541,2
1181,50298,dscw80,0,0,0,0,0,0,0,0,0,0,0,0,0,0,0,0,0,0,1,1,1,1,1,2,2,2,2,0,9968259,2
1173,47733,dscw80,1,0,0,0,0,0,0,0,0,0,0,1,2,4,4,5,5,5,5,5,5,6,6,6,6,6,6,0,12739307,6
1181,40557,dscw80,0,0,0,0,0,0,0,0,0,0,0,0,0,0,0,0,0,0,0,0,0,0,0,0,0,0,1,0,1664892,1
1181,41362,dscw80,0,0,0,0,0,0,0,0,0,0,0,0,0,1,1,1,1,1,1,1,1,1,1,1,1,1,1,0,4952678,1
1173,44737,dscw80,0,0,0,0,0,0,0,2,8,13,17,22,31,36,44,49,56,66,72,74,76,98,103,115,117,119,120,0,325023638,120
1173,49440,dscw80,0,0,0,0,0,0,2,3,5,8,14,20,28,42,54,68,85,98,104,109,116,141,153,166,173,177,178,2,387445081,180
1173,52978,dscw80,0,0,0,0,0,9,39,80,124,182,251,324,396,493,559,624,698,746,798,860,903,1187,1310,1415,1489,1519,1571,27,3321153967,1598
1181,42863,dscw80,0,0,0,0,0,0,0,0,0,0,0,0,0,0,0,0,0,0,0,0,0,1,1,1,1,1,1,0,7740214,1
1181,41187,dscw80,1,0,1,1,1,1,1,1,1,1,1,2,2,2,2,2,2,2,2,2,2,2,2,2,3,3,3,0,340243,3
1181,49158,dscw80,0,0,0,1,3,5,9,11,14,16,18,18,18,19,19,20,20,22,24,25,27,38,41,45,46,46,46,0,84698437,46
1181,51906,dscw80,0,0,0,0,0,0,0,0,0,0,0,0,0,0,0,0,0,0,1,1,1,1,1,2,2,2,2,0,515994,2
1173,45169,dscw80,0,0,0,0,0,0,0,0,0,0,2,3,8,9,11,14,15,16,18,21,22,27,30,32,32,33,34,0,67757683,34
1173,49054,dscw80,0,0,0,0,0,0,0,0,0,0,0,0,0,3,3,4,4,5,6,6,6,8,9,11,11,11,11,0,10384198,11
1181,48590,dscw80,1,0,5,6,6,6,6,7,7,7,7,7,7,7,7,7,7,7,8,8,8,9,9,9,9,9,9,0,1034383,9
1173,43663,dscw80,1,0,0,0,0,0,0,2,3,4,7,7,8,9,10,11,12,13,14,14,14,15,16,16,16,16,16,0,28237148,16
1173,46548,dscw80,0,0,0,0,0,0,0,2,5,9,14,18,21,23,24,24,27,29,31,33,35,43,46,51,53,54,54,0,128489515,54
1181,44636,dscw80,0,0,0,0,0,0,0,0,0,1,1,1,1,1,1,1,1,1,1,1,1,2,2,2,2,2,2,0,4852969,2
1181,51472,dscw80,0,0,0,0,0,0,0,0,0,1,1,3,4,5,5,5,6,7,7,7,7,10,11,12,14,14,15,0,20097276,15
1173,41409,dscw80,1,0,0,0,0,0,0,0,0,0,0,0,0,0,0,0,0,0,0,0,0,0,1,1,1,1,1,0,6388,1
1173,44035,dscw80,0,0,0,0,0,1,8,25,45,72,96,114,131,143,158,177,190,202,213,220,236,302,333,365,381,390,400,3,1013875041,403
1173,46626,dscw80,1,0,0,0,0,2,7,20,27,38,46,53,65,76,82,88,94,95,99,102,105,120,123,133,133,136,137,2,181223565,139
1181,53188,dscw80,1,0,0,3,7,10,11,14,14,14,14,14,15,15,16,16,16,16,16,16,16,20,20,22,22,25,27,3,51678261,30
