client_metro,region,maprule,is_cache_hit,ttfb_le_5_ms,ttfb_le_10_ms,ttfb_le_15_ms,ttfb_le_20_ms,ttfb_le_25_ms,ttfb_le_30_ms,ttfb_le_35_ms,ttfb_le_40_ms,ttfb_le_45_ms,ttfb_le_50_ms,ttfb_le_55_ms,ttfb_le_60_ms,ttfb_le_65_ms,ttfb_le_70_ms,ttfb_le_75_ms,ttfb_le_80_ms,ttfb_le_85_ms,ttfb_le_90_ms,ttfb_le_95_ms,ttfb_le_100_ms,ttfb_le_150_ms,ttfb_le_200_ms,ttfb_le_300_ms,ttfb_le_400_ms,ttfb_le_500_ms,ttfb_le_1000_ms,ttfb_gt_1000_ms,bytes_sent,requests
1173,41409,dscw80,0,0,0,0,0,0,0,0,0,0,1,4,7,9,9,10,10,12,13,13,17,19,22,22,23,23,23,0,75501835,23
1173,46626,dscw80,0,0,0,0,0,0,0,9,16,25,36,46,57,59,64,69,74,81,89,96,106,135,143,149,157,162,164,0,473484030,164
1173,51472,dscw80,0,0,0,0,0,0,0,0,0,0,1,1,1,1,1,1,2,2,2,2,2,6,10,10,12,12,12,0,16325052,12
1181,44035,dscw80,0,0,0,0,0,0,0,0,0,0,0,0,0,1,3,5,6,7,8,8,8,10,12,14,15,16,17,1,14210682,18
1181,42617,dscw80,0,0,0,0,0,0,0,0,0,0,0,0,0,0,0,0,0,0,0,1,1,1,1,1,1,1,1,0,451635,1
1181,48590,dscw80,1,0,0,0,1,1,2,2,2,2,2,2,2,2,2,2,2,2,2,2,3,3,3,3,3,3,3,0,548497,3
1173,52590,dscw80,0,0,0,1,8,51,115,168,219,273,306,348,404,441,475,506,531,562,584,605,617,705,757,793,816,825,832,4,2022680190,836
1173,51906,dscw80,1,0,0,0,0,0,4,6,7,8,8,9,9,10,10,11,11,11,12,12,12,13,13,14,14,14,14,0,27282424,14
1181,49440,dscw80,1,0,0,0,0,0,0,0,1,1,1,1,2,2,2,2,2,2,2,2,2,3,4,4,4,4,4,0,775833,4
1181,52978,dscw80,0,0,0,0,0,0,0,0,0,0,0,0,0,1,1,1,2,2,2,3,3,4,4,7,7,7,7,0,7460733,7
1173,46321,dscw80,1,0,0,0,0,0,0,0,0,0,1,1,1,1,1,1,1,1,1,1,1,1,1,1,1,1,1,0,22802039,1
1173,46548,dscw80,1,0,0,0,0,0,1,1,2,3,3,3,3,3,4,4,4,4,4,4,4,4,4,4,4,4,4,0,2688504,4
1173,50463,dscw80,1,0,0,0,4,6,14,16,21,24,28,34,42,50,50,54,57,58,61,65,66,73,77,79,80,82,83,0,86018530,83
1181,41409,dscw80,1,0,0,6,6,6,6,6,6,6,8,8,9,10,10,10,10,10,10,10,10,10,10,10,10,10,10,0,1923193,10
1181,50298,dscw80,0,0,0,0,0,0,0,0,0,0,1,2,2,5,6,8,8,9,10,11,13,17,21,21,21,21,24,0,12551237,24
1181,51472,dscw80,1,0,0,0,0,0,1,2,3,3,3,3,3,4,4,4,4,4,4,4,4,4,4,4,4,4,4,0,262921,4
1181,49257,dscw80,1,0,0,1,1,1,1,1,1,1,1,1,1,2,2,2,2,2,2,2,2,2,2,2,2,2,2,0,4532565,2
1173,49429,dscw80,1,0,0,0,0,0,0,2,2,3,4,4,4,4,4,4,4,4,4,4,4,4,4,4,4,4,4,0,263065,4
1181,42863,dscw80,0,0,0,0,0,0,0,1,1,1,1,1,1,1,1,1,1,2,2,2,2,2,2,2,2,2,2,0,515921,2
1181,49158,dscw80,0,7,14,35,65,102,152,196,247,302,351,400,434,466,483,501,523,542,558,570,582,645,677,708,727,732,736,1,1915305426,737
1181,53188,dscw80,0,0,1,12,27,44,56,67,78,89,96,101,102,106,113,117,120,124,128,133,137,160,179,200,207,212,219,3,488474574,222
1181,39888,dscw80,0,0,0,0,0,0,0,0,2,2,2,2,2,2,2,2,2,2,2,2,2,2,2,2,2,2,2,0,515782,2
1181,44738,dscw80,0,0,0,0,0,0,0,0,0,0,0,0,0,0,0,0,0,0,0,0,0,1,1,1,1,1,3,0,11863193,3
1181,49634,dscw80,0,0,0,0,4,5,11,13,16,19,23,25,29,30,34,36,36,38,38,39,39,41,43,44,45,46,46,1,104928272,47
1181,52590,dscw80,1,0,0,0,0,0,1,1,1,1,1,1,1,2,2,2,2,2,2,2,2,2,2,2,2,2,2,0,260117,2
1181,52262,dscw80,0,0,0,0,0,0,0,0,0,0,0,0,1,1,1,2,2,2,2,2,2,3,4,4,4,4,4,0,7616178,4
1173,39272,dscw80,0,0,0,0,0,0,0,0,0,0,0,0,0,0,0,0,0,0,0,0,0,0,2,3,4,5,6,0,16950166,6
1173,41408,dscw80,0,0,0,0,0,0,0,0,0,0,0,0,0,0,0,0,0,0,0,0,0,0,1,1,1,1,1,0,3484495,1
1173,49054,dscw80,1,0,0,0,0,0,0,0,0,0,1,2,2,2,2,2,2,2,2,2,2,2,2,2,2,2,2,0,99882,2
1181,49579,dscw80,0,0,0,0,0,0,0,0,0,0,0,0,1,1,1,1,1,1,1,1,1,1,1,1,1,1,1,0,258426,1
1181,50566,dscw80,0,0,0,0,0,0,0,0,0,0,0,0,0,0,0,0,0,1,1,1,1,1,1,1,1,1,1,0,900002,1
1173,44035,dscw80,0,0,0,0,0,5,32,100,189,303,430,575,684,801,895,991,1078,1162,1234,1296,1338,1668,1785,1901,1952,1976,2002,5,5608636014,2007
1181,37241,dscw80,0,0,5,10,15,16,18,19,21,23,25,28,28,28,31,33,33,33,34,36,36,42,44,44,44,44,44,0,30709782,44
1173,49440,dscw80,1,0,0,0,0,0,0,0,0,0,0,0,0,1,1,1,1,3,3,3,4,4,6,6,6,6,6,0,6897183,6
1173,52978,dscw80,0,0,0,0,0,2,7,15,22,23,26,37,43,44,45,46,46,47,48,49,49,53,55,57,57,57,58,0,150600087,58
1173,44912,dscw80,0,0,0,0,0,3,11,14,23,35,48,64,82,86,93,98,103,108,114,117,122,154,165,181,191,192,200,0,480371109,200
1173,51174,dscw80,1,0,0,0,0,0,0,0,0,0,1,2,2,3,4,7,8,9,10,10,10,11,13,13,13,13,13,0,6901135,13
1173,41409,dscw80,1,0,0,0,0,0,0,0,0,0,1,1,1,1,1,2,2,2,2,2,2,2,2,3,3,3,3,0,8872228,3
1173,50298,dscw80,0,0,0,0,0,0,1,1,1,1,1,1,1,1,1,1,1,1,1,1,1,1,1,1,1,1,1,0,128187,1
1181,36533,dscw80,0,0,0,0,0,0,0,0,0,0,0,0,0,0,0,0,0,0,0,0,0,1,1,2,2,2,2,0,7368849,2
1181,44912,dscw80,1,0,0,0,0,0,0,0,0,0,0,0,0,0,0,0,0,0,0,0,0,0,1,1,1,1,1,0,65279,1
1181,51906,dscw80,0,0,0,0,0,0,0,0,0,0,0,0,0,0,0,0,0,0,1,1,1,3,3,4,4,4,4,0,7633212,4
1181,52559,dscw80,0,0,0,0,0,0,0,0,1,1,1,1,1,1,1,1,1,1,1,1,1,1,1,1,1,1,1,0,2553,1
1173,46626,dscw80,1,0,0,0,0,2,12,15,18,22,23,26,27,27,28,30,32,33,34,35,35,37,37,37,38,38,38,0,39663607,38
1173,51472,dscw80,1,0,0,0,0,0,0,0,0,0,0,0,0,0,0,0,0,0,0,0,0,0,1,1,1,1,1,0,257552,1
1173,44737,dscw80,0,0,0,0,0,0,2,9,15,22,28,33,36,43,48,54,55,58,59,64,68,91,104,112,116,119,120,0,266553656,120
1181,38220,dscw80,0,0,0,0,0,1,1,1,1,1,1,1,1,1,1,1,1,1,1,1,1,1,2,2,2,2,2,0,1946341,2
1181,44035,dscw80,1,0,0,0,0,0,0,0,1,1,1,1,1,2,2,3,3,4,4,4,4,4,4,4,4,4,4,0,2282872,4
1181,53419,dscw80,0,1,19,50,114,231,387,520,640,732,814,883,937,982,1020,1046,1071,1091,1118,1142,1159,1304,1378,1438,1463,1470,1479,1,4286882226,1480
1173,52590,dscw80,1,0,0,1,8,18,36,52,70,84,91,102,110,120,125,131,136,137,141,143,147,163,165,167,168,168,169,1,160526198,170
1181,41984,dscw80,0,0,0,0,0,0,0,0,0,0,0,0,0,0,0,0,0,0,0,0,0,0,1,1,1,1,1,0,257698,1
1181,52978,dscw80,1,0,0,0,0,0,0,0,0,0,0,0,1,1,1,1,1,1,1,1,1,1,1,1,1,1,1,0,128592,1
1181,50061,dscw80,0,0,0,0,0,0,0,0,0,0,0,0,0,0,0,0,0,0,0,0,0,1,1,1,1,1,1,0,1861745,1
1173,45169,dscw80,1,0,0,0,0,0,0,0,1,1,2,2,2,2,2,2,2,2,2,2,2,2,2,2,2,2,2,0,14312930,2
1181,50298,dscw80,1,0,0,0,0,0,0,0,1,1,1,1,1,2,2,3,3,3,3,3,3,3,3,3,3,3,4,0,266749,4
1173,46091,dscw80,0,0,0,0,0,0,0,0,0,0,0,0,0,0,0,0,0,0,0,0,0,0,1,1,1,1,1,0,3908021,1
1181,40557,dscw80,0,0,0,1,1,1,1,1,1,1,1,1,1,1,1,1,1,1,1,1,1,1,1,2,2,2,2,0,259505,2
1181,44636,dscw80,0,0,0,0,0,0,0,0,0,0,0,0,0,0,1,1,1,1,1,1,1,2,2,3,3,3,3,0,10941951,3
1181,49158,dscw80,1,6,13,25,47,73,90,108,133,156,172,186,194,202,209,218,223,226,228,229,231,243,246,248,249,250,250,0,335816998,250
1181,53188,dscw80,1,0,9,19,39,48,57,60,61,66,67,68,72,72,74,75,75,77,80,82,84,89,90,94,95,95,96,4,164555752,100
1181,39888,dscw80,1,0,0,0,0,0,0,0,1,1,1,1,1,1,1,1,1,1,1,1,1,1,1,1,1,1,1,0,257867,1
1181,48590,dscw80,0,0,0,2,6,11,19,23,28,32,38,47,49,50,54,57,58,62,63,64,65,72,79,84,86,88,89,0,166392666,89
1181,49634,dscw80,1,0,0,6,6,9,10,11,11,11,11,11,12,12,12,12,12,12,12,12,12,12,12,13,13,13,13,0,27995028,13
1173,39272,dscw80,1,0,0,0,0,0,0,0,0,0,0,0,0,0,0,0,0,1,1,2,2,3,4,4,4,4,4,0,348365,4
1173,51906,dscw80,0,0,0,0,0,0,1,4,8,11,16,19,20,25,27,30,30,35,35,37,39,52,53,56,57,57,57,0,120003808,57
1181,49440,dscw80,0,0,0,0,0,0,0,0,0,0,0,0,0,0,0,1,1,1,1,1,1,1,2,2,2,2,2,0,5343118,2
1181,52001,dscw80,0,0,0,0,0,0,0,0,0,0,0,0,0,0,0,0,0,0,0,0,0,0,0,0,0,0,1,0,43064,1
1181,50566,dscw80,1,0,0,0,0,0,0,0,0,0,0,0,0,0,0,0,0,0,0,0,0,0,1,1,1,1,1,0,1635724,1
1173,44035,dscw80,1,0,0,0,8,30,68,125,187,232,268,298,326,342,357,372,385,393,405,413,421,468,486,495,498,501,503,2,1031729821,505
1181,37241,dscw80,1,3,6,6,6,7,7,9,9,9,9,9,9,9,9,9,10,10,11,11,11,12,12,12,13,13,14,1,17334946,15
1173,46548,dscw80,0,0,0,0,0,0,2,3,7,11,12,13,16,17,18,18,21,22,22,24,27,39,41,47,49,49,49,0,91967438,49
1173,50463,dscw80,0,0,0,0,1,6,22,46,61,80,96,122,148,172,194,217,232,240,253,264,270,336,357,381,400,401,405,1,1163122459,406
1181,36533,dscw80,1,0,0,0,0,0,0,0,0,0,0,0,0,0,0,1,1,1,1,1,1,1,1,1,1,1,1,0,2024964,1
1181,51174,dscw80,0,0,0,0,0,0,0,0,0,0,0,0,0,0,0,0,0,1,1,1,1,2,3,3,3,3,5,0,7643536,5
1173,52978,dscw80,1,0,0,0,0,2,3,3,4,6,6,6,6,6,6,6,6,6,6,6,6,6,6,6,6,6,9,0,2157512,9
1181,41409,dscw80,0,0,0,0,0,0,1,1,2,3,4,5,5,5,5,7,8,8,8,9,9,10,10,10,12,12,12,0,20716672,12
1181,46626,dscw80,0,0,0,0,0,0,0,0,0,0,0,0,0,0,0,0,0,0,0,0,0,1,2,2,2,2,2,0,9677900,2
1181,51472,dscw80,0,0,0,0,0,0,0,0,1,2,5,7,8,8,9,11,13,13,13,13,13,16,18,18,18,18,18,0,28429257,18
1173,44912,dscw80,1,0,0,0,2,4,6,9,12,14,16,19,24,24,26,26,29,30,30,30,31,37,39,39,39,39,39,0,68260434,39
1181,49257,dscw80,0,0,0,0,0,2,2,4,5,6,6,6,6,7,7,7,8,9,10,12,12,15,16,16,16,16,16,0,5070112,16
1173,49429,dscw80,0,0,0,0,0,0,0,0,0,0,1,1,2,3,5,9,12,13,13,15,15,23,24,26,26,27,27,0,106815588,27
1181,41187,dscw80,0,0,0,0,1,2,6,9,9,9,10,15,16,17,18,18,19,19,20,21,21,22,23,24,24,24,24,0,42950514,24
1181,52590,dscw80,0,0,0,0,0,0,0,0,0,0,1,1,2,2,2,3,3,4,4,4,4,7,8,9,9,9,9,0,8027189,9
1173,43663,dscw80,0,0,0,0,0,0,1,1,1,1,1,1,1,1,1,1,1,1,1,1,1,1,1,1,1,1,1,0,259522,1
1173,44737,dscw80,1,0,0,0,0,1,2,4,6,8,10,10,10,10,10,11,11,11,12,12,12,14,15,16,17,17,17,0,19278442,17
1173,49054,dscw80,0,0,0,0,0,0,0,0,0,0,3,3,3,4,5,6,7,7,7,8,8,9,11,12,14,16,16,1,12872327,17
1181,53419,dscw80,1,6,21,63,116,206,292,354,402,465,507,528,555,581,600,613,620,633,639,645,649,683,694,704,707,707,709,2,1296506688,711
1173,49440,dscw80,0,0,0,0,0,0,0,0,0,0,0,2,2,3,3,3,4,4,6,8,8,12,13,14,14,14,14,0,43899628,14
1173,51174,dscw80,0,0,0,0,0,0,0,0,0,0,1,2,6,9,17,22,24,27,28,30,33,45,54,58,60,63,68,1,169900591,69
