client_metro,region,maprule,is_cache_hit,ttfb_le_5_ms,ttfb_le_10_ms,ttfb_le_15_ms,ttfb_le_20_ms,ttfb_le_25_ms,ttfb_le_30_ms,ttfb_le_35_ms,ttfb_le_40_ms,ttfb_le_45_ms,ttfb_le_50_ms,ttfb_le_55_ms,ttfb_le_60_ms,ttfb_le_65_ms,ttfb_le_70_ms,ttfb_le_75_ms,ttfb_le_80_ms,ttfb_le_85_ms,ttfb_le_90_ms,ttfb_le_95_ms,ttfb_le_100_ms,ttfb_le_150_ms,ttfb_le_200_ms,ttfb_le_300_ms,ttfb_le_400_ms,ttfb_le_500_ms,ttfb_le_1000_ms,ttfb_gt_1000_ms,bytes_sent,requests
1181,51174,dscw80,0,0,0,0,0,0,0,0,0,0,0,1,1,1,1,1,1,1,1,1,1,1,1,1,1,1,1,0,2514,1
1181,52590,dscw80,0,0,0,0,0,0,0,0,0,0,0,1,1,1,2,5,6,6,7,8,8,10,12,12,12,12,13,0,31421295,13
1173,46548,dscw80,1,0,0,0,0,1,1,2,2,2,2,3,3,4,4,4,5,5,5,5,5,5,7,7,8,8,9,0,20485089,9
1173,44912,dscw80,1,0,0,0,4,11,29,48,67,87,99,111,121,128,137,144,154,160,163,168,170,192,197,203,204,207,207,0,283108878,207
1173,46626,dscw80,1,0,0,0,0,1,2,3,8,13,17,20,21,24,24,25,26,27,28,28,29,35,35,36,37,37,38,0,66791363,38
1181,49634,dscw80,0,0,0,0,0,0,0,0,0,1,2,2,3,3,3,3,3,3,3,3,3,3,3,3,3,3,3,0,8404345,3
1181,40557,dscw80,1,1,1,1,1,1,1,1,1,1,3,3,3,3,3,3,3,3,3,3,3,3,3,3,3,3,3,0,17628,3
1173,49440,dscw80,0,0,0,0,0,0,0,6,6,9,10,19,34,49,59,69,78,84,89,91,96,124,145,162,171,176,183,6,365140753,189
1181,44035,dscw80,0,0,0,0,0,0,0,0,0,0,0,0,1,1,1,1,1,1,1,1,1,2,2,2,2,2,2,0,1547063,2
1173,45169,dscw80,1,0,0,0,0,0,0,0,1,2,2,3,3,3,3,3,4,4,4,4,4,6,6,6,6,6,6,0,17268462,6
1181,41408,dscw80,0,0,0,0,0,0,0,0,0,0,1,1,2,2,2,2,2,2,2,2,2,2,2,3,3,3,3,0,260180,3
1173,47853,dscw80,1,0,0,0,0,0,0,0,0,0,0,0,0,1,1,1,1,1,1,1,1,1,1,1,1,1,1,0,4686,1
1173,46548,dscw80,0,0,0,0,0,0,0,2,4,10,12,14,18,22,29,30,30,34,35,36,37,43,46,51,57,58,60,1,147558665,61
1173,50463,dscw80,1,0,0,0,0,1,1,1,1,1,1,1,1,1,1,1,2,2,2,2,2,2,2,2,2,2,2,0,1328015,2
1173,44912,dscw80,0,0,0,0,0,6,23,67,111,161,228,286,341,401,444,482,528,569,602,637,667,834,924,1010,1050,1069,1095,13,2582077179,1108
1173,46626,dscw80,0,0,0,0,0,0,0,5,8,14,29,39,52,70,85,95,104,107,114,122,127,162,180,191,195,196,198,2,518512676,200
1181,39888,dscw80,0,0,0,0,0,0,0,0,0,0,0,0,0,0,0,0,0,0,0,0,0,0,0,1,1,1,1,0,788210,1
1181,48590,dscw80,1,0,0,0,0,0,0,0,0,0,0,0,0,0,0,0,0,1,1,1,1,1,1,1,1,1,1,0,1827,1
1173,39272,dscw80,0,0,0,0,0,0,0,0,0,0,0,0,0,0,0,0,0,0,0,0,0,1,1,1,1,1,1,0,44011,1
1181,40557,dscw80,0,0,0,1,3,3,3,3,3,3,3,3,4,5,5,6,7,8,8,9,9,13,13,13,14,14,14,0,41925031,14
1173,45169,dscw80,0,0,0,0,0,0,0,0,0,0,0,0,1,1,3,4,4,4,5,6,6,9,11,12,12,13,13,0,26493259,13
1181,44912,dscw80,1,0,0,0,0,0,0,0,1,1,1,1,1,1,2,2,2,2,2,2,2,3,3,3,3,3,3,0,3288950,3
1181,49257,dscw80,1,0,0,3,5,8,9,9,11,12,13,13,13,14,16,16,16,16,16,16,16,16,16,18,18,18,18,2,20591960,20
1173,52978,dscw80,1,0,0,0,0,1,4,7,10,11,14,15,23,28,33,36,40,43,44,47,47,57,60,65,66,66,67,4,41317112,71
1181,53188,dscw80,1,0,1,9,22,29,32,34,34,34,35,35,35,36,37,37,37,38,39,39,41,42,42,42,42,42,42,0,50065635,42
1173,47853,dscw80,0,0,0,0,0,0,0,0,0,0,0,0,0,0,0,0,2,4,4,4,5,6,6,6,6,6,6,0,4648087,6
1173,49158,dscw80,1,0,0,0,0,0,0,0,0,0,0,0,0,0,1,1,1,1,1,1,1,1,1,1,1,1,1,0,33275,1
1173,50463,dscw80,0,0,0,0,0,0,2,5,5,6,8,8,10,11,12,12,13,13,13,13,13,14,14,14,14,14,14,0,41326967,14
1173,51906,dscw80,1,0,0,0,0,0,1,2,3,4,4,4,4,4,5,5,5,5,5,5,5,5,5,5,5,5,5,0,7807802,5
1181,49440,dscw80,0,0,0,0,0,0,0,0,0,0,1,2,2,2,2,3,3,3,3,3,3,3,3,3,3,3,3,0,10250950,3
1173,41409,dscw80,1,0,0,0,0,0,0,0,0,1,1,1,1,1,1,1,1,1,1,1,1,1,1,1,1,1,1,0,257535,1
1181,45169,dscw80,1,0,0,0,0,0,0,0,0,0,0,0,0,0,0,0,0,0,0,0,0,1,2,2,2,2,2,0,4578,2
1181,48590,dscw80,0,0,0,3,3,4,6,8,10,13,17,21,23,26,27,27,28,29,30,30,31,40,48,53,55,55,55,1,131364566,56
1181,42863,dscw80,0,0,0,0,0,0,0,1,1,1,1,1,3,3,3,3,3,3,3,3,3,3,3,3,3,3,3,0,518172,3
1173,43663,dscw80,1,0,0,0,0,1,1,1,1,1,1,1,2,2,2,2,2,2,2,2,2,2,2,2,2,2,2,0,130155,2
1173,52590,dscw80,1,0,0,1,20,49,75,98,120,132,145,153,162,169,178,183,190,195,196,198,200,219,224,227,229,230,230,0,233463094,230
1181,44912,dscw80,0,0,0,0,0,0,0,0,0,0,0,0,0,0,1,2,3,3,3,4,5,6,6,8,9,9,9,1,8920999,10
1181,49257,dscw80,0,0,0,0,3,7,12,17,17,21,22,23,27,27,28,28,28,28,28,29,31,36,37,41,45,45,46,8,85184407,54
1173,49054,dscw80,1,0,0,0,0,0,0,0,0,0,0,0,0,0,1,1,1,1,1,1,1,1,1,1,1,1,1,0,0,1
1173,52978,dscw80,0,0,0,0,3,16,36,46,68,92,135,168,211,250,287,307,329,345,362,381,402,502,540,577,600,607,618,5,1249083773,623
1181,53188,dscw80,0,0,1,7,17,30,34,36,37,40,46,48,48,50,51,53,54,54,56,57,57,66,70,77,79,80,81,0,219769682,81
1173,44738,dscw80,1,0,0,0,0,0,0,0,0,0,0,1,1,1,1,1,1,2,2,3,4,4,4,4,4,4,4,0,7739212,4
1173,49634,dscw80,1,0,0,0,0,0,0,0,0,0,0,0,1,1,1,1,1,2,2,2,2,2,2,2,2,2,2,0,5921930,2
1173,51472,dscw80,0,0,0,0,0,0,0,0,0,0,0,0,0,0,0,0,0,0,0,0,0,0,0,2,2,3,3,0,523755,3
1173,51906,dscw80,0,0,0,0,0,0,0,1,1,3,4,4,4,4,5,7,7,7,8,8,8,13,19,25,27,29,33,0,98056357,33
1173,41409,dscw80,0,0,0,0,0,0,0,0,0,1,1,3,4,5,6,6,6,6,6,6,6,7,7,7,7,7,7,0,22778742,7
1173,44035,dscw80,1,0,0,0,0,0,0,0,0,0,0,1,1,2,2,2,2,2,2,2,2,2,2,2,2,2,2,0,11867837,2
1181,45169,dscw80,0,0,0,0,0,0,0,0,0,0,0,0,0,0,0,0,1,1,1,1,1,2,4,4,4,4,4,0,2254003,4
1173,51174,dscw80,0,0,0,0,0,0,0,0,0,3,4,4,5,6,7,7,7,7,7,7,7,8,8,8,8,8,8,0,11686666,8
1173,44737,dscw80,1,0,0,0,0,2,4,4,4,4,5,8,15,17,19,23,24,25,25,26,26,28,28,28,30,31,33,2,46193494,35
1181,49158,dscw80,1,2,10,19,30,49,71,95,113,128,134,138,143,148,155,158,160,164,168,170,173,185,188,196,197,198,199,0,289422074,199
1181,50566,dscw80,0,0,0,0,0,0,0,0,0,1,1,1,1,1,1,1,1,1,1,1,1,1,1,2,2,2,2,0,3956339,2
1181,53419,dscw80,1,1,7,13,41,108,164,207,228,259,277,288,300,308,319,327,331,335,341,347,349,366,371,373,374,375,376,1,657997364,377
1173,43663,dscw80,0,0,0,0,0,0,2,6,9,10,12,14,15,15,15,15,15,15,15,15,17,20,21,21,21,21,21,0,33737927,21
1173,52590,dscw80,0,0,0,0,5,42,84,141,191,246,289,311,341,375,407,433,458,477,497,515,525,610,637,672,683,694,698,1,1702494263,699
1181,51472,dscw80,1,0,0,0,0,1,1,1,1,1,1,1,1,1,1,1,1,1,1,1,1,1,1,1,1,1,1,0,257819,1
1173,49054,dscw80,0,0,0,0,0,0,0,1,1,1,1,1,1,1,1,1,2,3,3,3,3,6,6,7,7,7,8,0,9850846,8
1181,41409,dscw80,1,0,0,2,3,4,4,4,4,5,5,5,5,5,5,5,5,5,5,5,5,5,5,5,5,5,6,0,3728896,6
1173,44738,dscw80,0,0,0,0,0,0,0,0,0,0,0,1,1,3,5,8,10,13,15,17,19,29,31,34,37,37,39,0,80909815,39
1173,49634,dscw80,0,0,0,0,0,0,0,0,0,0,0,0,0,0,0,0,0,0,0,0,0,0,1,2,2,2,2,0,4238721,2
1181,41187,dscw80,0,0,0,0,0,0,0,1,1,1,1,2,3,3,3,3,4,4,4,4,4,4,4,4,4,4,4,1,32541237,5
1173,44035,dscw80,0,0,0,0,1,1,2,3,3,8,8,10,13,15,16,17,22,23,23,23,23,30,31,34,35,35,37,0,71855705,37
1181,52978,dscw80,0,0,0,0,0,0,0,0,0,0,0,0,0,0,0,0,1,1,1,1,1,1,1,2,2,2,2,0,1322152,2
1173,44737,dscw80,0,0,0,0,0,0,1,2,4,7,11,13,23,33,41,48,55,60,65,67,72,97,110,118,123,125,131,6,329725322,137
1181,49158,dscw80,0,12,19,23,37,57,79,108,134,161,178,190,202,213,226,235,238,246,249,251,257,293,305,325,333,335,340,1,754171334,341
1181,53419,dscw80,0,0,4,17,41,98,194,263,327,382,452,502,543,568,595,633,654,672,688,702,711,793,825,867,879,887,892,1,2382489246,893
1181,51472,dscw80,0,0,0,0,0,0,0,0,0,0,0,0,0,1,2,2,2,2,2,2,2,4,4,4,4,4,4,0,11810171,4
1181,51906,dscw80,0,0,0,0,0,0,0,0,0,0,0,0,0,0,0,0,0,0,0,1,1,1,1,1,1,2,4,1,956187,5
1173,49440,dscw80,1,0,0,0,0,0,2,3,4,6,7,21,38,44,49,55,59,60,62,63,65,73,79,83,83,83,83,1,36523437,84
1181,41409,dscw80,0,0,0,0,0,0,0,1,5,7,7,9,9,9,9,9,9,9,9,9,9,11,12,12,12,12,12,0,18925084,12
