client_metro,region,maprule,is_cache_hit,ttfb_le_5_ms,ttfb_le_10_ms,ttfb_le_15_ms,ttfb_le_20_ms,ttfb_le_25_ms,ttfb_le_30_ms,ttfb_le_35_ms,ttfb_le_40_ms,ttfb_le_45_ms,ttfb_le_50_ms,ttfb_le_55_ms,ttfb_le_60_ms,ttfb_le_65_ms,ttfb_le_70_ms,ttfb_le_75_ms,ttfb_le_80_ms,ttfb_le_85_ms,ttfb_le_90_ms,ttfb_le_95_ms,ttfb_le_100_ms,ttfb_le_150_ms,ttfb_le_200_ms,ttfb_le_300_ms,ttfb_le_400_ms,ttfb_le_500_ms,ttfb_le_1000_ms,ttfb_gt_1000_ms,bytes_sent,requests
1173,46626,dscw80,0,0,0,0,0,0,0,7,25,56,100,148,189,241,289,335,386,434,482,526,563,830,970,1076,1109,1119,1141,19,2640631262,1160
1181,50565,dscw80,0,0,0,0,0,0,0,0,0,0,0,0,0,0,0,0,0,0,0,0,0,0,0,0,1,1,2,0,70211,2
1173,44080,dscw80,1,0,0,0,0,0,0,0,0,0,0,0,0,0,0,1,1,1,1,1,1,1,1,1,1,1,1,0,257609,1
1173,46548,dscw80,1,0,0,0,0,0,0,0,1,1,1,1,1,1,1,1,1,1,1,1,1,1,1,1,1,1,1,0,257429,1
1181,46626,dscw80,0,0,0,0,0,0,0,0,0,0,0,1,1,1,1,1,1,1,2,2,3,4,5,6,6,6,6,0,2120457,6
1173,39272,dscw80,0,0,0,0,0,0,0,0,0,0,0,0,0,0,0,0,0,0,0,0,0,9,13,14,16,17,17,0,62692170,17
1173,51174,dscw80,0,0,0,0,0,0,0,0,0,0,0,3,3,4,4,5,8,12,16,17,20,39,47,51,54,55,60,0,111177565,60
1181,44080,dscw80,1,0,0,0,0,0,0,0,0,0,0,0,1,1,1,1,1,1,1,1,1,1,1,1,1,1,1,0,1691,1
1181,53188,dscw80,1,0,2,12,18,20,23,29,29,33,34,35,36,37,38,39,40,40,40,41,41,42,44,44,44,44,44,0,52008247,44
1181,51174,dscw80,0,0,0,0,0,0,0,0,0,0,0,0,0,0,0,0,0,0,0,0,0,0,0,1,2,3,4,0,10629407,4
1173,53419,dscw80,0,0,0,0,0,0,0,0,0,0,0,0,0,0,0,0,0,0,1,1,1,4,5,5,5,5,5,0,18041264,5
1181,44636,dscw80,0,0,0,0,0,0,0,0,0,1,2,2,2,2,2,2,2,2,2,2,2,2,2,2,2,2,2,0,4500185,2
1181,52262,dscw80,1,0,0,0,1,1,1,1,1,1,1,1,1,1,1,2,2,2,2,2,2,2,2,2,2,2,2,0,259629,2
1173,49054,dscw80,0,0,0,0,0,0,0,0,0,0,0,1,1,2,2,2,2,2,2,3,3,6,11,11,11,11,11,0,27205225,11
1173,49440,dscw80,1,0,0,0,0,0,0,1,1,1,2,2,3,5,6,6,6,7,7,9,10,15,15,18,18,20,20,0,48610063,20
1181,41984,dscw80,1,0,0,0,0,0,0,0,0,0,0,1,1,1,1,1,1,1,1,1,1,1,1,1,1,1,1,0,1540764,1
1181,53419,dscw80,0,2,26,96,238,559,912,1278,1540,1780,1981,2148,2290,2395,2471,2541,2608,2655,2703,2746,2797,3059,3180,3314,3373,3393,3412,9,9107300722,3421
1173,51472,dscw80,1,0,0,0,0,0,0,0,0,0,0,0,0,0,0,0,0,1,1,1,1,2,2,3,4,4,4,0,883538,4
1181,41187,dscw80,0,0,0,0,1,1,1,2,2,3,4,4,4,5,5,5,5,5,5,5,5,5,5,5,6,6,6,0,6504120,6
1173,44737,dscw80,1,0,0,0,0,0,0,0,2,2,3,3,5,5,8,10,11,11,12,12,12,16,16,17,17,17,17,0,32849600,17
1173,45169,dscw80,0,0,0,0,0,0,0,0,0,0,0,0,0,1,1,1,1,3,4,8,13,41,51,55,58,58,58,0,128970088,58
1173,52978,dscw80,1,0,0,0,2,5,7,13,19,24,34,42,51,65,73,84,88,91,95,98,105,129,140,146,148,150,152,1,129848460,153
1181,36404,dscw80,0,0,0,0,0,0,0,1,1,1,1,1,1,1,1,1,1,1,1,1,1,2,2,2,2,2,2,0,412614,2
1181,51472,dscw80,1,0,0,0,0,0,1,3,6,6,6,6,6,6,6,7,7,7,7,7,7,7,7,7,7,8,8,0,4913902,8
1173,50463,dscw80,0,0,0,0,0,1,10,24,51,75,100,125,150,173,201,226,258,278,298,320,340,467,548,628,660,676,698,7,1801539118,705
1181,39888,dscw80,0,0,0,0,0,0,0,0,0,0,0,0,0,0,0,0,0,0,0,1,1,3,3,3,3,3,3,0,50885,3
1173,46626,dscw80,1,0,0,0,1,4,7,18,36,56,77,97,122,141,154,166,180,196,203,211,218,263,284,294,300,302,304,0,295349929,304
1173,39272,dscw80,1,0,0,0,0,0,0,0,0,0,0,0,0,0,0,0,0,0,0,0,0,1,2,2,3,3,3,0,447894,3
1173,51174,dscw80,1,0,0,0,0,0,0,0,0,0,0,1,1,1,5,5,6,8,8,8,8,9,9,9,9,10,10,0,14812848,10
1181,51174,dscw80,1,0,0,0,0,0,0,0,0,0,0,0,0,1,2,2,2,2,2,2,2,2,2,2,2,2,2,0,676743,2
1173,49054,dscw80,1,0,0,0,0,0,0,0,0,0,0,0,0,0,0,0,0,0,0,0,0,1,1,1,1,1,1,0,4805055,1
1181,53419,dscw80,1,8,50,100,223,416,591,708,815,893,960,998,1030,1055,1077,1099,1114,1127,1139,1148,1155,1203,1219,1234,1239,1242,1247,2,2470594213,1249
1173,47733,dscw80,0,0,0,0,0,0,0,0,0,0,0,0,0,0,0,0,0,0,0,2,3,8,10,11,11,11,11,0,37577412,11
1181,41187,dscw80,1,0,1,1,1,1,1,1,1,1,1,1,1,1,1,1,1,1,1,1,1,1,1,1,1,1,1,0,128240,1
1173,45169,dscw80,1,0,0,0,0,0,0,0,0,0,0,0,0,0,0,1,3,4,8,10,13,18,20,20,20,20,20,0,34113490,20
1181,36404,dscw80,1,0,0,0,0,2,2,2,2,2,2,2,2,2,2,2,2,2,2,2,2,3,3,3,3,3,3,0,539464,3
1173,50463,dscw80,1,0,0,0,0,1,1,5,7,11,11,12,13,16,18,19,22,22,23,25,28,46,48,52,54,54,57,0,80942792,57
1173,44035,dscw80,0,0,0,0,1,14,27,64,114,165,216,281,334,382,426,463,508,550,587,622,648,854,972,1083,1128,1156,1183,7,3304492554,1190
1181,44035,dscw80,0,0,0,0,0,0,0,0,0,0,1,1,1,1,1,1,1,1,2,2,2,2,2,2,2,2,2,0,1463288,2
1181,40557,dscw80,0,0,0,0,0,1,1,1,1,2,3,3,4,7,8,9,11,12,13,13,13,14,17,18,19,19,19,0,53377726,19
1173,49110,dscw80,0,0,0,0,0,0,0,0,1,2,4,6,9,12,13,18,22,24,27,29,30,51,64,74,76,76,78,1,198538983,79
1173,47733,dscw80,1,0,0,0,0,1,1,1,1,1,1,1,1,1,1,2,2,2,2,2,2,3,3,3,3,3,3,0,18097353,3
1181,47742,dscw80,0,0,0,0,0,0,0,0,0,0,0,1,1,1,1,1,1,2,3,3,3,3,3,3,3,3,3,0,773698,3
1173,42863,dscw80,0,0,0,0,0,0,0,0,0,0,0,0,0,0,0,0,0,0,0,0,0,1,1,1,1,1,1,0,4344776,1
1181,42863,dscw80,0,0,0,0,0,0,0,0,0,0,0,0,0,0,0,0,0,0,0,0,0,0,0,0,0,0,1,0,3075656,1
1173,44035,dscw80,1,0,0,1,20,42,64,88,120,149,172,192,206,218,237,253,265,273,277,283,288,327,338,348,353,355,355,0,550599287,355
1173,50298,dscw80,0,0,0,0,0,0,0,0,2,2,2,3,6,7,10,10,11,13,13,15,16,22,26,33,37,38,40,1,138058429,41
1173,51906,dscw80,0,0,0,0,0,0,0,4,5,10,11,15,17,23,25,32,40,45,52,53,57,78,97,114,131,138,146,1,493357075,147
1181,40557,dscw80,1,0,1,1,1,1,1,1,1,1,1,1,1,1,1,1,1,1,1,1,1,1,1,1,1,1,1,0,128498,1
1181,42619,dscw80,0,0,0,0,0,0,0,0,0,0,0,0,0,0,0,0,1,1,1,1,1,2,3,3,3,3,3,0,8352223,3
1181,50298,dscw80,0,0,0,0,0,0,0,0,0,0,0,0,0,0,0,0,0,0,0,0,0,2,2,2,2,2,2,0,585722,2
1181,51906,dscw80,0,0,0,0,0,0,0,0,0,0,0,0,0,0,0,0,0,0,0,0,0,1,1,1,1,3,3,0,2719652,3
1173,38580,dscw80,0,0,0,0,0,0,0,0,0,0,0,0,0,0,0,0,1,2,2,2,2,4,4,4,4,4,4,0,4567259,4
1173,49110,dscw80,1,0,0,0,0,0,0,1,1,2,2,3,4,5,5,6,6,6,6,7,7,7,7,7,7,7,7,0,2623168,7
1181,50566,dscw80,0,0,0,0,0,0,0,0,0,0,0,1,2,2,2,2,2,2,2,2,2,2,2,2,2,2,2,0,3479236,2
1173,41409,dscw80,0,0,0,0,0,0,0,0,0,0,0,0,0,1,3,6,7,8,8,13,16,21,24,28,30,31,31,1,54187545,32
1173,43663,dscw80,0,0,0,0,0,0,4,8,21,42,62,80,96,111,127,140,151,157,169,175,179,232,266,281,287,291,294,0,867448775,294
1173,49429,dscw80,0,0,0,0,0,0,0,0,0,0,2,2,3,4,5,5,6,6,6,6,6,9,11,12,13,13,13,0,29510723,13
1181,38580,dscw80,0,0,0,0,0,0,0,0,3,3,3,3,3,3,3,3,3,3,3,3,3,4,4,6,6,6,6,0,1707464,6
1181,49257,dscw80,0,0,0,2,4,9,13,16,19,20,24,27,30,35,35,37,38,40,40,40,42,50,56,58,58,58,58,0,154579447,58
1181,41097,dscw80,0,0,0,0,1,1,1,1,1,1,1,1,1,1,1,1,2,2,2,2,2,2,2,2,2,2,2,0,651796,2
1181,41409,dscw80,0,0,0,0,0,0,0,0,0,0,2,2,2,3,4,5,5,5,5,5,5,5,5,5,5,5,5,0,27458869,5
1181,42863,dscw80,1,0,0,0,0,0,0,0,0,0,0,0,1,1,1,1,1,1,1,1,1,2,2,2,2,2,2,0,515771,2
1181,44912,dscw80,0,0,0,0,0,0,0,0,0,0,0,0,0,0,0,0,0,0,0,0,0,1,1,1,1,1,1,0,64212,1
1173,43302,dscw80,0,0,0,0,0,0,0,2,4,6,7,8,11,12,13,14,15,18,19,19,20,23,24,26,26,26,26,0,103027430,26
1173,44912,dscw80,0,0,0,0,0,1,7,16,32,55,73,90,126,151,161,172,194,221,239,258,272,362,415,452,476,485,494,9,1376234113,503
1173,52590,dscw80,0,0,0,0,6,55,149,292,430,568,712,853,999,1118,1226,1327,1434,1505,1566,1630,1702,2055,2218,2335,2408,2445,2484,26,6395938028,2510
1173,46091,dscw80,0,0,0,0,0,0,0,0,0,0,0,0,0,0,1,1,2,3,6,8,8,20,33,38,42,43,44,0,139483875,44
1181,46563,dscw80,0,0,0,0,0,0,0,0,0,1,1,2,3,4,4,4,4,4,4,4,4,4,5,5,5,5,5,0,13444095,5
1181,52590,dscw80,0,0,0,0,0,1,1,1,1,1,1,1,1,3,6,8,12,15,17,17,20,33,41,45,51,54,61,1,64170527,62
1173,46321,dscw80,0,0,0,0,0,0,0,0,0,0,0,0,0,0,0,0,0,0,0,0,0,1,1,1,1,1,2,0,15613646,2
1173,49158,dscw80,0,0,0,0,0,0,0,0,0,0,0,0,0,0,0,0,0,0,0,0,0,1,2,2,2,2,2,0,1375743,2
1173,49634,dscw80,0,0,0,0,0,0,0,0,2,2,2,2,3,4,9,12,16,21,23,26,30,60,68,76,84,92,99,1,129325858,100
1173,50298,dscw80,1,0,0,0,0,1,1,1,1,2,2,2,2,2,2,2,2,2,3,3,3,3,3,3,3,3,3,0,5386862,3
1173,51906,dscw80,1,0,0,0,0,0,2,4,7,8,10,12,13,13,14,15,15,16,17,18,18,23,25,26,26,26,26,0,54313662,26
1181,45983,dscw80,0,0,0,0,0,0,0,0,0,0,0,0,0,0,0,0,0,0,0,2,2,5,9,10,10,10,10,0,13720780,10
1181,49158,dscw80,0,3,6,20,41,61,87,115,142,175,197,218,233,253,265,270,288,302,311,319,322,371,404,442,456,459,464,6,1282071434,470
1181,49634,dscw80,0,0,0,0,0,1,2,3,3,5,6,7,8,9,9,9,10,11,13,13,15,19,22,22,22,22,22,0,67608767,22
1173,41409,dscw80,1,0,0,0,0,0,0,0,0,0,0,1,1,2,3,3,3,3,3,3,3,5,7,7,7,7,7,0,16374449,7
1173,43663,dscw80,1,0,0,0,0,0,1,4,6,9,14,16,19,19,20,20,20,21,21,21,22,26,26,26,26,26,26,0,56321572,26
1173,47632,dscw80,0,0,0,0,0,0,0,0,0,0,0,0,0,0,0,1,2,2,2,2,2,3,3,3,3,3,3,0,2768350,3
1173,49429,dscw80,1,0,0,0,0,0,0,0,0,0,0,1,1,1,1,1,1,1,1,1,1,3,3,3,3,3,3,0,13996001,3
1181,37241,dscw80,0,0,5,5,7,8,9,14,19,24,28,33,40,48,54,61,64,67,72,75,80,102,110,122,124,125,126,0,260565373,126
1181,49257,dscw80,1,0,1,1,1,2,3,3,4,4,4,4,4,4,4,4,4,4,4,4,4,4,4,4,4,4,4,1,584623,5
1173,44738,dscw80,0,0,0,0,0,1,2,5,10,18,25,40,52,69,90,114,145,167,193,213,237,363,420,466,481,490,495,2,1280237150,497
1181,41408,dscw80,0,0,0,0,0,0,0,0,0,1,1,1,2,2,3,3,4,4,4,4,4,5,5,6,6,6,6,0,25475467,6
1181,44738,dscw80,0,0,0,0,0,0,0,1,1,1,1,1,1,1,1,1,2,2,2,2,2,3,3,3,3,3,4,1,2641148,5
1173,43302,dscw80,1,0,0,0,0,1,1,1,1,1,1,1,1,1,1,1,1,1,1,1,1,1,1,1,1,1,1,1,18052,2
1173,44080,dscw80,0,0,0,0,0,0,0,0,0,0,0,0,0,0,0,0,0,0,0,1,1,3,3,3,3,3,3,0,1942781,3
1173,46548,dscw80,0,0,0,0,0,0,0,0,0,0,0,0,0,0,0,0,0,0,0,0,1,3,3,4,4,4,5,0,21252064,5
1173,44912,dscw80,1,0,0,0,0,3,12,23,34,39,46,53,56,59,67,73,79,83,85,86,87,99,100,100,100,100,100,2,195309593,102
1173,52590,dscw80,1,0,0,0,13,52,85,121,163,195,223,251,268,282,294,310,321,330,338,343,352,388,406,416,418,418,421,3,750065151,424
1181,53188,dscw80,0,0,4,9,21,36,54,57,65,68,73,82,90,93,97,97,97,99,99,100,102,118,124,129,129,131,133,0,358511813,133
1173,46091,dscw80,1,0,0,0,0,0,0,0,0,0,1,1,1,3,3,4,4,4,4,4,4,4,4,4,4,4,4,0,5649703,4
1173,52262,dscw80,0,0,0,0,0,0,0,0,0,0,0,0,0,0,0,0,0,0,1,2,2,3,3,3,3,3,3,0,13631201,3
1181,52590,dscw80,1,0,0,0,0,0,0,0,1,1,1,1,1,1,2,3,4,4,4,4,4,7,7,7,7,7,7,0,9203740,7
1173,49634,dscw80,1,0,0,0,0,0,0,0,0,0,1,1,4,5,5,5,6,6,7,7,7,16,17,20,20,20,20,0,25684928,20
1181,52262,dscw80,0,0,0,0,0,0,1,1,1,2,4,5,5,5,5,5,7,7,7,7,7,7,7,8,8,8,8,0,31084902,8
1173,49440,dscw80,0,0,0,0,0,0,0,0,0,4,5,8,14,17,28,34,43,53,59,70,75,110,136,152,159,163,168,3,390210249,171
1181,41984,dscw80,0,0,0,0,0,0,0,0,0,0,0,0,0,0,0,0,0,0,0,0,0,0,0,1,1,1,1,0,128788,1
1181,45983,dscw80,1,0,0,0,0,0,0,0,0,0,0,0,0,0,0,0,0,0,0,0,1,2,2,2,2,2,2,0,261575,2
1181,49158,dscw80,1,5,7,14,23,27,37,47,54,59,61,65,70,74,80,80,81,85,86,88,90,105,107,113,115,116,116,3,208669964,119
1181,49634,dscw80,1,0,0,1,1,1,1,1,2,2,3,4,4,4,4,4,4,4,4,4,5,5,5,6,6,6,6,0,976313,6
1173,51472,dscw80,0,0,0,0,0,0,0,0,0,0,0,0,0,0,0,1,1,1,3,4,4,6,7,9,9,11,13,0,42239108,13
1181,49440,dscw80,0,0,0,0,0,1,1,2,2,2,2,2,2,2,2,3,3,3,3,3,3,7,7,7,7,7,7,0,26673018,7
1173,44737,dscw80,0,0,0,0,0,0,1,2,2,4,6,9,12,18,27,37,42,44,49,58,65,102,111,121,126,130,132,1,417742264,133
1173,48590,dscw80,0,0,0,0,0,0,0,0,0,0,0,0,0,0,0,0,0,0,1,2,2,2,2,2,2,2,2,0,3723133,2
1173,52978,dscw80,0,0,0,0,0,1,14,34,65,101,141,187,251,315,384,443,499,549,604,653,692,997,1130,1258,1335,1376,1436,19,3320425343,1455
1181,37241,dscw80,1,2,3,6,6,6,9,11,17,18,20,22,22,23,24,25,27,27,27,28,28,29,30,30,30,30,30,0,39471528,30
1181,51472,dscw80,0,0,0,0,0,0,0,1,2,3,4,5,8,11,12,12,13,14,14,15,15,26,33,38,41,43,43,0,69900771,43
1173,44738,dscw80,1,0,0,0,0,0,0,2,4,5,6,7,11,12,15,16,17,20,22,22,23,29,30,33,34,34,34,0,31553470,34
1181,48590,dscw80,0,0,2,2,3,3,4,6,6,7,7,8,9,9,9,9,9,10,10,10,10,10,11,11,12,12,12,4,18332098,16
1181,52978,dscw80,0,0,0,0,0,0,0,0,0,0,0,0,0,0,0,0,0,0,0,0,0,0,0,0,1,2,3,0,2446957,3
