client_metro,region,maprule,is_cache_hit,ttfb_le_5_ms,ttfb_le_10_ms,ttfb_le_15_ms,ttfb_le_20_ms,ttfb_le_25_ms,ttfb_le_30_ms,ttfb_le_35_ms,ttfb_le_40_ms,ttfb_le_45_ms,ttfb_le_50_ms,ttfb_le_55_ms,ttfb_le_60_ms,ttfb_le_65_ms,ttfb_le_70_ms,ttfb_le_75_ms,ttfb_le_80_ms,ttfb_le_85_ms,ttfb_le_90_ms,ttfb_le_95_ms,ttfb_le_100_ms,ttfb_le_150_ms,ttfb_le_200_ms,ttfb_le_300_ms,ttfb_le_400_ms,ttfb_le_500_ms,ttfb_le_1000_ms,ttfb_gt_1000_ms,bytes_sent,requests
1173,41187,dscw80,0,0,0,0,0,0,0,2,2,2,2,2,2,4,4,4,4,4,4,4,4,4,4,4,4,4,4,0,6814446,4
1181,49634,dscw80,0,0,0,0,0,0,2,3,3,3,3,3,3,3,4,4,4,4,4,5,5,5,5,6,7,7,8,0,25048655,8
1181,51174,dscw80,0,0,0,0,0,0,0,0,0,0,0,0,0,0,1,2,2,2,2,2,2,2,2,2,2,2,2,0,257157,2
1173,41409,dscw80,0,0,0,0,0,0,0,0,0,1,3,5,6,6,8,9,12,13,15,15,16,18,18,19,20,20,20,0,84953408,20
1173,49054,dscw80,1,0,0,0,0,0,0,0,0,0,0,0,0,0,1,1,1,1,1,1,1,1,1,1,1,1,1,0,97791,1
1173,38974,dscw80,1,0,0,0,0,0,0,0,0,0,0,0,0,0,0,0,0,1,1,1,1,2,2,2,2,4,6,0,12136811,6
1181,44912,dscw80,1,0,0,1,1,1,1,1,1,1,1,1,1,1,1,1,1,1,1,1,1,1,1,1,1,1,1,0,1728,1
1173,46548,dscw80,0,0,0,0,0,0,1,5,7,11,12,16,19,20,21,22,23,25,27,30,30,34,37,40,44,47,52,12,120877621,64
1173,49440,dscw80,0,0,0,0,0,0,0,0,2,4,10,16,26,39,49,61,69,78,87,102,107,156,175,187,195,200,208,2,554941741,210
1173,44035,dscw80,1,0,0,1,4,7,11,14,16,19,20,22,23,25,29,29,30,33,36,37,37,40,42,42,42,42,43,0,71100112,43
1181,52590,dscw80,1,0,0,0,1,1,1,1,1,1,1,1,1,1,1,1,1,1,1,1,1,2,2,2,2,2,2,0,7411290,2
1173,44912,dscw80,0,0,0,0,1,4,18,45,87,148,210,257,295,342,386,424,471,501,534,568,589,784,885,977,1019,1050,1074,9,2536888777,1083
1181,49634,dscw80,1,0,0,0,0,1,2,3,3,3,3,3,3,3,3,3,3,3,3,3,3,3,3,3,4,4,4,0,777755,4
1181,51174,dscw80,1,0,0,0,0,0,0,1,1,1,1,1,1,1,1,1,1,1,1,1,1,1,1,1,1,1,1,0,2341162,1
1173,41409,dscw80,1,0,0,0,0,0,0,0,1,1,2,2,2,2,4,4,4,4,4,4,4,5,5,5,5,5,5,0,9570847,5
1181,40557,dscw80,0,0,0,0,0,0,0,0,0,0,0,0,0,0,0,0,0,0,0,0,0,1,1,1,1,1,1,0,2184,1
1173,44738,dscw80,0,0,0,0,0,0,0,0,1,1,3,4,8,13,16,17,18,21,31,33,37,60,73,80,83,83,84,0,246954095,84
1173,46548,dscw80,1,0,0,0,0,1,1,2,2,2,2,2,2,2,2,2,2,2,2,2,2,2,2,2,2,2,2,1,516577,3
1173,49440,dscw80,1,0,0,0,0,0,0,0,2,3,4,10,14,19,25,27,30,32,32,34,36,48,50,51,54,54,54,1,86998835,55
1173,52590,dscw80,0,0,0,0,27,86,161,231,317,401,485,552,603,654,706,742,777,807,847,868,891,1018,1082,1151,1175,1186,1204,3,2941492174,1207
1173,44912,dscw80,1,0,0,1,10,20,40,52,67,77,85,92,100,107,111,111,117,122,124,130,135,144,146,151,152,153,153,0,166732203,153
1173,51174,dscw80,0,0,0,0,0,0,0,3,6,8,9,10,14,17,19,20,23,24,26,26,27,35,36,39,39,39,40,1,108586977,41
1181,52978,dscw80,0,0,0,0,0,0,0,0,0,0,0,0,0,0,0,2,3,3,3,3,3,4,5,5,6,7,7,0,3637894,7
1181,45462,dscw80,0,0,0,0,0,0,0,0,0,0,0,0,0,0,0,0,0,0,0,0,1,1,1,1,1,1,1,0,1953111,1
1173,44738,dscw80,1,0,0,0,0,1,1,1,1,2,2,2,3,4,4,5,5,5,5,6,6,8,8,9,9,9,9,0,597631,9
1173,52590,dscw80,1,0,0,1,10,33,47,72,101,114,133,151,164,177,182,186,192,197,203,206,206,216,228,232,233,233,234,0,325226636,234
1173,51174,dscw80,1,0,0,0,0,0,0,2,2,2,2,3,3,3,3,3,3,3,3,3,4,4,4,4,4,4,5,0,779088,5
1181,44737,dscw80,0,0,0,0,0,0,0,0,0,0,0,0,0,0,0,0,0,0,0,0,0,1,1,2,2,2,2,0,1647391,2
1181,52978,dscw80,1,0,0,0,0,0,0,0,0,0,0,0,0,0,0,0,1,1,1,1,1,1,1,1,1,1,1,0,258515,1
1173,46091,dscw80,0,0,0,0,0,0,0,0,0,0,0,0,0,0,0,0,0,0,0,0,0,2,2,3,3,3,3,0,7161208,3
1181,48590,dscw80,0,0,1,2,2,3,3,8,11,15,15,17,21,22,25,27,27,29,30,32,34,40,42,43,44,45,45,0,79443905,45
1181,35540,dscw80,0,0,0,0,0,0,0,0,0,0,0,2,2,2,2,2,2,2,2,2,2,2,2,2,2,2,2,0,4157926,2
1173,52978,dscw80,0,0,0,0,5,17,48,77,116,162,213,277,366,441,513,592,655,711,743,777,811,1027,1139,1243,1291,1320,1348,17,2810120517,1365
1173,46091,dscw80,1,0,0,0,0,0,0,0,0,0,0,0,0,0,0,0,0,0,0,0,0,0,1,2,2,2,2,0,2548881,2
1181,48590,dscw80,1,0,2,2,3,3,5,5,5,6,6,7,7,7,8,8,8,8,8,8,8,9,9,9,9,9,9,0,2197553,9
1173,49429,dscw80,0,0,0,0,0,0,0,0,0,0,3,4,5,7,8,9,10,10,11,11,13,20,22,24,27,27,27,0,63344166,27
1181,50566,dscw80,0,0,0,0,0,0,1,1,1,1,1,1,1,1,1,1,1,1,1,1,1,1,1,1,1,1,1,0,2697,1
1173,47733,dscw80,0,0,0,0,0,0,0,0,0,0,0,0,0,2,3,4,6,6,11,13,14,23,26,26,28,28,28,0,109279144,28
1173,44737,dscw80,0,0,0,0,0,0,0,1,4,7,10,14,19,28,35,47,60,70,77,84,92,138,161,178,183,187,190,2,465720939,192
1173,52978,dscw80,1,0,0,0,1,7,16,20,26,32,42,53,64,74,88,95,98,101,104,106,109,125,134,135,137,137,141,0,135669306,141
1181,37241,dscw80,0,0,5,8,8,8,8,8,11,15,18,24,25,29,32,36,37,39,39,40,40,47,52,58,60,61,61,1,99685166,62
1181,46626,dscw80,0,0,0,0,0,0,0,0,0,0,0,0,0,1,1,1,1,1,1,1,1,1,1,1,1,1,1,0,3587694,1
1173,48590,dscw80,0,0,0,0,0,0,0,0,0,0,0,0,0,0,0,0,1,1,1,1,1,5,5,6,6,6,7,0,6948622,7
1181,52262,dscw80,0,0,0,0,0,0,0,0,0,0,0,1,1,1,1,1,1,1,1,1,1,1,1,1,1,1,1,0,128264,1
1173,49429,dscw80,1,0,0,0,0,0,0,0,0,0,0,0,0,0,0,0,0,1,1,1,1,1,2,2,2,2,2,0,3498583,2
1181,42863,dscw80,0,0,0,0,0,0,0,0,0,0,0,0,0,0,0,0,0,0,0,0,0,1,1,1,1,1,1,0,599938,1
1181,50566,dscw80,1,0,0,0,0,0,0,0,0,0,0,0,1,1,1,1,1,1,1,1,1,1,1,1,1,1,1,0,1986,1
1173,47733,dscw80,1,0,0,0,0,0,0,0,0,0,0,0,1,1,1,1,1,1,1,2,2,2,2,2,2,2,2,0,4650829,2
1173,44737,dscw80,1,0,0,0,0,0,2,2,2,2,4,6,7,7,7,10,11,11,11,11,12,15,17,18,18,18,18,0,38576030,18
1173,50298,dscw80,0,0,0,0,0,0,0,0,0,0,0,0,1,3,3,3,3,5,5,5,6,14,21,26,28,30,33,0,66724157,33
1181,45169,dscw80,0,0,0,0,0,0,0,0,0,0,0,0,0,1,1,1,1,1,1,1,1,1,1,1,1,1,1,0,129446,1
1181,37241,dscw80,1,2,3,4,4,4,6,8,9,9,10,11,12,13,15,15,15,15,16,16,16,17,18,18,18,18,18,0,20217136,18
1181,49158,dscw80,0,0,0,2,2,5,8,14,17,19,21,21,22,23,24,24,24,25,25,27,27,27,28,30,30,30,30,0,89794266,30
1173,43663,dscw80,0,0,0,0,0,0,0,3,9,16,23,31,37,42,48,57,65,68,71,74,79,97,102,108,111,111,111,0,334042713,111
1181,51472,dscw80,0,0,0,0,0,0,1,1,1,2,2,2,2,4,4,4,4,4,4,4,4,5,5,5,6,6,6,0,2657275,6
1173,49110,dscw80,0,0,0,0,0,0,0,0,2,4,5,8,11,12,14,17,19,20,24,27,30,50,55,63,63,64,68,0,157456838,68
1181,51906,dscw80,0,0,0,0,0,0,0,0,0,0,0,0,0,0,0,0,0,0,0,0,0,1,1,1,1,2,2,0,1744930,2
1173,46626,dscw80,0,0,0,0,0,0,3,15,39,67,95,126,159,191,221,253,280,305,331,348,366,540,615,671,695,709,713,2,1736855900,715
1181,49158,dscw80,1,0,0,1,2,3,5,7,9,9,9,9,9,10,10,10,10,10,10,10,10,10,10,10,10,10,10,0,8008140,10
1173,42863,dscw80,0,0,0,0,0,0,0,0,0,0,0,0,1,1,2,2,2,2,2,2,2,3,3,3,3,3,3,0,13413224,3
1173,43302,dscw80,0,0,0,0,0,0,1,1,1,1,1,2,2,2,3,3,3,3,3,3,3,3,3,3,3,3,3,0,7631723,3
1173,43663,dscw80,1,0,0,0,0,0,0,0,0,3,5,8,10,13,13,14,14,14,14,14,14,14,14,14,14,14,14,0,12222570,14
1181,44636,dscw80,0,0,0,0,0,0,0,0,0,0,1,1,1,1,1,1,1,1,1,1,1,1,1,1,1,2,2,0,760111,2
1173,45169,dscw80,0,0,0,0,0,0,0,0,0,0,0,1,1,2,2,2,2,4,6,9,10,19,20,24,25,25,25,0,96325714,25
1173,49110,dscw80,1,0,0,0,0,0,0,0,3,3,4,4,4,4,4,4,4,4,4,4,4,4,5,5,5,5,5,0,3961547,5
1181,38974,dscw80,0,0,0,0,0,0,0,0,0,0,0,0,0,0,0,0,0,0,0,0,0,0,0,0,0,0,2,0,508004,2
1173,46626,dscw80,1,0,0,0,0,1,10,19,31,38,49,62,70,77,85,91,99,111,114,116,117,139,145,152,153,153,155,0,222521028,155
1181,44035,dscw80,0,0,0,0,0,0,0,0,0,0,0,1,1,1,1,2,2,2,3,3,3,4,4,4,4,4,4,0,3843368,4
1173,42863,dscw80,1,0,0,0,0,0,0,0,0,0,0,0,0,1,1,1,2,2,2,4,4,5,5,5,5,5,5,0,2026170,5
1173,49579,dscw80,0,0,0,0,0,0,0,0,0,0,0,0,0,0,0,1,2,2,2,2,2,2,2,2,2,2,2,0,5817322,2
1173,51472,dscw80,0,0,0,0,0,0,0,0,0,0,0,0,0,0,0,0,0,0,0,0,0,0,0,0,0,1,1,0,1481,1
1181,44636,dscw80,1,0,0,0,0,0,0,0,0,1,1,1,1,1,1,1,1,1,1,1,1,1,1,1,1,1,1,0,258224,1
1173,45169,dscw80,1,0,0,0,0,0,0,0,0,0,2,2,2,2,2,2,3,4,5,6,8,10,10,11,11,11,11,0,2704989,11
1181,41409,dscw80,0,0,0,0,2,2,3,3,4,4,5,6,6,6,7,7,9,9,9,9,9,10,11,12,12,12,12,0,28933238,12
1181,49257,dscw80,0,0,1,1,7,11,12,15,19,21,22,23,26,26,26,28,28,29,29,30,30,33,35,37,37,37,37,0,40931992,37
1173,50463,dscw80,0,0,0,0,0,1,4,16,34,54,72,85,103,121,138,162,180,203,214,233,246,335,368,385,397,402,405,0,943482487,405
1173,51906,dscw80,0,0,0,0,0,0,1,4,5,5,7,9,9,11,15,15,17,17,18,22,24,35,50,66,75,78,80,2,224321293,82
1181,41187,dscw80,0,0,0,0,0,1,2,2,2,2,3,5,6,6,6,6,6,7,7,7,7,8,8,8,8,8,8,1,8301482,9
1181,49440,dscw80,0,0,0,0,0,0,0,0,0,0,0,0,0,0,0,0,0,0,0,0,0,0,0,1,2,2,2,0,2558427,2
1181,53419,dscw80,0,4,15,47,114,228,344,439,529,597,648,685,726,763,794,825,846,857,871,883,896,994,1028,1054,1065,1066,1069,0,2531373308,1069
1173,41408,dscw80,0,0,0,0,0,0,0,0,0,0,0,0,3,4,7,11,12,13,15,16,17,22,26,27,28,28,28,0,110093404,28
1173,49054,dscw80,0,0,0,0,0,0,0,0,0,0,0,0,0,0,0,0,0,1,1,1,2,3,4,5,5,5,5,0,8347202,5
1181,39888,dscw80,0,0,0,0,0,0,0,0,0,0,0,0,0,0,0,0,0,1,1,1,1,1,1,1,1,1,1,0,1746450,1
1181,41409,dscw80,1,0,0,4,7,7,7,7,7,7,9,9,9,9,9,9,9,9,9,10,10,10,10,10,10,10,10,0,6060967,10
1181,49257,dscw80,1,0,0,1,2,4,4,4,5,5,5,5,5,5,5,5,5,5,5,5,5,5,5,5,5,5,5,1,14063099,6
1173,38974,dscw80,0,0,0,0,0,0,0,0,0,0,0,1,1,3,4,4,6,6,6,8,8,13,14,16,16,18,20,0,26850307,20
1173,50463,dscw80,1,0,0,0,0,0,0,3,6,6,7,9,10,10,12,16,21,22,22,23,23,24,26,26,27,27,27,0,21452529,27
1173,51906,dscw80,1,0,0,0,0,1,2,3,3,5,6,7,8,8,10,12,12,12,12,13,13,14,16,19,19,19,19,0,49283055,19
1181,41187,dscw80,1,0,0,0,0,0,0,0,0,0,0,0,0,0,0,0,0,0,0,0,0,0,0,1,1,1,1,0,165487,1
1181,44912,dscw80,0,0,0,0,0,0,0,0,0,0,0,0,0,0,0,0,0,0,0,0,0,1,1,1,1,1,1,0,1201905,1
1181,44738,dscw80,0,0,0,0,0,0,0,0,0,0,0,0,0,0,0,0,0,1,1,1,1,1,2,2,2,2,2,2,675816,4
1181,53419,dscw80,1,9,15,27,63,118,155,187,209,224,231,244,250,251,253,257,262,267,268,271,275,283,287,292,293,293,294,1,340765104,295
1173,41408,dscw80,1,0,0,0,0,0,0,0,0,0,0,1,2,2,2,2,2,2,2,2,2,2,2,2,2,2,2,0,259810,2
1173,44035,dscw80,0,0,0,0,0,1,2,15,24,40,55,66,76,90,102,112,120,131,135,141,146,177,189,202,208,214,220,1,678210089,221
