client_metro,region,maprule,is_cache_hit,ttfb_le_5_ms,ttfb_le_10_ms,ttfb_le_15_ms,ttfb_le_20_ms,ttfb_le_25_ms,ttfb_le_30_ms,ttfb_le_35_ms,ttfb_le_40_ms,ttfb_le_45_ms,ttfb_le_50_ms,ttfb_le_55_ms,ttfb_le_60_ms,ttfb_le_65_ms,ttfb_le_70_ms,ttfb_le_75_ms,ttfb_le_80_ms,ttfb_le_85_ms,ttfb_le_90_ms,ttfb_le_95_ms,ttfb_le_100_ms,ttfb_le_150_ms,ttfb_le_200_ms,ttfb_le_300_ms,ttfb_le_400_ms,ttfb_le_500_ms,ttfb_le_1000_ms,ttfb_gt_1000_ms,bytes_sent,requests
1181,41984,dscw80,0,0,0,0,0,0,0,0,0,0,0,0,1,2,2,2,2,2,2,2,2,2,2,2,2,2,2,0,2149848,2
1181,49634,dscw80,0,0,0,3,10,11,13,14,15,15,16,17,19,19,19,19,19,19,19,20,20,21,22,25,25,25,25,0,35538808,25
1181,51174,dscw80,0,0,0,0,0,0,0,0,0,0,0,0,0,1,1,1,1,1,1,1,1,3,3,3,3,3,3,0,133446,3
1173,41409,dscw80,0,0,0,0,0,0,0,0,0,0,0,0,0,0,0,0,0,1,1,1,1,1,1,1,1,1,1,0,2679059,1
1181,44912,dscw80,1,0,0,0,0,0,0,0,0,0,0,0,1,1,1,1,1,1,1,1,1,2,2,2,2,2,2,0,51808,2
1173,46548,dscw80,0,0,0,0,0,0,4,10,16,17,17,18,21,21,22,24,24,26,27,28,28,32,32,33,33,33,33,0,62006003,33
1173,49440,dscw80,0,0,0,0,0,0,0,2,3,8,10,11,20,31,38,49,57,62,67,76,78,95,108,115,120,124,126,2,282764109,128
1173,53419,dscw80,0,0,0,0,0,0,0,0,0,0,0,0,0,0,0,2,2,2,2,2,2,2,2,2,2,2,2,0,680270,2
1173,44035,dscw80,1,0,0,0,0,1,3,3,4,4,4,5,5,5,5,5,5,5,5,5,5,5,6,6,6,6,6,0,25709263,6
1173,44912,dscw80,0,0,0,0,0,3,13,29,56,91,128,174,211,241,259,290,319,338,365,388,417,555,610,720,776,810,880,18,2150938662,898
1181,49634,dscw80,1,0,0,0,0,2,2,2,2,2,2,2,2,2,2,2,2,2,2,2,2,3,3,3,3,3,3,0,132946,3
1173,41409,dscw80,1,0,0,0,0,0,0,0,0,0,0,0,0,0,0,0,0,0,0,1,1,1,1,1,1,1,1,0,2401,1
1173,44738,dscw80,0,0,0,0,0,0,0,0,0,0,0,0,0,0,2,2,2,2,2,2,2,2,2,2,2,2,2,0,515621,2
1173,46548,dscw80,1,0,0,1,1,1,1,2,2,2,2,2,2,2,2,2,2,2,2,2,2,2,2,2,2,2,2,0,259661,2
1173,49440,dscw80,1,0,0,0,0,0,3,4,5,5,6,6,9,13,15,16,18,21,21,21,22,25,29,29,32,33,33,0,69263052,33
1173,53419,dscw80,1,0,0,0,0,0,0,0,0,0,0,0,0,0,0,0,0,1,1,1,1,1,1,1,1,1,1,0,12066,1
1173,52590,dscw80,0,0,0,0,6,15,21,25,28,30,36,39,40,43,44,45,46,47,47,47,47,51,52,53,54,54,54,0,123273761,54
1173,44912,dscw80,1,0,0,0,5,9,18,27,45,61,73,82,89,97,105,113,118,121,124,127,131,152,159,166,171,173,174,0,303636794,174
1173,49634,dscw80,0,0,0,0,0,0,0,0,0,1,3,6,9,11,18,29,31,33,40,44,45,54,57,58,58,58,59,0,124585471,59
1173,51174,dscw80,0,0,0,0,0,0,0,0,0,0,0,0,0,0,0,0,1,1,1,1,1,1,1,1,1,1,1,0,4030214,1
1181,52978,dscw80,0,0,0,0,0,0,0,0,0,0,0,0,0,1,1,3,4,6,8,8,10,10,12,13,14,14,15,0,9171967,15
1181,36533,dscw80,0,0,0,0,0,0,0,0,0,0,0,0,1,2,2,2,2,2,2,2,2,2,2,2,2,2,2,0,9900580,2
1181,52559,dscw80,0,0,0,0,0,1,1,1,1,1,1,2,2,2,2,2,2,2,2,2,2,2,2,2,2,3,3,0,1256654,3
1173,52590,dscw80,1,0,0,0,5,7,9,12,13,13,14,14,14,14,14,14,14,14,14,14,14,14,16,16,16,17,17,0,10477687,17
1173,49634,dscw80,1,0,0,0,0,0,0,0,0,1,3,6,9,10,12,14,15,15,15,16,16,18,20,20,20,20,20,0,8805877,20
1173,51174,dscw80,1,0,0,0,0,0,0,0,0,0,1,1,1,1,1,1,1,1,2,2,2,2,2,2,2,2,2,0,1117277,2
1173,46091,dscw80,0,0,0,0,0,0,0,0,0,0,0,0,1,1,2,3,4,5,6,8,9,13,14,14,14,14,14,0,30437472,14
1181,48590,dscw80,0,0,0,0,0,0,0,0,0,0,0,0,0,0,0,0,0,1,1,1,1,2,3,4,4,4,4,0,2312974,4
1181,52559,dscw80,1,0,0,0,0,0,0,0,1,1,1,1,1,1,1,1,1,1,1,1,1,1,1,1,1,1,1,0,257979,1
1173,52978,dscw80,0,0,0,0,3,9,19,27,31,36,41,47,49,57,63,66,69,70,73,78,79,88,94,100,101,103,106,1,186204153,107
1181,36533,dscw80,1,0,0,0,0,0,0,0,0,0,0,1,1,1,1,1,1,1,1,1,1,1,1,1,1,1,1,0,67749,1
1173,46091,dscw80,1,0,0,0,0,0,0,0,0,0,0,0,0,1,1,1,1,1,1,1,1,2,2,2,2,2,2,0,969597,2
1173,49429,dscw80,0,0,0,0,0,0,0,0,0,0,0,0,0,0,0,0,0,0,0,0,0,1,1,1,1,1,1,0,13413206,1
1181,43663,dscw80,0,0,0,0,0,0,0,0,0,0,0,0,0,0,0,0,0,0,0,0,0,0,1,1,1,1,1,0,332684,1
1173,44737,dscw80,0,0,0,0,0,0,1,4,7,19,32,37,60,72,86,97,106,122,134,143,151,206,239,272,284,289,295,1,744959563,296
1173,52978,dscw80,1,0,0,0,1,1,1,3,3,3,3,3,3,5,5,7,7,7,7,7,8,11,11,11,11,11,11,0,13507437,11
1181,37241,dscw80,0,2,18,31,36,40,41,49,53,54,55,56,60,63,67,69,71,72,72,73,75,86,91,94,95,98,100,0,165712584,100
1181,52262,dscw80,0,0,0,0,0,1,3,3,3,4,4,5,5,5,5,5,5,5,5,5,5,6,6,6,6,6,6,0,23660218,6
1181,42863,dscw80,0,0,0,0,0,0,0,2,2,2,2,2,2,3,3,4,4,4,4,4,4,4,4,4,5,5,5,0,2274316,5
1173,44737,dscw80,1,0,0,0,0,1,2,4,10,16,18,20,21,23,25,27,28,28,30,30,31,36,36,36,36,36,36,0,13612793,36
1181,45169,dscw80,0,0,0,0,0,0,0,0,0,0,0,1,1,1,2,2,3,4,5,6,6,6,8,10,10,11,11,0,5749435,11
1181,37241,dscw80,1,7,13,14,15,15,15,16,16,17,17,17,17,17,17,17,19,19,19,19,19,21,22,22,22,22,22,0,20527916,22
1181,46626,dscw80,1,0,0,0,0,0,0,1,1,1,1,1,1,1,1,1,1,1,1,1,1,1,1,1,1,1,1,0,1529,1
1181,49158,dscw80,0,4,8,11,12,14,24,30,37,43,46,48,52,56,58,62,64,67,67,69,70,103,113,117,119,120,125,0,216016680,125
1181,52262,dscw80,1,0,0,1,1,1,1,1,1,1,1,1,2,2,2,2,2,2,2,2,2,2,2,2,2,2,2,0,136885,2
1173,43663,dscw80,0,0,0,0,0,0,0,0,0,0,0,0,1,2,2,2,2,2,2,2,2,2,2,2,2,2,2,0,2531421,2
1181,51472,dscw80,0,0,0,0,0,0,1,3,4,6,7,7,7,7,7,7,7,7,7,7,7,9,9,9,9,10,10,0,2752294,10
1181,51906,dscw80,0,0,0,0,0,0,0,0,0,0,0,0,0,0,0,0,0,0,0,0,0,0,1,1,1,1,1,0,64142,1
1181,45169,dscw80,1,0,0,0,0,0,0,0,0,0,1,3,3,3,3,3,3,3,3,3,3,3,3,3,3,3,3,0,1521451,3
1173,46626,dscw80,0,0,0,0,0,3,8,25,48,75,100,137,175,219,246,277,313,337,369,397,420,551,607,652,683,696,701,2,1439678476,703
1181,41408,dscw80,0,0,0,0,0,0,0,0,0,1,1,1,2,2,2,2,2,2,2,2,2,2,2,2,2,2,2,0,3390109,2
1181,49158,dscw80,1,3,5,5,5,8,11,13,15,16,18,23,23,24,25,26,28,28,30,30,30,38,38,40,42,42,44,0,58876187,44
1173,42863,dscw80,0,0,0,0,0,0,0,0,0,0,0,0,0,0,3,4,4,4,4,4,4,5,5,5,5,5,5,0,900775,5
1181,51472,dscw80,1,0,0,0,0,0,1,2,2,2,2,2,2,2,2,2,2,2,2,2,2,2,2,2,2,2,2,0,260771,2
1173,45169,dscw80,0,0,0,0,0,0,0,0,0,0,2,3,3,3,3,3,3,4,4,5,5,5,5,5,5,5,5,0,21634386,5
1181,38974,dscw80,0,0,0,0,0,0,0,0,0,0,0,0,0,0,0,0,0,0,0,0,0,0,0,0,1,1,1,0,1263764,1
1173,46626,dscw80,1,0,0,0,0,2,9,14,19,29,41,46,51,64,73,80,83,85,89,91,95,111,114,118,120,120,120,1,157360149,121
1173,45169,dscw80,1,0,0,0,0,0,0,0,0,0,0,0,0,0,0,1,1,1,1,1,1,2,3,4,4,4,4,0,200861,4
1181,41409,dscw80,0,0,0,0,0,0,0,0,1,1,3,4,5,5,5,5,5,5,5,5,5,5,6,9,11,11,11,0,22865038,11
1181,49257,dscw80,0,0,0,0,4,6,11,16,17,17,18,22,25,27,27,29,31,32,32,34,35,40,43,44,44,44,45,0,97307995,45
1173,50463,dscw80,0,0,0,0,0,0,0,3,3,3,3,5,5,5,5,7,7,7,7,8,8,9,9,9,9,9,9,0,2001292,9
1173,51906,dscw80,0,0,0,0,0,0,3,7,20,29,40,49,57,62,69,76,82,88,96,99,102,116,124,141,144,147,148,0,467133837,148
1181,41187,dscw80,0,0,0,0,0,0,0,0,0,0,0,0,0,0,0,0,0,0,0,0,0,0,0,0,1,1,1,0,946735,1
1181,53419,dscw80,0,16,49,115,230,489,859,1163,1397,1597,1761,1896,1988,2077,2157,2223,2260,2304,2350,2393,2426,2622,2722,2811,2848,2871,2888,9,7810987181,2897
1173,47555,dscw80,0,0,0,0,0,0,0,0,0,0,1,2,2,3,4,4,4,4,4,4,4,5,5,5,5,5,5,0,370595,5
1181,53188,dscw80,0,0,1,8,16,19,24,26,31,33,35,35,36,36,38,39,40,42,46,46,47,63,77,82,87,88,91,1,171451086,92
1173,49054,dscw80,0,0,0,0,0,0,0,0,2,2,2,2,2,2,2,2,2,2,2,2,2,2,2,2,2,2,2,0,5673432,2
1181,39888,dscw80,0,0,0,0,0,0,0,0,0,0,0,0,0,0,0,0,0,1,1,1,1,1,1,1,1,1,1,0,2734153,1
1181,41409,dscw80,1,0,0,0,0,0,1,1,1,1,1,1,1,1,1,1,1,1,1,2,2,2,2,2,2,2,2,0,516426,2
1181,49257,dscw80,1,0,0,0,3,4,5,5,6,6,6,7,7,8,9,9,10,10,10,11,11,11,11,12,12,12,12,0,12210615,12
1173,51906,dscw80,1,0,0,0,0,4,11,20,27,32,40,45,53,56,58,61,63,63,65,66,66,73,74,77,77,77,77,0,141435288,77
1181,44912,dscw80,0,0,0,0,0,0,0,0,0,0,0,0,0,0,0,0,1,2,3,4,5,5,6,8,8,8,11,0,7995296,11
1181,44738,dscw80,0,0,0,0,0,0,0,0,0,0,0,0,0,0,0,0,0,0,1,1,1,1,1,2,2,2,2,0,385916,2
1181,49440,dscw80,1,0,0,0,0,0,0,0,0,0,0,0,1,1,1,1,1,1,1,1,1,1,1,1,1,1,1,0,257535,1
1181,53419,dscw80,1,8,33,75,206,427,602,733,824,893,951,1005,1039,1054,1078,1089,1095,1102,1110,1117,1124,1170,1189,1199,1208,1210,1214,7,2004015865,1221
1173,44035,dscw80,0,0,0,0,0,0,0,1,2,7,10,11,15,15,19,26,28,29,31,32,33,42,46,53,62,66,67,3,160753167,70
1173,47555,dscw80,1,0,0,0,0,0,0,0,0,1,1,1,1,1,1,1,1,1,1,1,1,1,1,1,1,1,1,0,2072586,1
1181,52590,dscw80,0,0,0,0,0,0,0,0,0,0,0,0,0,0,0,0,0,0,1,1,1,1,1,1,1,1,1,0,128732,1
1181,53188,dscw80,1,0,2,17,27,30,35,39,40,42,43,45,46,46,46,47,48,48,49,50,50,53,53,54,54,55,55,0,76152439,55
