client_metro,region,maprule,is_cache_hit,ttfb_le_5_ms,ttfb_le_10_ms,ttfb_le_15_ms,ttfb_le_20_ms,ttfb_le_25_ms,ttfb_le_30_ms,ttfb_le_35_ms,ttfb_le_40_ms,ttfb_le_45_ms,ttfb_le_50_ms,ttfb_le_55_ms,ttfb_le_60_ms,ttfb_le_65_ms,ttfb_le_70_ms,ttfb_le_75_ms,ttfb_le_80_ms,ttfb_le_85_ms,ttfb_le_90_ms,ttfb_le_95_ms,ttfb_le_100_ms,ttfb_le_150_ms,ttfb_le_200_ms,ttfb_le_300_ms,ttfb_le_400_ms,ttfb_le_500_ms,ttfb_le_1000_ms,ttfb_gt_1000_ms,bytes_sent,requests
1181,38580,dscw80,0,0,0,0,0,0,0,0,0,0,0,0,0,0,0,0,0,1,1,1,1,1,1,1,1,1,1,0,612717,1
1173,50298,dscw80,1,0,0,0,0,1,1,3,7,11,16,20,25,29,32,33,35,36,36,36,37,44,45,47,48,48,48,3,106118197,51
1181,51174,dscw80,1,0,0,0,1,1,1,1,1,2,2,2,2,2,2,2,2,2,2,2,2,2,2,2,2,2,2,0,2631339,2
1181,37241,dscw80,1,0,0,0,0,0,0,0,0,0,1,1,1,1,1,1,1,1,1,1,1,1,1,1,1,1,1,0,257777,1
1173,50463,dscw80,0,0,0,0,0,0,1,2,4,5,7,12,14,17,19,22,23,23,23,24,24,30,31,35,37,38,38,2,46380634,40
1181,38220,dscw80,0,0,0,0,0,0,0,0,0,0,0,0,0,0,0,0,0,0,0,0,0,2,2,2,2,2,2,0,28628141,2
1173,51906,dscw80,1,0,0,0,0,1,2,4,9,13,16,17,19,22,26,27,29,31,31,31,31,33,33,33,33,33,33,0,68386405,33
1181,52590,dscw80,1,0,0,0,0,0,0,0,0,1,2,3,3,3,3,3,5,5,6,6,6,6,6,6,6,6,6,0,1293092,6
1173,44912,dscw80,0,0,0,0,0,0,0,0,0,0,0,0,0,1,1,2,2,2,2,2,2,5,5,7,8,8,8,0,56015716,8
1173,51174,dscw80,0,0,0,0,0,0,0,0,0,0,0,1,5,8,13,17,22,24,27,30,34,47,51,52,57,59,60,0,173029643,60
1181,49440,dscw80,0,0,0,0,0,1,1,1,1,2,2,3,4,7,7,8,8,8,8,9,9,10,10,11,11,11,12,0,28750894,12
1181,49634,dscw80,1,0,0,3,3,4,6,6,6,6,6,6,6,6,6,7,7,8,8,8,8,9,9,9,9,9,9,0,4728665,9
1181,52978,dscw80,0,0,0,0,0,0,0,0,0,0,0,0,0,1,2,2,2,2,2,2,2,2,3,3,4,4,4,0,12889597,4
1181,52559,dscw80,1,0,0,0,0,0,1,1,1,1,1,1,1,1,1,1,1,1,1,1,1,1,1,1,1,1,1,0,257862,1
1173,43302,dscw80,0,0,0,0,0,0,0,0,0,0,0,0,0,1,1,1,2,2,2,3,3,4,6,6,6,6,6,0,3555987,6
1173,49429,dscw80,1,0,0,0,0,0,0,0,0,0,0,0,1,2,2,3,3,4,4,4,4,5,5,5,5,5,5,0,1443098,5
1173,52590,dscw80,0,0,0,0,31,163,334,475,587,698,796,902,1003,1083,1143,1202,1256,1297,1345,1380,1404,1588,1691,1771,1818,1848,1879,13,5011374444,1892
1181,53071,dscw80,0,0,0,0,0,0,0,0,0,0,0,0,0,0,0,0,0,0,0,0,0,0,0,0,0,0,2,0,486925,2
1181,41409,dscw80,1,0,0,0,0,1,2,3,5,6,6,6,6,6,6,6,6,6,6,6,6,6,6,6,6,7,7,0,4003437,7
1181,44035,dscw80,0,0,0,0,0,0,0,0,0,0,0,0,0,0,1,1,2,2,2,3,3,4,4,5,5,5,6,0,6470025,6
1181,46626,dscw80,1,0,0,0,0,0,0,0,0,0,0,0,0,1,3,3,3,3,3,3,3,3,3,3,3,3,3,0,398374,3
1181,47632,dscw80,0,0,0,0,0,0,0,0,0,1,1,1,1,1,1,1,1,1,1,1,1,1,1,1,1,1,1,0,0,1
1173,49634,dscw80,0,0,0,0,0,0,0,0,0,0,0,1,1,2,4,6,6,7,7,7,7,9,10,10,10,10,10,0,23675413,10
1181,53419,dscw80,1,0,0,1,1,1,1,2,3,3,3,3,3,3,3,3,3,3,3,3,3,3,3,3,3,3,3,0,326804,3
1181,49257,dscw80,1,0,0,0,0,0,0,0,0,1,1,2,2,2,2,2,2,2,2,2,2,2,2,2,2,2,2,0,11929818,2
1181,41187,dscw80,0,0,0,0,0,0,1,2,3,3,3,3,4,5,7,7,7,7,7,7,7,7,7,8,8,8,8,0,18124948,8
1181,50566,dscw80,0,0,0,0,0,0,0,1,1,1,1,1,1,1,1,1,1,1,1,1,1,1,1,1,1,1,1,0,3825345,1
1173,52262,dscw80,0,0,0,0,0,0,0,0,0,0,0,0,0,0,0,0,1,1,2,2,2,4,5,5,5,5,5,1,18163988,6
1181,48590,dscw80,0,0,0,0,3,4,8,11,11,14,14,14,15,16,17,18,19,21,21,22,22,27,28,31,33,33,34,0,49287050,34
1173,44737,dscw80,1,0,0,0,0,2,3,6,6,9,10,12,12,13,14,15,15,15,15,15,15,16,16,16,16,16,16,0,14751214,16
1173,49440,dscw80,1,0,0,0,0,0,3,6,12,19,28,34,47,58,66,71,81,87,92,99,103,123,135,141,143,143,144,1,196242392,145
1173,52978,dscw80,1,0,0,0,0,2,7,9,14,19,22,26,28,29,30,33,37,37,37,37,37,39,41,42,42,43,46,2,51129478,48
1181,36533,dscw80,1,0,0,0,0,0,0,0,0,0,0,0,0,0,0,1,1,1,1,1,1,1,1,1,1,1,1,0,410845,1
1173,41409,dscw80,0,0,0,0,0,0,0,0,0,0,1,1,3,5,6,6,7,8,8,9,9,12,12,12,12,12,12,1,13168363,13
1173,46626,dscw80,0,0,0,0,0,0,7,26,43,71,95,116,134,147,158,170,190,210,230,248,257,330,340,366,378,383,385,1,1226955778,386
1181,41408,dscw80,0,0,0,0,0,0,0,0,0,0,0,1,1,1,1,1,1,2,2,2,2,2,3,3,3,3,3,0,7785465,3
1181,44080,dscw80,0,0,0,0,0,0,0,0,0,0,0,1,1,1,1,1,1,1,2,2,2,2,2,3,3,3,3,0,29723177,3
1181,49158,dscw80,1,1,1,2,2,3,4,5,5,7,7,7,8,8,8,8,8,8,8,9,9,10,10,10,10,10,10,1,2885139,11
1181,53188,dscw80,0,0,1,8,15,28,42,46,52,56,59,64,65,68,71,72,76,78,82,85,90,123,137,159,175,183,195,7,379113206,202
1173,53419,dscw80,0,0,0,0,0,0,0,0,0,0,0,0,0,2,2,2,2,2,2,2,2,2,2,2,2,2,2,0,333533,2
1173,45169,dscw80,1,0,0,0,0,0,0,0,0,0,0,1,1,1,1,1,1,1,1,1,1,1,1,1,1,1,1,0,258167,1
1173,49054,dscw80,1,0,0,0,0,0,0,0,0,0,1,1,2,2,2,2,2,2,2,2,2,2,2,2,2,2,3,0,5735,3
1173,46548,dscw80,1,0,0,0,0,0,0,0,0,0,0,0,0,0,0,0,0,0,0,0,0,1,1,1,1,1,1,0,621700,1
1173,50298,dscw80,0,0,0,0,0,0,3,7,15,25,38,48,68,88,103,115,129,147,156,165,170,225,255,287,302,309,319,6,872858200,325
1181,51174,dscw80,0,0,0,0,0,0,0,0,0,0,1,2,3,3,3,3,3,3,4,4,5,5,5,5,5,5,5,0,15169175,5
1181,51472,dscw80,1,0,0,0,0,0,0,0,0,0,0,0,0,0,0,1,1,1,2,2,2,2,2,2,2,2,2,0,228195,2
1173,44035,dscw80,1,0,0,1,13,33,58,94,156,197,232,254,279,294,305,321,332,339,341,346,348,374,384,390,391,391,394,1,702949131,395
1181,37241,dscw80,0,0,0,0,0,0,0,0,0,0,0,1,1,1,1,1,1,1,1,1,1,1,1,1,1,1,1,0,1433578,1
1173,51906,dscw80,0,0,0,0,0,2,2,7,17,24,33,40,46,50,56,59,64,70,73,75,78,95,102,115,122,123,127,0,261098715,127
1181,52590,dscw80,0,0,0,0,0,0,0,0,0,0,0,0,0,1,3,3,4,8,9,9,11,16,18,20,20,21,21,0,60814188,21
1173,44738,dscw80,0,0,0,0,0,0,0,0,0,0,0,0,0,0,0,0,0,0,0,0,0,0,0,0,1,1,1,0,3542073,1
1173,40269,dscw80,0,0,0,0,0,0,0,0,0,0,0,0,0,0,0,0,0,0,0,0,0,1,2,2,2,2,2,0,256497,2
1173,50463,dscw80,1,0,0,0,0,0,0,0,0,0,0,1,3,4,4,4,4,4,4,4,4,4,4,4,4,4,4,0,2711709,4
1181,49634,dscw80,0,0,0,1,2,4,8,14,16,18,21,22,23,23,24,24,24,24,25,25,25,25,25,26,26,26,26,0,78997000,26
1181,52559,dscw80,0,0,0,0,0,0,0,0,0,0,0,0,0,0,1,1,1,1,1,1,1,1,1,2,3,3,3,0,9114559,3
1173,49429,dscw80,0,0,0,0,0,0,0,0,1,1,1,2,2,4,5,5,6,6,6,6,6,7,7,7,8,8,8,0,43170157,8
1173,47853,dscw80,0,0,0,0,0,0,0,0,0,0,0,0,0,0,0,0,1,1,1,1,1,1,1,1,1,1,1,0,128937,1
1173,44912,dscw80,1,0,0,0,0,0,0,0,2,3,3,3,3,3,3,3,3,3,3,3,3,3,3,3,3,3,3,0,16219394,3
1173,51174,dscw80,1,0,0,0,0,0,0,0,0,0,0,0,1,2,6,9,11,12,13,14,15,20,21,21,21,21,21,0,15052394,21
1181,49440,dscw80,1,0,0,0,0,0,0,0,1,1,1,1,1,1,1,1,2,2,2,2,2,3,3,3,3,3,3,0,518763,3
1173,46091,dscw80,0,0,0,0,0,0,0,0,0,0,0,0,0,0,0,0,0,0,0,0,0,0,1,1,1,1,1,0,2444684,1
1181,41409,dscw80,0,0,0,0,0,0,0,2,6,9,12,14,17,20,21,21,22,23,23,23,24,31,33,36,36,37,37,0,46900373,37
1181,53419,dscw80,0,5,6,8,10,13,17,20,21,21,22,23,23,25,25,26,27,28,28,28,28,30,30,31,32,32,32,1,67491242,33
1181,49257,dscw80,0,0,0,0,1,3,5,8,9,13,14,17,17,18,19,19,19,19,19,19,19,22,24,28,28,28,28,0,74743542,28
1173,52590,dscw80,1,0,0,10,81,185,335,438,532,599,662,708,747,770,795,821,838,855,869,880,889,942,958,976,980,982,986,3,1716863709,989
1181,44035,dscw80,1,0,0,0,0,0,0,0,0,0,0,0,0,0,0,0,0,0,0,0,0,1,1,1,1,1,1,0,65292,1
1173,44737,dscw80,0,0,0,0,0,0,2,6,14,17,23,26,31,36,39,43,47,51,56,58,58,79,89,102,107,108,110,0,265825229,110
1173,49440,dscw80,0,0,0,0,0,0,0,13,25,31,43,57,73,97,124,148,162,189,209,222,235,325,355,381,390,394,402,4,1139707916,406
1173,49634,dscw80,1,0,0,0,0,0,0,0,0,0,0,0,0,0,0,0,0,0,0,0,0,1,2,2,2,2,2,0,259178,2
1173,52978,dscw80,0,0,0,0,0,1,5,12,21,35,46,56,71,91,101,112,123,132,139,147,148,181,195,205,217,221,224,3,451783056,227
1181,52331,dscw80,0,0,0,0,0,0,0,0,0,0,0,0,0,0,0,0,0,0,0,0,0,0,0,0,0,0,0,1,46767,1
1181,41187,dscw80,1,0,0,0,0,0,1,1,1,1,1,1,1,1,1,1,1,1,1,1,1,1,1,1,1,1,1,0,2345,1
1181,49158,dscw80,0,6,15,20,21,23,26,29,34,40,47,49,54,58,59,62,67,69,71,73,76,82,92,97,100,101,106,1,136722792,107
1181,51906,dscw80,0,0,0,0,0,0,0,0,0,0,0,1,1,1,1,1,1,1,1,1,1,1,1,1,1,1,2,0,814639,2
1173,45169,dscw80,0,0,0,0,0,0,0,0,0,0,0,0,0,0,0,0,1,1,1,1,2,8,10,10,10,10,11,0,36870858,11
1173,49054,dscw80,0,0,0,0,0,0,0,0,1,2,4,4,4,6,6,6,8,8,9,9,9,13,15,15,17,19,20,1,8871730,21
1173,52262,dscw80,1,0,0,0,0,0,0,0,0,0,0,0,0,0,0,0,0,0,0,0,0,0,0,1,1,1,1,0,257401,1
1181,48590,dscw80,1,0,0,1,1,1,1,1,1,1,1,1,1,1,1,1,1,1,1,1,3,3,3,3,3,3,3,0,9861823,3
1173,46548,dscw80,0,0,0,0,0,0,0,0,1,2,2,2,4,4,4,5,5,6,6,7,9,13,15,17,18,18,18,0,42338381,18
1181,44636,dscw80,0,0,0,0,0,0,0,0,0,1,1,1,1,1,1,1,1,1,1,1,1,2,2,2,2,2,2,0,316821,2
1181,51472,dscw80,0,0,0,0,0,0,1,1,1,1,1,1,1,1,2,3,3,3,3,3,3,3,3,4,4,4,4,0,365279,4
1173,41409,dscw80,1,0,0,0,0,0,0,0,0,0,0,0,0,1,1,2,2,2,2,2,3,3,4,4,5,5,5,0,16159837,5
1173,44035,dscw80,0,0,0,0,5,19,51,98,198,292,401,506,602,698,762,833,906,974,1039,1089,1129,1429,1560,1669,1717,1736,1758,7,4923287948,1765
1173,46626,dscw80,1,0,0,0,1,3,5,9,11,16,22,24,29,37,42,50,56,61,67,71,75,86,90,93,93,93,94,1,208514186,95
1181,44080,dscw80,1,0,0,0,0,0,0,0,0,1,1,1,1,1,1,1,2,2,2,2,2,2,2,2,2,2,2,0,258961,2
1181,53188,dscw80,1,0,3,15,22,28,28,30,32,34,35,36,38,40,43,45,45,47,47,47,48,55,56,59,62,64,67,3,68303233,70
