client_metro,region,maprule,is_cache_hit,ttfb_le_5_ms,ttfb_le_10_ms,ttfb_le_15_ms,ttfb_le_20_ms,ttfb_le_25_ms,ttfb_le_30_ms,ttfb_le_35_ms,ttfb_le_40_ms,ttfb_le_45_ms,ttfb_le_50_ms,ttfb_le_55_ms,ttfb_le_60_ms,ttfb_le_65_ms,ttfb_le_70_ms,ttfb_le_75_ms,ttfb_le_80_ms,ttfb_le_85_ms,ttfb_le_90_ms,ttfb_le_95_ms,ttfb_le_100_ms,ttfb_le_150_ms,ttfb_le_200_ms,ttfb_le_300_ms,ttfb_le_400_ms,ttfb_le_500_ms,ttfb_le_1000_ms,ttfb_gt_1000_ms,bytes_sent,requests
1173,41409,dscw80,0,0,0,0,0,0,0,0,0,1,1,1,1,1,1,1,1,1,3,3,5,8,8,8,8,8,8,0,14549314,8
1173,46626,dscw80,0,0,0,0,0,0,8,25,46,80,118,145,176,197,222,238,264,291,312,335,351,438,471,503,511,519,524,1,1460814857,525
1181,41408,dscw80,0,0,0,0,0,0,0,0,1,1,2,2,2,2,2,2,2,2,2,2,2,3,3,3,3,3,4,0,2249071,4
1173,49257,dscw80,0,0,0,0,0,0,0,0,0,0,0,0,0,0,0,0,0,0,0,0,0,0,0,1,1,1,1,0,3811409,1
1181,44035,dscw80,0,0,0,0,0,0,0,0,0,0,0,0,0,1,1,1,1,2,2,3,3,3,3,3,4,4,5,0,3872196,5
1181,48590,dscw80,1,0,1,1,1,1,2,2,2,3,3,3,3,3,3,3,3,3,3,3,3,4,4,5,5,5,5,0,4071339,5
1173,52590,dscw80,0,0,0,0,83,352,808,1177,1493,1827,2146,2426,2668,2875,3065,3223,3371,3487,3608,3728,3812,4348,4628,4878,5025,5100,5188,35,13370993991,5223
1173,51906,dscw80,1,0,0,0,0,0,0,0,0,0,0,0,0,0,0,0,0,0,0,0,0,1,1,1,1,1,1,0,257771,1
1173,45169,dscw80,0,0,0,0,0,0,0,0,0,1,1,4,8,11,11,14,17,18,20,20,21,27,29,29,30,31,31,0,93141104,31
1173,46548,dscw80,1,0,0,0,0,0,2,2,2,2,2,2,2,2,2,2,2,2,2,2,3,3,3,3,3,3,3,0,645894,3
1173,50463,dscw80,1,0,0,1,6,20,34,51,62,75,91,104,119,127,138,143,150,154,159,164,164,176,181,183,184,184,184,1,301263344,185
1181,41409,dscw80,1,0,0,0,0,1,1,1,1,1,1,1,1,1,1,1,1,1,1,1,2,2,2,2,2,2,2,0,173639,2
1181,50298,dscw80,0,0,0,0,0,0,0,0,0,0,0,0,2,2,2,2,2,2,3,3,3,4,4,4,4,4,6,0,3589525,6
1181,51472,dscw80,1,0,0,0,0,0,2,2,2,2,2,2,2,2,2,2,2,2,2,2,2,2,2,2,2,2,2,0,4148,2
1181,44737,dscw80,0,0,0,0,0,0,1,1,1,1,1,1,1,1,1,1,1,1,1,1,1,1,1,1,1,1,1,0,128101,1
1181,49257,dscw80,1,0,0,0,1,1,2,2,2,2,2,2,2,2,2,2,2,2,2,3,3,3,3,3,3,3,3,0,19057940,3
1173,49429,dscw80,1,0,0,0,0,0,0,0,1,1,3,3,3,3,3,3,3,3,3,3,3,4,4,4,4,4,4,0,775292,4
1181,41187,dscw80,1,0,1,1,1,1,1,1,1,1,1,1,1,1,1,1,1,1,1,1,1,1,1,1,1,1,1,0,128539,1
1181,49158,dscw80,0,13,33,91,184,283,394,507,640,812,946,1073,1182,1247,1321,1381,1433,1478,1531,1571,1592,1787,1890,1984,2017,2034,2055,8,5044030479,2063
1181,53188,dscw80,0,0,1,11,39,58,76,92,109,119,132,137,144,152,154,157,163,171,172,180,183,221,234,255,264,270,279,1,673445665,280
1181,39888,dscw80,0,0,0,0,0,0,0,0,0,1,1,1,1,2,4,4,4,4,4,4,4,4,6,6,6,6,6,0,13631648,6
1181,49634,dscw80,0,0,0,1,3,5,9,10,11,14,16,17,19,20,20,20,21,22,22,23,23,25,26,26,26,26,26,0,50809770,26
1181,52590,dscw80,1,0,0,0,0,0,0,0,0,0,0,1,2,3,4,4,4,5,5,5,5,5,5,5,5,5,5,0,13176033,5
1181,52262,dscw80,0,0,0,1,1,2,3,3,4,4,6,6,7,8,9,10,10,10,10,10,10,13,14,14,15,15,16,0,49273245,16
1173,41408,dscw80,0,0,0,0,0,0,0,0,0,0,0,0,0,0,0,1,2,2,2,2,2,2,3,4,4,4,4,0,9615313,4
1181,50566,dscw80,0,0,0,0,0,0,0,0,0,1,1,1,1,1,1,1,1,1,1,1,1,1,1,1,1,1,1,0,44204,1
1173,44035,dscw80,0,0,0,0,0,5,34,71,120,202,273,346,410,472,533,577,625,681,719,761,789,1003,1085,1152,1197,1219,1237,9,3598810170,1246
1181,37241,dscw80,0,0,6,11,16,18,19,23,23,25,26,26,26,28,29,30,33,38,43,45,46,60,72,75,78,78,78,0,123901606,78
1173,49440,dscw80,1,0,0,0,0,0,0,0,1,1,1,1,1,2,2,2,2,2,2,2,2,4,4,4,4,4,4,0,5705564,4
1173,52978,dscw80,0,0,0,0,6,59,118,211,293,394,532,693,848,991,1133,1253,1366,1453,1523,1584,1641,2036,2202,2357,2438,2473,2531,16,6063659066,2547
1173,44912,dscw80,0,0,0,0,0,0,0,0,1,1,1,1,1,1,2,2,2,3,3,3,4,5,5,5,5,5,5,0,24152380,5
1173,41409,dscw80,1,0,0,0,0,0,0,0,0,0,0,0,0,0,0,0,0,0,0,0,0,0,0,1,1,1,1,0,3630459,1
1173,50298,dscw80,0,0,0,0,0,0,0,0,0,0,0,0,0,0,0,0,0,1,1,1,1,1,1,1,1,1,1,0,5149818,1
1181,36533,dscw80,0,0,0,1,2,2,2,2,2,2,2,2,2,2,2,2,2,4,4,4,4,5,5,5,7,7,7,0,8392625,7
1181,52559,dscw80,0,0,0,0,0,0,0,0,0,0,0,1,1,1,1,1,1,1,1,1,1,2,2,3,3,3,3,0,7109747,3
1173,46626,dscw80,1,0,0,0,0,1,9,14,24,26,32,35,37,42,46,48,49,50,54,55,55,60,62,63,63,63,63,0,81338288,63
1181,41408,dscw80,1,0,0,0,0,0,0,0,1,1,1,1,1,1,1,1,1,1,1,1,1,1,1,1,1,1,1,0,776763,1
1173,44737,dscw80,0,0,0,0,0,0,1,5,12,22,32,41,51,56,58,63,66,71,74,78,82,98,107,113,114,116,116,0,225188217,116
1181,38220,dscw80,0,0,0,0,1,1,1,1,1,1,1,1,1,1,1,2,2,2,2,3,3,5,5,5,5,5,5,0,1565120,5
1181,44035,dscw80,1,0,1,1,1,1,1,1,1,1,1,1,1,2,2,2,2,2,2,2,2,2,2,2,2,2,2,0,385850,2
1181,53419,dscw80,0,15,55,164,326,612,974,1303,1567,1775,1928,2067,2188,2287,2357,2439,2492,2530,2574,2613,2643,2896,3015,3122,3170,3196,3226,11,8533022165,3237
1181,50463,dscw80,0,0,0,0,0,0,1,1,1,1,2,2,3,3,3,3,3,3,3,3,3,4,4,4,4,4,4,0,12034537,4
1173,44738,dscw80,0,0,0,0,0,0,0,0,0,0,0,0,1,1,1,1,1,1,3,3,3,3,3,3,3,3,3,0,5360,3
1173,49634,dscw80,0,0,0,0,0,0,0,0,0,0,0,0,1,3,3,4,5,5,5,6,6,8,10,11,11,11,11,0,26405156,11
1173,52590,dscw80,1,0,0,11,143,429,721,944,1118,1274,1411,1508,1594,1670,1724,1773,1818,1854,1884,1923,1949,2103,2159,2216,2239,2250,2275,20,3873924452,2295
1173,47853,dscw80,0,0,0,0,0,0,0,0,0,0,0,0,0,1,1,1,1,1,1,1,1,2,2,3,3,3,3,0,2768912,3
1173,45169,dscw80,1,0,0,0,0,0,0,0,0,4,5,13,14,16,17,19,21,24,25,25,25,27,29,30,30,30,30,0,68590528,30
1181,43663,dscw80,0,0,0,0,0,0,0,0,0,0,0,0,0,0,0,0,0,0,1,1,1,1,1,1,1,1,1,0,2479,1
1173,46091,dscw80,0,0,0,0,0,0,0,0,0,0,0,0,0,0,0,0,0,1,1,1,1,1,1,1,1,1,1,0,128573,1
1173,43302,dscw80,0,0,0,0,0,0,0,0,1,1,2,3,4,4,4,4,4,4,4,4,4,6,6,7,8,8,8,0,39751979,8
1181,49158,dscw80,1,5,31,91,145,219,302,385,480,560,615,659,696,719,747,763,773,788,801,815,822,869,882,898,901,902,905,4,1687316214,909
1181,53188,dscw80,1,0,5,26,50,65,79,95,100,112,121,130,130,139,141,142,143,143,143,143,143,147,148,149,151,153,153,0,307777845,153
1181,48590,dscw80,0,0,1,2,2,7,7,9,10,10,12,16,18,22,25,25,27,27,28,29,31,36,39,40,40,40,40,0,92672103,40
1181,49634,dscw80,1,0,0,0,0,2,4,4,4,4,4,4,4,4,4,4,4,4,4,4,4,4,4,4,4,4,6,0,535926,6
1173,51906,dscw80,0,0,0,0,0,0,0,0,0,0,0,0,0,0,0,0,0,0,1,1,1,1,3,4,4,4,4,0,5825189,4
1181,49440,dscw80,0,0,0,0,0,0,0,0,0,1,1,1,1,1,1,1,1,1,1,1,1,4,4,4,4,4,4,0,8696440,4
1173,44035,dscw80,1,0,0,1,9,25,43,68,108,137,161,180,198,211,221,229,237,242,252,256,265,297,305,313,313,314,318,16,524203768,334
1181,37241,dscw80,1,6,7,9,9,10,10,10,10,10,11,12,13,18,19,19,21,22,22,23,23,26,27,28,30,30,30,0,27790106,30
1173,46548,dscw80,0,0,0,0,0,0,4,7,9,10,15,17,25,32,36,43,44,49,51,54,55,65,70,76,82,82,83,0,174482715,83
1173,50463,dscw80,0,0,0,1,10,37,78,125,161,201,233,287,343,389,435,460,487,510,540,554,567,685,717,759,770,776,789,2,1917106404,791
1173,52978,dscw80,1,0,0,0,3,25,45,66,94,112,148,193,231,276,315,348,365,380,393,407,421,486,506,518,520,523,531,6,645083530,537
1181,41409,dscw80,0,0,0,0,0,0,0,0,1,1,2,9,9,9,9,11,11,13,13,13,13,19,20,21,21,21,21,0,52360927,21
1181,46626,dscw80,0,0,0,0,0,0,0,0,0,0,0,0,0,0,0,0,0,0,0,0,0,1,2,2,2,2,2,0,85814,2
1181,51472,dscw80,0,0,0,0,0,0,0,0,0,0,0,0,0,0,1,1,1,1,1,1,2,4,4,4,4,4,4,0,634099,4
1181,47698,dscw80,0,0,0,0,0,0,0,0,0,0,0,0,0,0,1,1,1,1,1,1,1,2,2,2,2,2,2,0,1847970,2
1181,49257,dscw80,0,0,0,0,1,1,3,5,6,7,8,10,13,15,17,18,19,20,21,22,22,24,26,30,32,35,35,0,82011007,35
1173,49429,dscw80,0,0,0,0,0,0,0,0,0,1,1,1,2,3,3,3,3,5,7,8,10,17,19,19,19,19,19,0,46739772,19
1181,41187,dscw80,0,0,0,0,0,0,0,0,0,0,0,1,2,2,3,3,3,3,3,3,3,4,4,5,5,5,5,0,15261040,5
1181,52590,dscw80,0,0,0,0,0,0,0,0,2,2,2,2,2,3,5,6,7,7,9,9,9,9,10,11,11,12,13,0,15706247,13
1173,50298,dscw80,1,0,0,0,1,1,1,1,1,1,1,1,1,1,1,1,1,1,1,1,1,1,1,1,1,1,1,0,128129,1
1181,52559,dscw80,1,0,0,0,0,0,0,0,0,0,1,1,1,1,1,1,1,1,1,1,1,1,1,1,1,1,1,0,1887015,1
1173,44737,dscw80,1,0,0,0,0,1,3,5,6,6,7,7,7,7,10,10,10,10,10,11,11,11,11,11,11,11,11,0,2526764,11
1181,53419,dscw80,1,13,55,122,234,419,582,708,809,871,924,969,1003,1028,1051,1073,1088,1099,1106,1117,1125,1166,1176,1186,1193,1198,1210,4,2086963252,1214
1173,49634,dscw80,1,0,0,0,0,0,0,0,0,0,0,0,0,0,0,0,0,1,1,1,1,2,2,2,2,2,2,0,10817111,2
1173,49440,dscw80,0,0,0,0,0,0,0,1,2,2,2,2,2,2,2,3,4,4,4,4,4,4,5,5,5,5,7,1,18969762,8
1181,49926,dscw80,1,0,0,0,0,0,0,0,0,0,0,0,0,0,0,0,1,1,1,1,1,1,1,1,1,1,1,0,2827,1
1173,47853,dscw80,1,0,0,0,0,0,0,0,0,0,0,0,0,0,0,1,1,1,1,1,1,1,1,1,1,1,1,0,128049,1
