client_metro,region,maprule,is_cache_hit,ttfb_le_5_ms,ttfb_le_10_ms,ttfb_le_15_ms,ttfb_le_20_ms,ttfb_le_25_ms,ttfb_le_30_ms,ttfb_le_35_ms,ttfb_le_40_ms,ttfb_le_45_ms,ttfb_le_50_ms,ttfb_le_55_ms,ttfb_le_60_ms,ttfb_le_65_ms,ttfb_le_70_ms,ttfb_le_75_ms,ttfb_le_80_ms,ttfb_le_85_ms,ttfb_le_90_ms,ttfb_le_95_ms,ttfb_le_100_ms,ttfb_le_150_ms,ttfb_le_200_ms,ttfb_le_300_ms,ttfb_le_400_ms,ttfb_le_500_ms,ttfb_le_1000_ms,ttfb_gt_1000_ms,bytes_sent,requests
1181,51174,dscw80,0,0,0,0,0,0,0,0,0,1,1,1,1,1,1,1,1,1,1,1,1,1,2,2,3,3,3,0,1462639,3
1181,43663,dscw80,0,0,0,0,0,0,1,1,1,1,1,2,2,2,2,2,2,2,2,2,2,2,2,2,2,2,2,0,4673649,2
1181,52590,dscw80,0,0,0,0,0,0,0,0,2,2,2,2,3,3,4,4,4,4,6,6,6,6,7,7,7,7,7,0,1255319,7
1173,44912,dscw80,1,0,0,0,2,11,14,22,27,37,43,47,49,54,59,62,65,67,67,67,67,75,77,80,81,81,81,0,121175361,81
1173,46626,dscw80,1,0,0,0,0,0,1,2,3,5,6,6,6,7,9,9,10,10,10,10,10,12,12,12,12,12,12,0,13332047,12
1181,39888,dscw80,1,0,0,0,1,1,1,2,2,2,2,2,2,2,2,2,2,2,2,2,2,2,2,2,2,2,2,0,259426,2
1181,49634,dscw80,0,0,0,1,1,2,2,2,2,2,2,3,4,4,4,5,5,5,5,5,5,5,7,7,7,7,7,0,12474797,7
1173,49440,dscw80,0,0,0,0,0,0,0,0,0,0,0,0,0,0,0,0,0,0,0,0,0,0,0,0,1,1,1,0,8938,1
1181,50061,dscw80,0,0,0,0,0,0,0,0,0,0,0,0,0,0,0,0,1,1,1,1,1,1,1,1,1,1,1,0,1964512,1
1173,42863,dscw80,0,0,0,0,0,0,0,0,0,0,0,0,0,0,0,0,0,0,0,0,1,1,1,1,1,1,1,0,2897127,1
1173,46548,dscw80,0,0,0,0,0,0,0,0,0,0,0,0,0,0,0,0,0,1,1,1,1,1,1,1,1,1,1,0,2306,1
1173,50463,dscw80,1,0,0,0,0,0,0,0,0,0,0,0,1,2,3,4,4,4,4,4,4,5,5,5,5,5,5,0,7017362,5
1173,44912,dscw80,0,0,0,0,0,0,9,22,48,75,96,114,142,158,172,184,200,211,221,234,242,287,318,349,360,365,377,4,892010393,381
1173,46626,dscw80,0,0,0,0,0,2,4,9,9,14,22,29,35,40,47,54,57,59,63,67,71,92,99,113,116,118,118,1,293821126,119
1181,37241,dscw80,1,9,11,11,11,11,11,11,13,14,14,14,19,19,19,19,21,23,24,26,26,30,34,35,35,35,36,0,31506681,36
1181,40557,dscw80,0,0,0,0,0,1,1,1,1,2,2,2,2,2,2,2,2,2,2,2,2,2,2,2,2,2,2,0,7251,2
1173,45169,dscw80,0,0,0,0,0,0,0,0,0,0,0,0,0,0,0,0,0,0,0,0,0,2,2,3,3,3,3,0,17099153,3
1181,44912,dscw80,1,0,0,0,0,0,0,0,0,0,0,0,0,1,2,2,2,2,2,2,2,2,2,2,2,2,3,0,404782,3
1173,50688,dscw80,0,0,0,0,0,0,0,0,0,0,0,0,0,0,0,0,0,0,0,0,0,0,0,0,0,0,3,0,3339218,3
1181,49257,dscw80,1,0,0,2,2,3,5,6,8,8,9,9,9,9,9,9,9,9,9,10,10,10,10,10,10,10,10,0,20390920,10
1173,52978,dscw80,1,0,0,0,0,0,0,0,0,0,0,0,0,0,0,0,0,0,0,0,0,1,1,1,1,1,1,0,2425,1
1181,53188,dscw80,1,0,3,10,12,17,21,24,26,29,30,32,32,32,32,33,35,35,35,36,36,36,36,38,39,39,39,0,68464817,39
1173,47853,dscw80,0,0,0,0,0,0,0,0,0,0,0,0,0,0,0,0,0,0,1,3,3,6,7,8,8,8,8,0,41482173,8
1173,50463,dscw80,0,0,0,0,0,0,1,2,4,4,6,8,11,13,20,21,23,24,26,26,26,37,38,39,40,41,42,0,91073435,42
1181,52262,dscw80,1,0,0,0,0,0,0,0,1,1,1,1,1,1,1,1,1,1,1,1,1,1,1,1,1,1,1,0,258163,1
1173,41409,dscw80,1,0,0,0,0,0,0,0,2,3,3,3,4,4,4,4,4,4,4,4,4,7,7,7,7,7,7,0,7444468,7
1181,37241,dscw80,0,2,13,21,25,26,27,27,28,29,31,36,37,41,44,47,49,49,52,54,56,74,81,83,84,84,84,0,122316495,84
1173,51174,dscw80,1,0,0,0,0,0,0,0,0,0,0,0,0,0,1,1,1,1,2,2,2,2,3,3,3,3,3,0,9981232,3
1181,42863,dscw80,0,0,0,0,0,1,1,1,1,1,1,1,1,1,1,1,1,1,1,1,1,1,1,1,1,1,1,0,257679,1
1173,52590,dscw80,1,0,0,0,5,20,34,38,53,62,68,72,73,77,79,84,84,88,89,90,90,98,100,100,100,100,100,0,133739417,100
1181,44912,dscw80,0,0,0,0,1,1,1,1,1,1,1,1,2,3,3,4,4,4,5,5,5,6,6,6,6,6,6,0,2650998,6
1181,49257,dscw80,0,0,0,0,1,1,6,10,13,15,17,17,18,20,22,23,23,24,26,26,26,29,32,33,34,34,34,3,56108858,37
1173,49054,dscw80,1,0,0,0,0,0,1,2,2,2,2,2,3,3,3,3,4,4,4,4,4,4,4,4,4,4,4,0,4447459,4
1173,52978,dscw80,0,0,0,0,0,1,1,2,3,6,6,9,10,15,16,16,16,17,20,20,22,29,30,31,31,32,33,0,84157266,33
1181,53188,dscw80,0,0,1,7,16,24,33,40,45,46,47,51,56,57,59,61,63,65,66,68,68,77,77,83,84,86,89,2,208479760,91
1173,49634,dscw80,1,0,0,0,0,0,0,0,0,0,0,0,0,0,0,2,2,4,5,7,7,17,18,18,18,18,18,0,2783677,18
1181,52262,dscw80,0,0,0,0,2,2,3,5,5,5,5,5,5,5,6,6,6,6,6,6,6,6,6,6,6,6,6,0,4665234,6
1173,51906,dscw80,0,0,0,0,0,0,0,0,0,1,1,1,1,1,1,1,1,1,2,2,4,5,6,7,7,9,9,1,35788632,10
1173,41409,dscw80,0,0,0,0,0,0,0,0,0,0,1,2,3,3,5,6,6,7,7,7,7,7,7,7,7,7,7,0,11511285,7
1173,44035,dscw80,1,0,0,0,0,4,4,5,8,10,14,17,19,19,20,20,20,22,22,22,23,24,25,25,25,25,25,1,20539239,26
1181,45169,dscw80,0,0,0,0,0,0,0,0,0,0,0,0,0,1,1,1,1,1,1,1,1,5,6,6,6,6,6,0,10041814,6
1173,51174,dscw80,0,0,0,0,0,0,0,0,0,0,0,0,0,1,1,1,1,1,1,2,3,4,6,6,7,7,8,0,9101344,8
1173,44737,dscw80,1,0,0,0,0,3,4,5,5,5,5,5,5,5,5,5,5,5,5,5,5,5,5,5,5,5,5,0,4181490,5
1181,49158,dscw80,1,4,4,5,5,7,9,11,12,12,12,13,13,14,14,18,18,18,19,20,20,20,22,23,23,23,24,0,25358232,24
1181,50566,dscw80,0,0,0,0,0,0,0,0,0,0,0,0,0,0,0,1,1,1,1,1,1,1,1,1,1,1,1,0,257895,1
1181,53419,dscw80,1,3,11,30,72,137,214,280,325,354,373,394,403,415,423,432,439,439,444,449,455,475,481,486,488,491,496,1,820869091,497
1173,43663,dscw80,0,0,0,0,0,0,0,0,0,1,1,2,2,2,2,2,2,2,2,2,2,2,2,2,2,2,2,0,515855,2
1173,52590,dscw80,0,0,0,0,5,34,65,83,106,132,152,167,179,194,202,215,227,234,240,247,251,284,300,317,326,331,336,0,738097014,336
1181,51472,dscw80,1,0,0,0,0,0,1,1,1,1,1,1,1,1,1,1,1,1,1,1,1,1,1,1,1,1,1,0,257381,1
1173,49054,dscw80,0,0,0,0,0,0,0,0,1,2,3,6,7,7,7,8,9,9,9,10,10,10,10,10,11,12,13,1,23603968,14
1181,41409,dscw80,1,0,0,2,2,3,4,6,7,8,8,9,9,9,9,9,9,10,10,10,10,11,11,11,11,11,11,0,6043542,11
1181,41187,dscw80,0,0,0,0,0,0,0,0,1,3,3,3,4,5,5,5,6,7,7,7,7,8,8,8,8,8,8,0,15542481,8
1173,44035,dscw80,0,0,0,0,0,4,5,8,16,20,23,28,36,46,49,52,56,62,70,75,75,93,106,120,121,123,128,0,333066405,128
1181,52590,dscw80,1,0,0,0,0,0,0,0,0,0,1,1,1,1,1,1,1,1,1,1,1,1,1,1,1,1,2,1,907523,3
1181,52978,dscw80,0,0,0,0,0,1,1,1,1,1,1,1,1,1,1,1,1,1,1,1,1,1,2,2,2,2,2,0,13144708,2
1173,44737,dscw80,0,0,0,0,0,0,1,10,12,12,14,14,16,18,19,19,20,22,22,22,22,22,22,24,25,25,25,0,47576499,25
1181,49158,dscw80,0,3,12,16,18,20,25,32,36,43,45,48,50,54,57,57,61,64,68,68,72,97,103,113,122,122,126,0,189535252,126
1181,53419,dscw80,0,1,16,51,104,222,374,490,575,651,721,764,801,835,863,887,904,918,924,939,951,1030,1074,1128,1145,1155,1168,3,2874694280,1171
1181,51472,dscw80,0,0,0,0,0,0,0,0,0,0,0,0,1,1,1,1,1,1,1,1,1,2,3,3,3,3,3,0,950333,3
1181,42794,dscw80,0,0,0,0,0,0,0,0,0,0,0,0,0,0,0,0,0,0,0,0,0,1,1,1,1,1,1,0,128512,1
1181,41409,dscw80,0,0,0,0,0,1,2,3,4,5,7,9,9,12,12,14,14,17,17,18,18,20,25,26,26,26,26,0,68965019,26
