client_metro,region,maprule,is_cache_hit,ttfb_le_5_ms,ttfb_le_10_ms,ttfb_le_15_ms,ttfb_le_20_ms,ttfb_le_25_ms,ttfb_le_30_ms,ttfb_le_35_ms,ttfb_le_40_ms,ttfb_le_45_ms,ttfb_le_50_ms,ttfb_le_55_ms,ttfb_le_60_ms,ttfb_le_65_ms,ttfb_le_70_ms,ttfb_le_75_ms,ttfb_le_80_ms,ttfb_le_85_ms,ttfb_le_90_ms,ttfb_le_95_ms,ttfb_le_100_ms,ttfb_le_150_ms,ttfb_le_200_ms,ttfb_le_300_ms,ttfb_le_400_ms,ttfb_le_500_ms,ttfb_le_1000_ms,ttfb_gt_1000_ms,bytes_sent,requests
1181,37241,dscw80,1,12,15,16,16,16,16,16,16,18,24,28,36,43,45,47,49,53,55,57,58,75,78,80,84,84,84,1,57330579,85
1173,44738,dscw80,0,0,0,0,0,0,0,0,1,1,2,7,8,13,16,22,29,38,41,43,45,76,100,113,116,119,120,2,235475272,122
1173,49110,dscw80,0,0,0,0,0,0,0,0,0,1,2,3,3,3,3,3,3,4,4,4,4,9,12,15,15,17,18,0,32189211,18
1181,40557,dscw80,1,0,1,1,1,1,1,1,1,1,1,1,1,1,1,1,1,1,1,1,1,1,1,1,1,1,1,0,681,1
1181,41187,dscw80,1,0,0,0,0,0,0,0,0,0,0,1,1,1,1,1,1,1,1,1,1,1,1,1,1,1,1,0,127761,1
1181,44035,dscw80,1,0,0,0,0,0,0,0,0,0,0,0,0,1,1,1,2,2,3,3,4,5,5,5,5,5,5,0,531166,5
1181,53188,dscw80,0,0,0,8,33,63,81,92,102,118,126,130,137,147,148,155,159,162,165,166,168,197,212,229,239,241,244,4,620997458,248
1181,48590,dscw80,0,0,3,15,16,24,30,38,44,53,59,61,64,70,74,76,79,80,83,84,87,99,110,124,129,130,132,1,272334860,133
1181,49634,dscw80,0,0,0,0,0,3,4,6,10,12,14,14,16,19,22,22,23,24,25,26,26,31,33,40,41,42,42,0,89786846,42
1173,45169,dscw80,0,0,0,0,0,0,0,0,0,0,0,0,1,1,1,1,1,1,1,1,4,7,8,9,9,9,9,0,17176812,9
1173,50298,dscw80,0,0,0,0,0,0,0,0,0,0,0,0,0,1,2,3,4,5,6,8,8,15,21,23,24,25,30,0,62806531,30
1173,52590,dscw80,1,0,0,0,8,17,38,58,69,92,106,117,125,135,142,148,153,160,162,164,166,181,189,197,198,203,205,1,408038513,206
1181,51174,dscw80,1,0,0,0,0,0,0,0,0,0,0,0,0,0,0,0,0,0,0,0,0,2,2,2,2,2,2,0,130894,2
1173,46626,dscw80,1,0,0,0,1,6,15,38,52,75,99,133,164,185,227,262,289,315,336,350,368,426,443,461,468,469,472,2,760954882,474
1181,44737,dscw80,0,0,0,0,0,0,0,0,0,0,0,0,0,0,0,0,0,0,0,0,0,0,1,1,1,1,1,0,7487637,1
1181,47698,dscw80,0,0,0,0,0,0,0,0,0,0,0,0,0,1,1,1,1,1,1,1,1,1,1,1,1,1,1,0,33790,1
1181,49257,dscw80,1,0,0,0,0,2,3,3,3,4,4,4,4,4,4,4,4,4,4,4,4,4,5,5,5,5,5,0,18097131,5
1173,49054,dscw80,1,0,0,0,0,0,0,0,0,1,2,4,4,4,4,4,4,4,4,4,4,4,4,5,5,5,5,0,140578,5
1173,46091,dscw80,0,0,0,0,0,0,0,0,0,0,0,0,0,0,0,0,0,1,2,3,3,12,17,21,21,21,21,0,91026394,21
1181,51906,dscw80,0,0,0,0,0,0,0,0,0,0,0,0,0,0,0,0,0,0,1,1,2,2,2,2,2,2,2,0,515744,2
1181,52559,dscw80,0,0,0,0,0,0,0,0,1,1,1,1,1,1,1,1,1,1,1,1,1,2,2,2,2,2,2,0,10343999,2
1181,41409,dscw80,0,0,0,0,0,0,0,3,3,4,5,6,7,9,9,11,11,12,12,13,13,21,22,23,24,24,24,0,62819272,24
1181,49579,dscw80,0,0,0,0,0,0,0,0,0,0,0,0,0,0,0,0,0,0,0,0,0,1,1,1,1,1,1,0,2522413,1
1181,50566,dscw80,0,0,0,0,0,0,0,0,0,1,1,1,1,1,1,1,1,1,1,1,1,2,2,2,2,2,2,0,7849632,2
1181,53419,dscw80,1,1,2,2,2,3,3,3,4,4,4,4,4,5,5,5,5,5,5,5,5,6,6,7,7,7,7,0,5882550,7
1173,44035,dscw80,1,0,0,0,7,15,31,55,79,92,105,114,128,140,144,155,165,174,179,186,192,212,217,228,229,230,231,0,357174883,231
1173,53188,dscw80,0,0,0,0,0,0,0,0,0,0,0,0,0,0,0,0,0,0,0,0,0,0,0,0,1,1,1,0,1242165,1
1181,38580,dscw80,0,0,0,0,0,0,0,0,0,0,0,1,1,1,1,1,1,2,3,3,3,3,3,5,5,5,5,0,26390842,5
1181,39888,dscw80,0,0,0,0,0,0,0,1,1,1,1,1,1,1,1,1,1,2,2,2,2,2,3,3,3,3,3,0,1373060,3
1173,49634,dscw80,0,0,0,0,0,0,0,0,0,0,0,1,3,3,7,12,19,22,23,28,34,48,58,64,65,66,67,0,180296350,67
1181,38974,dscw80,0,0,0,0,0,0,0,0,0,0,0,1,1,1,1,1,1,1,1,1,1,1,1,1,1,1,1,0,882,1
1181,51472,dscw80,1,0,0,0,0,0,1,1,1,2,3,3,3,3,4,4,4,4,4,4,5,8,10,11,12,12,13,0,11096109,13
1173,44912,dscw80,1,0,0,1,4,7,24,29,34,40,50,54,61,62,66,68,69,70,72,73,76,84,86,88,89,90,90,0,185142804,90
1173,47733,dscw80,0,0,0,0,0,0,0,0,0,0,0,0,0,0,0,0,0,0,0,0,0,0,1,1,1,1,1,0,258013,1
1173,51174,dscw80,1,0,0,0,0,0,0,0,0,0,1,2,2,3,4,4,4,5,5,5,6,7,7,8,8,8,10,0,36057602,10
1181,42794,dscw80,0,0,0,0,0,0,0,0,0,0,0,0,0,0,0,0,0,0,0,0,0,0,0,1,1,1,1,0,2402,1
1173,44737,dscw80,0,0,0,0,0,0,1,1,7,12,17,23,31,52,69,96,128,143,158,185,201,333,384,435,451,455,463,0,1312710364,463
1173,47698,dscw80,0,0,0,0,0,0,0,0,0,0,0,0,0,0,2,5,7,7,11,15,15,28,33,44,46,47,48,0,113137868,48
1181,44636,dscw80,0,0,0,0,0,0,0,0,0,0,1,1,1,1,1,1,1,1,1,1,1,1,1,1,1,1,1,0,258337,1
1181,49158,dscw80,1,4,27,70,99,127,151,177,211,229,242,257,267,275,282,290,292,296,298,299,306,326,331,333,333,335,335,0,660185997,335
1181,50061,dscw80,0,0,0,0,0,0,0,0,0,0,0,0,2,2,2,2,2,2,2,2,2,2,2,2,2,2,2,0,515327,2
1173,51906,dscw80,0,0,0,0,0,0,0,0,1,6,6,8,9,9,13,16,20,24,27,27,29,38,44,54,57,58,59,0,185022158,59
1181,49440,dscw80,1,0,0,0,0,1,1,1,1,1,1,1,1,1,1,1,1,1,1,1,1,1,1,1,1,1,1,0,3082,1
1173,52978,dscw80,0,0,0,0,1,19,61,97,149,203,270,364,459,570,669,748,816,881,953,1023,1081,1429,1591,1763,1867,1921,1969,26,4735779286,1995
1173,41409,dscw80,0,0,0,0,0,0,0,0,0,0,0,0,0,0,0,0,0,0,0,0,1,1,2,4,5,6,6,1,17935182,7
1173,49579,dscw80,0,0,0,0,0,0,0,0,0,0,0,0,0,0,0,0,0,0,0,0,0,1,1,1,1,1,1,0,166664,1
1181,52590,dscw80,0,0,0,0,0,0,0,0,0,0,0,0,0,1,3,4,5,7,7,9,9,18,18,19,20,20,22,1,31379783,23
1173,46548,dscw80,1,0,0,0,0,0,1,1,1,1,1,1,1,1,1,1,1,1,1,1,1,2,2,2,2,2,2,0,259697,2
1181,46626,dscw80,0,0,0,0,0,0,0,0,0,0,0,0,1,1,2,4,4,4,6,7,8,10,11,11,12,12,12,1,27284378,13
1181,52262,dscw80,0,0,0,0,0,0,2,2,3,3,3,3,5,5,5,6,6,7,7,7,7,9,9,10,10,10,10,0,32770836,10
1173,36533,dscw80,0,0,0,0,0,0,0,0,0,0,0,0,0,0,0,0,0,0,0,0,1,1,1,1,1,1,1,0,1744779,1
1173,38974,dscw80,0,0,0,0,0,0,0,0,0,0,0,0,0,1,1,1,1,1,1,1,1,1,1,4,6,6,6,0,4155469,6
1173,49429,dscw80,1,0,0,0,0,0,0,0,1,1,1,1,1,1,1,1,1,1,1,1,1,1,1,1,1,1,1,0,257755,1
1173,49158,dscw80,1,0,0,0,0,0,0,0,0,0,0,0,0,0,0,0,0,0,0,0,0,1,1,1,1,1,1,0,10168,1
1181,37241,dscw80,0,1,12,19,29,33,36,42,46,47,52,64,78,94,101,115,128,145,155,165,173,240,260,282,286,289,292,0,693662237,292
1173,43663,dscw80,1,0,0,0,1,2,10,27,55,71,78,84,92,96,105,110,114,121,125,130,133,141,143,144,146,146,148,0,176100848,148
1173,50463,dscw80,1,0,0,0,1,3,10,13,14,14,15,15,17,20,21,23,24,24,24,24,24,28,28,30,30,30,30,0,8086141,30
1181,40557,dscw80,0,0,0,0,0,0,0,0,0,0,0,0,0,0,0,0,1,1,2,2,3,4,4,5,5,5,5,0,10180461,5
1173,49440,dscw80,1,0,0,0,0,0,0,0,0,0,0,1,1,1,2,2,3,4,5,5,5,6,6,7,7,7,7,0,6148356,7
1181,41187,dscw80,0,0,0,0,0,0,0,2,4,6,9,10,10,11,11,13,13,15,15,15,17,18,18,18,18,18,18,0,31161143,18
1181,44035,dscw80,0,0,0,0,0,0,0,0,0,0,0,0,0,0,1,2,2,2,2,2,2,2,2,4,5,5,6,0,4002630,6
1173,49926,dscw80,0,0,0,0,0,0,0,0,0,0,0,0,0,0,0,0,0,0,0,0,0,0,0,1,1,1,1,0,128805,1
1173,44738,dscw80,1,0,0,0,0,0,0,2,2,3,3,3,3,3,3,4,4,4,4,4,5,6,6,6,6,6,6,0,769806,6
1173,52590,dscw80,0,0,0,0,7,61,139,229,321,426,522,608,696,785,844,897,945,969,999,1035,1068,1257,1339,1396,1430,1453,1477,11,4182572015,1488
1181,51174,dscw80,0,0,0,0,0,0,0,0,0,1,1,1,1,1,2,2,3,3,3,3,4,4,4,4,4,4,6,1,26041003,7
1173,46626,dscw80,0,0,0,0,0,0,3,16,39,93,149,208,275,352,431,527,621,714,792,873,943,1423,1674,1865,1932,1962,1995,11,5569186207,2006
1173,49110,dscw80,1,0,0,0,0,0,0,0,0,0,0,0,0,0,0,0,0,0,0,0,0,0,0,1,1,1,1,0,1183,1
1181,49257,dscw80,0,0,0,0,0,3,10,14,18,21,22,23,23,25,27,27,29,29,29,29,30,33,37,39,39,40,41,0,111162259,41
1173,49054,dscw80,0,0,0,0,0,0,0,0,0,0,0,0,0,2,2,4,4,5,5,5,5,6,7,7,8,8,9,0,10129103,9
1181,53188,dscw80,1,0,1,11,21,34,38,40,44,48,53,56,58,58,58,59,61,62,63,64,64,65,66,68,68,68,69,2,180606743,71
1181,47632,dscw80,0,0,0,0,0,0,0,0,0,0,0,0,0,0,1,1,1,1,1,2,2,2,2,2,2,2,2,0,515498,2
1181,48590,dscw80,1,0,4,7,8,11,15,16,17,17,17,18,18,19,19,20,20,20,20,21,21,23,23,24,24,24,24,0,58716323,24
1181,49634,dscw80,1,0,0,2,3,4,4,5,6,7,8,9,9,9,9,9,9,9,9,9,9,10,10,10,10,10,10,0,13643025,10
1173,45169,dscw80,1,0,0,0,0,0,0,0,0,0,0,0,1,1,1,1,1,1,2,2,2,2,3,3,3,3,3,0,3442101,3
1173,50298,dscw80,1,0,0,0,0,0,0,0,0,0,0,0,1,2,2,2,2,2,2,2,4,4,5,5,5,5,5,0,2484979,5
1181,41408,dscw80,0,0,0,0,0,0,0,0,1,1,2,4,4,4,5,7,7,7,7,7,7,8,8,8,8,8,8,0,19809830,8
1181,53419,dscw80,0,1,1,4,8,9,16,21,26,33,41,42,47,49,51,53,57,59,60,61,62,75,82,88,90,90,91,1,221002033,92
1173,44035,dscw80,0,0,0,0,0,3,10,34,64,93,128,146,177,199,219,242,261,282,299,328,342,472,536,596,626,638,648,6,1817700547,654
1173,46091,dscw80,1,0,0,0,0,0,0,0,0,0,0,0,0,1,1,1,1,1,1,1,1,1,1,1,1,1,1,0,258815,1
1181,51472,dscw80,0,0,0,0,0,0,0,1,2,2,2,4,5,6,7,9,12,14,17,18,21,39,47,55,59,61,66,4,76298762,70
1173,44912,dscw80,0,0,0,0,0,1,6,17,34,57,80,99,119,146,165,177,189,204,221,234,246,336,377,414,428,439,448,2,1281743302,450
1173,51174,dscw80,0,0,0,0,0,0,0,0,0,0,0,0,2,2,3,7,10,11,13,15,16,34,38,48,52,55,57,1,117380038,58
1173,49257,dscw80,0,0,0,0,0,1,1,1,1,1,1,1,1,1,1,1,1,1,1,1,1,1,1,1,1,1,1,0,128077,1
1181,41409,dscw80,1,0,0,0,0,0,2,3,3,4,5,5,6,6,6,6,6,6,6,6,6,6,6,6,6,6,6,0,19356363,6
1181,49158,dscw80,0,1,22,91,188,268,349,418,516,588,654,700,739,769,801,828,850,864,883,899,922,1010,1046,1094,1109,1113,1122,2,3254140807,1124
1181,39888,dscw80,1,0,0,0,0,0,0,0,0,0,1,1,1,1,1,1,1,1,1,1,1,1,1,1,1,1,1,0,2282813,1
1173,49634,dscw80,1,0,0,0,0,0,0,0,0,1,2,2,2,3,3,7,9,10,13,13,13,16,17,19,20,20,20,0,43793689,20
1181,49440,dscw80,0,0,0,0,0,0,1,2,2,2,2,2,2,2,2,2,2,2,2,2,2,4,4,4,4,4,4,0,649531,4
1173,44737,dscw80,1,0,0,0,0,0,0,1,3,5,6,12,20,27,35,42,45,52,57,61,64,73,77,77,77,77,77,0,113907551,77
1173,47698,dscw80,1,0,0,0,0,0,0,0,0,0,0,0,0,1,2,2,2,2,2,2,2,4,5,5,5,5,5,0,1008911,5
1173,48864,dscw80,0,0,0,0,0,0,0,0,0,0,0,0,0,0,0,0,0,0,0,0,0,0,0,0,0,0,1,1,2980480,2
1173,53419,dscw80,0,0,0,0,0,0,0,0,0,0,0,0,0,0,0,0,0,0,0,0,0,0,1,1,1,1,1,0,3688207,1
1173,46548,dscw80,0,0,0,0,0,0,0,0,0,0,1,2,4,5,6,8,9,10,11,11,11,14,16,16,17,17,17,0,36544229,17
1181,41984,dscw80,0,0,0,0,0,0,0,0,0,0,0,0,0,0,0,0,0,0,0,0,0,0,1,1,1,1,1,0,257561,1
1173,51906,dscw80,1,0,0,0,0,1,1,1,2,2,2,2,3,3,4,4,4,4,4,4,4,6,6,6,6,6,6,0,3139909,6
1181,37598,dscw80,0,0,0,0,0,0,0,0,0,1,1,2,2,2,2,2,2,2,2,2,2,2,2,2,2,2,2,0,261848,2
1173,49429,dscw80,0,0,0,0,0,0,0,0,0,2,4,7,9,10,12,16,17,21,22,26,30,38,41,45,45,45,46,0,123555084,46
1173,52978,dscw80,1,0,0,0,5,11,18,28,39,47,60,79,93,117,129,136,147,160,172,179,183,227,241,254,257,259,260,3,487792500,263
1173,41409,dscw80,1,0,0,0,0,0,0,0,0,0,0,0,1,1,2,2,2,3,3,3,3,3,3,3,3,3,3,0,1062538,3
1181,42617,dscw80,0,0,0,0,0,0,0,0,0,0,0,0,1,1,1,1,1,1,1,1,1,1,1,1,1,1,1,0,165542,1
1181,44080,dscw80,0,0,0,0,0,0,1,3,3,3,4,4,4,4,4,4,4,4,5,5,5,5,5,5,5,5,5,0,3616935,5
1181,52590,dscw80,1,0,0,0,0,0,0,0,0,0,1,1,1,1,1,1,1,1,1,1,2,2,2,2,2,2,2,0,3290,2
1173,43663,dscw80,0,0,0,0,0,0,11,32,87,191,302,395,467,553,648,711,773,827,878,923,948,1161,1256,1333,1356,1369,1387,4,3808597568,1391
1173,50463,dscw80,0,0,0,0,0,2,9,24,35,46,53,62,66,73,81,87,91,94,98,102,104,124,135,144,151,152,154,0,448121352,154
1181,46626,dscw80,1,0,0,0,0,0,0,0,1,2,2,2,2,2,3,4,4,4,4,4,4,5,5,5,5,5,6,0,300078,6
1181,52262,dscw80,1,0,0,1,1,1,2,3,3,3,3,3,3,3,3,4,4,4,4,4,4,4,4,4,4,4,4,0,529431,4
1173,38974,dscw80,1,0,0,0,0,0,0,0,0,1,1,1,1,2,3,3,3,3,3,4,4,4,5,5,6,6,6,0,2499331,6
1173,49440,dscw80,0,0,0,0,0,0,0,0,0,5,10,13,14,18,25,30,37,45,50,51,55,85,95,113,116,120,123,0,260527155,123
