client_metro,region,maprule,is_cache_hit,ttfb_le_5_ms,ttfb_le_10_ms,ttfb_le_15_ms,ttfb_le_20_ms,ttfb_le_25_ms,ttfb_le_30_ms,ttfb_le_35_ms,ttfb_le_40_ms,ttfb_le_45_ms,ttfb_le_50_ms,ttfb_le_55_ms,ttfb_le_60_ms,ttfb_le_65_ms,ttfb_le_70_ms,ttfb_le_75_ms,ttfb_le_80_ms,ttfb_le_85_ms,ttfb_le_90_ms,ttfb_le_95_ms,ttfb_le_100_ms,ttfb_le_150_ms,ttfb_le_200_ms,ttfb_le_300_ms,ttfb_le_400_ms,ttfb_le_500_ms,ttfb_le_1000_ms,ttfb_gt_1000_ms,bytes_sent,requests
1173,39888,dscw80,0,0,0,0,0,0,0,0,0,0,0,0,0,0,0,0,0,0,0,0,0,1,1,1,1,1,1,0,259577,1
1181,44636,dscw80,1,0,0,0,0,0,0,0,0,1,1,1,1,1,1,1,1,1,1,1,1,1,1,1,1,1,1,0,258325,1
1173,43663,dscw80,0,0,0,0,0,0,0,0,0,0,0,0,0,0,0,0,0,0,0,0,0,0,0,0,1,1,1,0,129011,1
1173,44912,dscw80,1,0,0,0,3,8,19,29,38,44,50,53,55,58,65,69,70,70,72,74,76,81,85,87,89,91,91,0,104688998,91
1173,44912,dscw80,0,0,0,0,0,1,7,25,57,83,110,135,166,197,216,230,254,268,282,296,312,395,427,460,478,487,502,1,1067103873,503
1181,51174,dscw80,1,0,0,0,0,0,0,0,0,0,0,0,1,1,1,1,1,1,1,1,1,1,1,1,1,1,1,0,2021,1
1173,44737,dscw80,1,0,0,0,0,0,0,0,0,0,1,1,1,1,1,1,1,1,1,1,1,1,1,1,1,1,1,0,257447,1
1173,49054,dscw80,1,0,0,0,0,1,1,1,1,1,1,2,3,4,4,4,4,4,5,5,5,7,8,8,8,8,8,0,3788307,8
1173,42794,dscw80,1,0,0,0,0,0,0,0,0,0,0,0,0,0,0,0,0,0,0,0,0,1,1,1,1,1,1,0,257397,1
1173,44737,dscw80,0,0,0,0,0,0,0,1,1,1,1,1,1,1,1,1,1,1,1,1,1,1,1,1,1,1,1,0,8942423,1
1173,49054,dscw80,0,0,0,0,2,5,11,14,19,23,27,34,37,45,49,52,58,64,69,71,77,91,101,109,110,112,112,0,304126262,112
1173,52978,dscw80,1,0,0,0,0,0,0,0,0,0,2,2,2,3,4,4,5,5,5,5,5,5,5,5,5,5,5,0,3022181,5
1173,49440,dscw80,0,0,0,0,0,0,0,0,0,0,0,0,0,0,0,0,0,0,0,0,0,2,2,2,2,2,2,0,4244224,2
1173,51906,dscw80,1,0,0,0,0,0,0,0,0,0,0,0,1,1,2,2,2,2,2,2,2,2,2,2,2,2,2,0,36012002,2
1173,52978,dscw80,0,0,0,0,0,2,7,8,9,10,17,19,19,23,26,39,40,41,45,46,49,65,74,81,82,83,83,0,152312477,83
1173,51906,dscw80,0,0,0,0,0,0,0,0,0,0,0,0,0,0,2,2,2,2,2,2,2,3,4,4,4,4,4,0,3451885,4
1173,51174,dscw80,0,0,0,0,0,0,0,0,0,0,0,0,0,0,1,1,1,2,2,2,2,3,3,3,4,4,4,0,7321112,4
1181,49634,dscw80,1,0,0,2,2,2,2,2,2,2,2,2,3,3,3,3,3,3,3,3,3,3,3,3,3,3,3,0,1156278,3
1181,52590,dscw80,0,0,0,0,0,0,0,0,0,0,0,0,0,1,1,1,1,1,1,1,1,2,3,4,4,5,8,0,5820342,8
1181,53188,dscw80,1,0,1,5,9,11,11,13,13,13,13,13,13,13,13,14,14,14,14,15,15,15,16,17,17,17,17,0,33932995,17
1181,49634,dscw80,0,0,0,0,0,1,3,4,4,4,4,4,4,4,4,4,4,4,4,5,5,5,6,6,6,6,6,0,20473912,6
1181,53188,dscw80,0,0,2,9,17,26,30,34,36,37,39,41,42,44,45,46,50,50,51,51,52,58,63,66,67,67,68,1,160128895,69
1173,42863,dscw80,0,0,0,0,0,0,0,0,0,0,0,0,0,0,0,0,0,0,1,1,1,1,1,1,1,1,1,0,1786,1
1173,52590,dscw80,1,0,0,1,10,37,61,78,98,121,140,155,171,177,183,188,196,201,205,207,208,219,223,226,227,230,231,2,340950148,233
1181,41187,dscw80,1,0,0,0,0,0,2,2,2,2,2,2,2,2,2,2,2,2,2,2,2,2,2,2,2,2,2,0,131134,2
1173,49634,dscw80,1,0,0,0,0,0,0,0,0,0,0,0,0,0,0,0,0,1,1,2,2,2,2,2,2,2,2,0,2912,2
1173,52590,dscw80,0,0,0,0,6,56,140,210,277,352,410,466,524,584,617,655,685,726,752,773,788,910,962,1006,1030,1042,1053,6,2769072639,1059
1181,41187,dscw80,0,0,0,0,0,2,2,5,5,5,7,7,8,8,8,8,9,9,9,9,9,11,11,11,11,11,11,0,12001275,11
1181,51472,dscw80,0,0,0,0,0,0,0,0,0,0,0,0,0,0,0,0,0,1,1,1,1,2,3,3,3,3,4,1,2229622,5
1173,49634,dscw80,0,0,0,0,0,0,0,0,0,0,0,0,1,1,2,2,2,2,2,2,3,4,4,4,4,4,4,0,3714092,4
1173,50298,dscw80,0,0,0,0,0,0,0,0,0,0,0,0,0,0,0,0,0,0,0,0,0,0,0,2,2,2,2,0,2593121,2
1181,49158,dscw80,1,3,4,4,5,6,6,6,6,7,7,7,7,8,8,8,8,8,8,8,8,8,8,8,8,8,9,0,1061503,9
1181,49257,dscw80,1,0,0,0,0,0,0,0,1,1,1,1,1,1,1,1,1,1,1,1,1,1,1,1,1,1,1,0,257397,1
1173,45169,dscw80,1,0,0,0,0,0,0,0,0,0,0,0,0,1,1,2,2,2,3,3,4,6,7,8,8,8,8,0,1563898,8
1173,46548,dscw80,0,0,0,0,0,0,0,0,1,1,1,1,1,1,2,2,2,2,3,4,4,4,4,4,5,5,5,0,3552463,5
1181,37241,dscw80,0,0,0,0,0,0,0,0,0,0,0,0,0,0,0,0,0,0,0,0,0,1,1,1,1,1,1,0,258054,1
1181,41409,dscw80,0,0,0,0,0,0,0,0,0,1,1,1,1,1,1,1,1,1,1,1,1,1,1,1,1,1,1,0,259623,1
1181,44912,dscw80,0,0,0,0,0,0,0,0,0,0,0,0,0,0,0,2,3,3,3,3,4,4,5,5,5,5,5,0,583077,5
1181,46626,dscw80,0,0,0,0,0,0,0,0,0,0,0,0,0,0,0,0,0,0,1,1,1,2,2,2,2,2,2,0,3505665,2
1181,49158,dscw80,0,2,2,3,3,3,4,5,6,7,8,8,8,9,9,9,11,11,11,12,12,20,22,24,25,25,25,0,27656318,25
1181,49257,dscw80,0,0,0,0,1,2,4,4,4,4,5,5,6,6,6,7,7,7,7,7,7,8,8,8,8,8,8,0,12682665,8
1173,45169,dscw80,0,0,0,0,0,0,0,0,0,1,1,1,1,1,1,1,2,2,2,3,4,11,13,14,14,14,15,0,63049547,15
1181,53419,dscw80,1,3,5,7,13,30,38,41,45,46,50,52,54,57,59,59,60,60,61,61,61,62,62,62,62,62,63,0,85477052,63
1173,46091,dscw80,0,0,0,0,0,0,0,0,0,0,0,0,0,0,0,0,0,0,1,1,1,1,1,1,1,1,1,0,257442,1
1173,49429,dscw80,1,0,0,0,0,0,0,0,0,0,1,1,1,1,1,1,1,1,1,1,1,1,1,1,1,1,1,0,3940417,1
1181,53419,dscw80,0,1,8,24,32,46,65,80,95,103,110,117,122,126,130,134,139,140,141,147,150,164,169,177,185,186,189,1,450727770,190
1173,49429,dscw80,0,0,0,0,0,0,0,0,0,0,0,0,0,2,2,2,3,3,3,3,4,5,5,6,7,7,8,0,19083822,8
1181,44035,dscw80,1,0,0,0,0,0,0,0,0,0,0,0,1,1,1,1,1,1,1,1,1,1,1,1,1,1,1,0,332097,1
1173,46626,dscw80,1,0,0,0,0,0,1,3,8,10,12,14,18,21,26,28,30,30,35,37,37,46,47,48,48,48,48,0,73324706,48
1181,44035,dscw80,0,0,0,0,0,0,0,0,0,0,0,0,0,0,0,0,1,1,1,1,1,1,1,1,1,1,1,0,646061,1
1173,41409,dscw80,0,0,0,0,0,0,0,0,0,0,0,0,0,0,0,0,0,0,0,0,0,0,0,0,1,1,1,0,1751346,1
1173,46626,dscw80,0,0,0,0,0,0,0,1,3,9,11,21,23,31,35,46,56,72,75,85,92,149,164,179,185,189,192,4,717801676,196
1173,50463,dscw80,1,0,0,0,0,0,0,1,1,2,2,3,3,3,3,3,4,4,4,4,4,4,4,4,4,4,4,0,645952,4
1173,53419,dscw80,0,0,0,0,0,0,0,0,0,0,0,0,0,0,0,0,0,0,0,0,0,0,1,2,2,2,2,0,10485301,2
1173,44035,dscw80,1,0,0,0,0,0,3,5,5,6,6,6,6,6,6,8,8,9,10,10,10,10,14,14,14,14,14,0,21971279,14
1173,50463,dscw80,0,0,0,0,0,1,4,5,10,11,14,16,17,18,18,21,22,24,25,26,26,42,43,48,49,50,52,1,186243855,53
1173,41408,dscw80,1,0,0,0,0,0,0,0,0,2,3,3,3,3,3,3,3,3,3,3,3,3,3,3,3,3,3,0,8330178,3
1173,44035,dscw80,0,0,0,0,0,1,4,9,10,18,21,27,30,35,41,46,47,51,54,57,62,74,80,84,86,86,87,0,270948927,87
1173,41408,dscw80,0,0,0,0,0,0,0,0,0,0,0,1,3,4,4,4,4,5,5,5,5,5,5,5,5,5,5,0,3333252,5
1181,48590,dscw80,0,0,0,0,2,3,5,6,7,8,9,10,10,13,13,14,15,15,15,15,15,15,16,17,17,17,17,0,43085595,17
