client_metro,region,maprule,is_cache_hit,ttfb_le_5_ms,ttfb_le_10_ms,ttfb_le_15_ms,ttfb_le_20_ms,ttfb_le_25_ms,ttfb_le_30_ms,ttfb_le_35_ms,ttfb_le_40_ms,ttfb_le_45_ms,ttfb_le_50_ms,ttfb_le_55_ms,ttfb_le_60_ms,ttfb_le_65_ms,ttfb_le_70_ms,ttfb_le_75_ms,ttfb_le_80_ms,ttfb_le_85_ms,ttfb_le_90_ms,ttfb_le_95_ms,ttfb_le_100_ms,ttfb_le_150_ms,ttfb_le_200_ms,ttfb_le_300_ms,ttfb_le_400_ms,ttfb_le_500_ms,ttfb_le_1000_ms,ttfb_gt_1000_ms,bytes_sent,requests
1181,38580,dscw80,0,0,0,0,0,0,0,0,1,3,3,3,3,3,4,4,4,5,5,5,5,5,5,5,5,5,5,0,13591883,5
1181,51472,dscw80,1,0,0,0,0,0,0,0,0,1,1,2,2,3,3,3,3,3,3,3,3,5,5,5,5,5,5,1,744843,6
1173,46148,dscw80,0,0,0,0,0,0,0,0,0,0,0,0,1,1,1,1,1,1,1,1,1,1,1,1,1,1,1,0,5229227,1
1173,51906,dscw80,1,0,0,0,1,2,3,3,6,10,10,15,17,19,19,22,22,24,24,28,29,32,37,39,39,39,41,1,118997507,42
1173,52262,dscw80,1,0,0,0,0,0,0,0,0,0,0,0,0,0,0,0,0,0,0,0,0,1,1,1,1,1,1,0,1377718,1
1181,49110,dscw80,1,0,0,0,0,0,0,0,0,0,0,0,0,0,1,1,1,1,1,1,1,1,1,1,1,1,1,0,610992,1
1173,38580,dscw80,0,0,0,0,0,0,0,0,0,0,0,0,0,0,0,0,0,1,1,1,1,1,1,1,1,1,1,0,6859646,1
1173,39272,dscw80,1,0,0,0,0,0,0,0,0,0,0,0,0,0,0,0,0,0,1,1,1,3,3,3,3,3,3,0,324800,3
1173,44035,dscw80,0,0,0,0,0,0,8,12,24,42,56,70,82,94,109,119,129,138,144,148,161,199,218,246,261,270,281,20,735695031,301
1173,46091,dscw80,0,0,0,0,0,0,0,0,0,0,0,0,0,0,0,1,1,1,3,4,6,11,19,26,26,27,28,0,66902866,28
1173,49110,dscw80,1,0,0,0,0,0,0,0,0,1,1,1,2,3,3,4,5,5,5,6,6,7,8,8,8,8,8,0,4080180,8
1173,50463,dscw80,1,0,0,0,1,7,24,33,43,50,56,60,63,71,77,81,86,90,94,97,97,110,122,128,129,133,134,0,44180037,134
1181,53188,dscw80,1,0,0,3,16,26,28,31,34,36,36,37,38,38,38,40,40,40,40,40,40,41,41,42,42,42,43,0,68228548,43
1173,41187,dscw80,0,0,0,0,0,0,0,2,2,2,2,2,2,2,2,2,2,2,2,2,2,2,2,2,2,2,2,0,264058,2
1173,44737,dscw80,0,0,0,0,0,0,0,0,0,10,18,24,33,43,51,60,73,79,94,101,112,156,180,199,208,215,216,1,589897321,217
1181,49926,dscw80,0,0,0,0,0,0,0,0,0,0,0,0,0,0,0,0,0,1,1,1,1,2,2,2,2,2,2,0,257232,2
1173,53188,dscw80,1,0,0,0,0,0,0,0,0,0,0,0,0,0,0,0,0,0,0,0,0,0,0,1,1,1,1,0,1026837,1
1181,45983,dscw80,1,0,0,0,0,0,0,0,0,0,0,0,0,0,0,0,1,2,2,2,2,2,2,2,2,2,2,0,4075,2
1181,48590,dscw80,1,0,4,4,7,8,14,15,15,17,21,24,25,25,25,25,26,27,27,27,27,28,29,29,29,29,29,0,20288056,29
1181,49158,dscw80,0,2,5,22,44,80,133,182,244,284,325,352,377,398,423,442,463,488,499,509,523,599,632,668,689,696,709,3,1630292015,712
1181,51174,dscw80,0,0,0,0,0,0,0,0,1,1,1,2,2,2,2,2,2,2,2,2,2,2,2,2,2,3,3,0,22507,3
1181,52978,dscw80,0,0,0,0,0,0,0,0,0,0,2,2,2,3,4,4,6,7,8,10,11,23,30,31,32,32,34,5,17895605,39
1173,49054,dscw80,1,0,0,0,0,0,0,0,0,0,0,0,1,1,1,1,1,1,1,2,3,3,3,3,3,3,3,0,258369,3
1181,46626,dscw80,0,0,0,0,0,0,0,0,0,0,0,0,0,0,0,0,0,0,1,1,2,9,10,12,13,14,14,1,5392261,15
1181,49257,dscw80,0,0,0,0,1,3,6,7,8,10,11,11,11,12,14,15,16,17,17,18,18,19,19,19,20,20,20,0,43745517,20
1173,48590,dscw80,1,0,0,0,0,0,0,0,0,0,0,0,0,0,0,0,0,0,0,0,0,0,1,1,1,1,1,0,2039,1
1173,49158,dscw80,0,0,0,0,0,0,0,0,0,0,0,0,0,0,0,0,0,0,0,0,0,1,1,1,1,1,1,0,258655,1
1173,51174,dscw80,0,0,0,0,0,0,0,0,0,0,0,1,1,2,2,3,6,6,7,8,11,18,23,33,36,36,38,3,97376772,41
1173,52978,dscw80,0,0,0,0,0,14,43,84,130,181,240,303,381,473,571,668,753,832,909,981,1038,1475,1684,1895,1997,2062,2146,29,4509320235,2175
1181,49634,dscw80,0,0,0,0,2,4,6,7,9,9,9,9,9,11,11,11,11,13,13,13,13,15,15,17,18,19,20,1,37257108,21
1173,46626,dscw80,0,0,0,0,0,2,6,18,43,86,135,190,248,293,361,435,497,566,621,669,730,1070,1242,1375,1432,1454,1477,12,3765233486,1489
1181,41409,dscw80,1,0,0,0,0,0,0,0,0,0,0,1,1,1,1,1,1,1,1,1,1,2,2,2,2,2,2,0,1087910,2
1173,40383,dscw80,0,0,0,0,0,0,0,0,0,0,0,0,0,0,0,0,0,0,0,0,0,0,0,0,1,1,1,0,128361,1
1173,44738,dscw80,1,0,0,0,0,1,6,6,8,10,13,15,16,19,23,26,30,31,34,35,36,39,42,43,43,43,43,0,47265532,43
1173,44912,dscw80,0,0,0,0,0,1,7,13,30,61,79,97,115,138,149,165,183,194,209,217,226,309,346,376,397,404,416,7,1361193989,423
1173,46548,dscw80,1,0,0,0,0,1,1,2,2,2,2,2,2,2,4,5,5,5,5,6,6,6,6,7,7,7,7,0,2320490,7
1173,49634,dscw80,0,0,0,0,0,0,0,0,0,0,1,3,4,7,10,13,15,18,21,22,22,34,35,41,43,45,46,0,79280835,46
1173,50298,dscw80,1,0,0,0,0,2,3,3,3,3,3,3,3,4,4,6,6,6,6,7,7,8,9,9,9,9,9,0,540558,9
1181,42619,dscw80,0,0,0,0,0,0,0,0,0,0,0,0,0,0,1,1,1,1,1,1,1,1,1,1,1,1,1,0,128244,1
1181,53419,dscw80,0,2,24,76,180,424,820,1152,1399,1634,1840,2026,2165,2256,2350,2427,2488,2562,2630,2676,2722,2988,3117,3237,3286,3307,3340,19,8789563277,3359
1173,41409,dscw80,1,0,0,0,0,0,0,0,0,0,0,0,0,0,0,0,0,0,0,0,1,1,1,1,1,1,1,0,974687,1
1173,47733,dscw80,1,0,0,0,0,0,0,0,0,0,0,0,0,0,0,1,1,1,1,1,1,1,1,1,1,1,1,0,2058,1
1181,51906,dscw80,0,0,0,0,0,0,0,0,0,0,0,0,1,1,2,2,3,4,4,4,5,7,8,10,11,11,11,0,9972160,11
1181,52262,dscw80,0,0,0,0,2,2,3,5,5,5,5,5,5,5,6,6,6,6,6,6,6,8,11,14,14,14,14,0,39445383,14
1173,43302,dscw80,1,0,0,0,0,0,1,1,1,1,1,2,2,2,2,2,2,3,3,4,4,4,4,4,4,4,4,0,5681520,4
1181,51472,dscw80,0,0,0,0,0,0,0,0,1,1,1,4,5,5,8,10,10,12,12,15,15,25,28,31,33,35,37,0,30144967,37
1181,37241,dscw80,1,5,5,6,6,6,6,7,7,9,12,13,16,17,18,21,21,21,21,22,24,27,27,29,29,29,29,0,30307768,29
1173,42271,dscw80,0,0,0,0,0,0,0,0,0,0,0,0,0,0,0,0,0,0,0,0,0,1,1,1,2,2,2,0,9938566,2
1173,51906,dscw80,0,0,0,0,0,0,0,1,3,12,19,26,34,41,53,57,62,67,73,76,77,107,134,159,173,179,186,1,566355692,187
1173,52262,dscw80,0,0,0,0,0,0,0,0,0,0,0,0,0,0,0,0,0,0,0,0,0,1,1,1,1,1,1,0,1942,1
1181,50463,dscw80,0,0,0,0,0,0,0,0,0,0,0,0,0,0,0,0,0,0,0,0,0,0,0,1,1,1,2,0,7292306,2
1173,43663,dscw80,1,0,0,0,0,2,7,11,18,24,27,32,35,36,39,42,45,47,50,50,51,53,55,58,58,58,58,0,105217648,58
1173,51472,dscw80,0,0,0,0,0,0,0,0,0,0,0,0,0,0,0,0,0,0,0,0,0,2,2,2,2,2,2,0,259762,2
1173,39272,dscw80,0,0,0,0,0,0,0,0,0,0,0,0,0,0,0,0,0,0,1,2,3,21,26,29,32,32,32,0,79330613,32
1181,41408,dscw80,0,0,0,0,0,0,0,0,0,0,0,0,1,2,2,2,2,2,2,2,2,2,2,2,2,2,2,0,425568,2
1173,49110,dscw80,0,0,0,0,0,0,0,0,0,5,13,15,23,27,38,47,54,61,69,75,79,130,152,163,166,169,169,1,386193355,170
1173,50463,dscw80,0,0,0,0,1,4,17,53,105,146,188,233,283,317,353,399,423,455,484,517,548,772,876,985,1037,1057,1078,6,2279279854,1084
1181,53188,dscw80,0,0,4,12,23,30,36,36,40,42,46,49,50,52,53,54,56,57,61,62,64,72,78,85,86,87,88,1,334875777,89
1173,41408,dscw80,0,0,0,0,0,0,0,0,0,0,0,0,0,0,0,0,0,1,1,1,1,1,1,1,1,1,1,0,258012,1
1181,45462,dscw80,0,0,0,0,0,0,0,0,0,0,0,0,0,0,0,0,0,0,0,0,0,1,1,1,1,1,1,0,4309461,1
1173,53188,dscw80,0,0,0,0,0,0,0,0,0,0,0,0,0,0,0,0,0,0,0,0,0,0,0,0,2,2,2,0,2210975,2
1181,35540,dscw80,0,0,0,0,0,0,0,0,0,0,0,0,1,1,1,1,1,1,1,1,1,1,1,1,1,1,1,0,2487,1
1181,41187,dscw80,1,0,0,1,1,1,1,1,2,3,4,4,4,4,4,4,4,4,4,4,5,5,5,6,6,6,6,3,5957331,9
1181,45983,dscw80,0,0,0,0,0,0,0,0,0,0,0,0,0,0,0,0,0,0,0,0,0,1,1,1,1,1,1,0,257792,1
1181,48590,dscw80,0,0,8,19,25,36,46,58,67,78,91,99,101,112,121,128,133,135,140,142,146,167,183,192,196,199,202,2,434874734,204
1173,46321,dscw80,0,0,0,0,0,0,0,0,0,0,0,2,2,3,3,3,3,4,4,4,4,4,5,5,5,5,5,0,18171776,5
1173,50061,dscw80,0,0,0,0,0,0,0,0,0,0,0,0,0,0,0,0,0,0,0,0,0,1,1,1,1,1,1,0,128825,1
1181,49440,dscw80,1,0,0,0,0,0,0,0,0,0,0,0,0,0,0,0,0,0,0,0,0,1,1,1,1,2,2,0,517040,2
1173,49054,dscw80,0,0,0,0,0,0,0,0,0,0,0,0,0,0,0,0,0,0,0,0,0,1,2,2,2,2,3,0,330462,3
1173,48590,dscw80,0,0,0,0,0,0,0,0,0,0,0,0,0,0,1,1,1,1,2,2,2,6,7,8,8,8,8,0,17154700,8
1173,49440,dscw80,1,0,0,0,0,0,0,0,0,0,2,2,4,8,11,12,13,14,16,16,19,25,28,32,33,34,35,0,45326971,35
1181,44738,dscw80,0,0,0,0,0,0,0,0,0,0,0,0,0,1,1,1,1,1,3,4,4,6,7,9,11,11,12,0,5546205,12
1181,46548,dscw80,0,0,0,0,0,0,0,0,0,0,0,0,0,0,0,0,0,0,1,1,1,1,1,1,1,1,1,0,131234,1
1181,41409,dscw80,0,0,0,0,0,0,0,0,0,0,0,0,0,1,2,2,2,2,3,4,4,9,11,12,12,12,12,0,31954607,12
1181,42617,dscw80,0,0,0,0,0,0,0,0,0,0,0,0,0,0,0,0,1,1,1,1,1,1,1,2,2,2,2,0,8940422,2
1173,45004,dscw80,0,0,0,0,0,0,0,0,0,0,0,0,0,0,0,0,0,0,0,0,0,0,0,0,0,0,4,1,15116954,5
1181,40557,dscw80,0,0,0,0,0,0,0,1,1,1,1,2,3,3,5,7,7,7,7,8,9,10,11,11,12,12,12,0,10031204,12
1181,52590,dscw80,1,0,0,0,0,0,0,0,0,0,0,0,0,1,2,2,2,2,2,2,2,3,3,3,3,3,3,0,181765,3
1173,44738,dscw80,0,0,0,0,0,0,2,10,16,18,26,40,56,72,86,104,125,147,164,176,190,281,311,347,358,360,369,1,1175970525,370
1173,46548,dscw80,0,0,0,0,0,0,0,1,3,6,9,12,13,18,22,23,24,25,25,26,27,33,37,38,42,43,44,0,90283491,44
1173,49429,dscw80,1,0,0,0,0,0,0,0,0,0,0,0,0,1,3,4,4,4,4,4,4,5,5,5,5,5,6,0,6564695,6
1173,50298,dscw80,0,0,0,0,0,0,0,0,2,6,9,15,16,21,25,26,30,34,37,39,43,58,68,80,85,85,90,2,250740802,92
1181,49579,dscw80,0,0,0,0,1,1,1,1,1,1,1,1,1,1,1,2,2,2,2,2,2,2,2,2,2,2,2,0,297374,2
1173,41409,dscw80,0,0,0,0,0,0,0,0,0,0,1,1,1,2,3,4,6,6,7,8,11,18,19,20,20,20,21,0,24461672,21
1173,47698,dscw80,1,0,0,0,0,0,0,0,1,1,1,1,1,1,1,1,1,1,1,1,1,2,2,2,2,2,2,0,260245,2
1173,47555,dscw80,1,0,0,0,0,0,0,0,0,0,0,0,0,0,0,0,0,0,0,0,0,3,5,6,6,6,7,0,3438810,7
1173,47733,dscw80,0,0,0,0,0,0,0,0,0,0,0,0,1,1,2,3,5,9,9,10,13,30,34,37,37,37,40,0,89801463,40
1173,52590,dscw80,1,0,0,0,6,23,38,57,80,101,111,128,140,148,160,168,172,173,179,188,190,209,214,220,220,220,223,4,356557688,227
1173,43302,dscw80,0,0,0,0,0,0,0,1,3,4,5,7,7,7,9,11,13,13,14,17,17,21,21,22,22,23,25,0,63598881,25
1181,50565,dscw80,0,0,0,0,0,0,0,0,0,0,0,0,0,0,0,0,0,0,0,0,0,0,0,0,0,0,1,0,635816,1
1173,45169,dscw80,1,0,0,0,0,0,0,0,0,0,0,0,0,0,0,0,3,5,6,7,8,14,15,17,17,17,17,1,40264517,18
1181,37241,dscw80,0,0,7,13,15,16,17,19,23,27,31,38,52,56,59,63,70,74,74,76,79,103,112,120,121,122,126,2,402173809,128
1181,44080,dscw80,0,0,0,0,0,0,0,0,0,0,0,0,0,0,0,0,0,0,0,0,0,0,1,2,2,2,2,0,14444337,2
1173,43663,dscw80,0,0,0,0,0,0,2,8,16,45,61,81,108,129,150,171,183,198,214,226,239,305,332,356,362,369,371,1,1120798958,372
1173,48341,dscw80,0,0,0,0,0,1,1,1,1,1,1,1,1,1,1,2,2,2,2,2,2,3,4,5,5,5,5,0,3460224,5
1181,38580,dscw80,1,0,0,0,0,0,0,0,0,0,1,1,1,1,1,1,1,1,1,1,1,1,1,1,1,1,1,0,1747,1
1181,41984,dscw80,0,0,0,0,0,0,0,0,0,0,0,0,0,0,0,0,0,0,0,0,0,0,0,0,1,1,1,0,5947523,1
1173,44080,dscw80,0,0,0,0,0,0,0,0,0,0,0,0,1,2,2,3,3,3,3,3,3,4,5,5,5,5,5,0,9336069,5
1181,39888,dscw80,1,0,0,0,0,1,1,1,1,1,1,1,1,1,1,1,1,1,1,1,1,1,1,1,1,1,1,0,257299,1
1173,44035,dscw80,1,0,0,0,4,6,12,19,28,37,43,48,50,51,52,54,57,59,64,65,65,72,73,76,77,78,79,5,141734899,84
1173,46091,dscw80,1,0,0,0,0,0,0,0,0,0,0,0,0,0,0,1,1,1,1,1,1,3,3,4,4,5,5,0,648964,5
1181,41187,dscw80,0,0,0,1,4,6,8,11,16,18,20,22,22,24,25,25,25,25,25,25,26,31,33,33,33,33,33,0,47246297,33
1173,44737,dscw80,1,0,0,0,0,1,1,3,6,8,8,11,13,14,18,19,19,19,19,20,21,25,28,28,29,29,29,0,18649183,29
1181,42863,dscw80,0,0,0,0,0,0,0,0,0,0,1,1,1,1,1,1,2,2,2,2,2,2,2,2,2,2,2,0,258706,2
1181,49440,dscw80,0,0,0,0,0,0,0,0,1,1,1,1,1,1,1,1,1,1,1,1,2,5,6,7,7,7,8,0,10844788,8
1181,49158,dscw80,1,1,10,18,39,62,82,101,128,150,160,171,179,186,195,198,200,201,206,209,209,227,233,242,244,245,245,0,382050652,245
1173,49440,dscw80,0,0,0,0,0,0,0,0,1,2,6,9,16,18,32,50,64,72,85,97,109,177,214,239,249,257,262,2,564668013,264
1181,51174,dscw80,1,0,0,0,0,0,0,0,0,0,0,0,0,0,0,0,0,0,0,0,0,1,1,1,1,1,1,0,4388801,1
1181,52978,dscw80,1,0,0,0,0,0,0,0,0,0,0,0,0,0,0,0,0,1,1,1,2,2,2,2,2,2,3,0,393868,3
1181,47698,dscw80,0,0,0,0,0,0,0,0,1,1,1,1,1,1,1,1,1,1,1,1,1,1,1,1,1,1,1,0,128082,1
1181,49257,dscw80,1,1,1,1,1,2,2,2,2,2,2,2,3,3,3,3,3,4,4,4,4,4,4,4,4,4,4,0,1191948,4
1181,47555,dscw80,0,0,0,0,0,0,0,0,1,1,1,1,1,1,1,1,1,1,1,1,1,1,1,1,1,1,1,0,128914,1
1181,52590,dscw80,0,0,0,0,0,1,2,2,2,2,2,2,2,4,7,8,9,13,13,16,19,28,30,32,34,34,35,0,70245943,35
1173,49429,dscw80,0,0,0,0,0,0,0,0,0,0,0,0,0,1,4,5,5,5,6,6,7,7,9,10,14,14,15,1,26653205,16
1173,51174,dscw80,1,0,0,0,0,0,0,0,0,0,0,0,0,1,1,1,1,2,4,7,8,11,13,13,13,13,14,5,7940074,19
1173,52978,dscw80,1,0,0,0,3,16,30,38,50,67,85,96,108,122,130,143,150,156,163,171,173,212,229,239,244,246,252,1,299127959,253
1181,49634,dscw80,1,0,0,4,8,9,11,11,11,11,11,11,11,12,13,14,14,14,15,15,15,15,16,16,16,16,16,0,9256054,16
1173,46626,dscw80,1,0,0,0,0,4,10,27,46,71,102,125,142,181,216,244,258,275,293,313,320,391,414,432,434,436,436,1,604172919,437
1173,47698,dscw80,0,0,0,0,0,0,0,0,0,1,1,1,1,3,3,5,6,10,14,17,18,27,34,34,38,39,40,0,130073678,40
1173,49257,dscw80,1,0,0,0,0,0,0,0,0,0,0,0,0,0,1,1,1,1,1,1,1,1,1,1,1,1,1,0,3190296,1
1173,47555,dscw80,0,0,0,0,0,0,0,0,0,0,0,0,0,1,1,2,6,7,10,11,13,26,32,35,38,38,44,0,85984729,44
1173,52590,dscw80,0,0,0,0,7,47,98,178,250,324,424,493,576,641,716,778,828,872,913,950,986,1178,1261,1336,1367,1391,1412,14,3732973436,1426
1181,44912,dscw80,0,0,0,0,0,0,0,0,0,0,1,1,1,1,1,1,1,1,1,1,1,1,1,1,1,1,1,0,976199,1
1173,44912,dscw80,1,0,0,0,0,4,10,24,31,37,45,51,54,56,57,62,63,65,67,68,69,79,82,85,88,91,93,1,105319925,94
1173,49634,dscw80,1,0,0,0,0,0,0,0,0,1,1,2,2,4,4,5,5,7,7,8,8,9,10,11,11,11,11,0,22562247,11
1181,24622,dscw80,0,0,0,0,0,0,0,0,0,0,0,0,0,0,0,0,0,0,0,0,0,0,0,0,0,0,0,1,2496,1
1181,53419,dscw80,1,4,24,60,155,336,479,627,727,814,863,921,962,988,1015,1034,1047,1062,1071,1086,1092,1123,1139,1156,1159,1163,1166,3,1990303574,1169
1173,45169,dscw80,0,0,0,0,0,0,0,0,0,0,0,0,0,1,2,3,3,5,8,11,12,43,51,62,66,66,66,0,218796313,66
1181,46563,dscw80,0,0,0,0,0,0,0,0,0,0,0,0,0,0,0,0,0,0,0,0,0,1,1,1,1,1,1,0,9486401,1
1181,50566,dscw80,0,0,0,0,0,0,0,0,0,0,1,1,1,1,1,1,1,1,1,1,1,1,1,1,1,1,1,0,257666,1
1181,51906,dscw80,1,0,0,0,0,0,0,0,1,2,2,4,4,5,5,5,5,5,5,6,6,6,6,6,6,6,6,0,1882059,6
