client_metro,region,maprule,is_cache_hit,ttfb_le_5_ms,ttfb_le_10_ms,ttfb_le_15_ms,ttfb_le_20_ms,ttfb_le_25_ms,ttfb_le_30_ms,ttfb_le_35_ms,ttfb_le_40_ms,ttfb_le_45_ms,ttfb_le_50_ms,ttfb_le_55_ms,ttfb_le_60_ms,ttfb_le_65_ms,ttfb_le_70_ms,ttfb_le_75_ms,ttfb_le_80_ms,ttfb_le_85_ms,ttfb_le_90_ms,ttfb_le_95_ms,ttfb_le_100_ms,ttfb_le_150_ms,ttfb_le_200_ms,ttfb_le_300_ms,ttfb_le_400_ms,ttfb_le_500_ms,ttfb_le_1000_ms,ttfb_gt_1000_ms,bytes_sent,requests
1181,49634,dscw80,0,0,0,0,0,2,2,5,6,6,6,6,6,7,7,7,7,7,8,8,9,10,10,13,13,13,13,0,11186122,13
1181,51174,dscw80,0,0,0,0,0,0,0,0,0,0,0,0,0,0,0,1,1,1,2,2,2,2,2,2,2,2,2,0,547176,2
1173,41409,dscw80,0,0,0,0,0,0,0,0,0,2,2,2,3,4,4,4,4,4,4,5,5,7,8,8,9,9,9,0,20156735,9
1173,49054,dscw80,1,0,0,0,0,0,0,0,0,0,1,1,1,2,2,2,2,2,2,2,2,4,4,4,4,4,5,0,250051,5
1173,38974,dscw80,1,0,0,0,0,0,0,0,0,0,0,0,0,1,1,1,1,1,1,1,1,1,1,1,1,1,1,0,6031223,1
1173,46321,dscw80,1,0,0,0,0,0,0,0,0,0,0,0,0,1,1,1,1,1,1,1,1,1,1,1,1,1,1,0,128566,1
1173,46548,dscw80,0,0,0,0,0,0,0,2,4,6,8,14,22,25,27,27,30,30,30,32,32,41,45,50,54,55,55,0,131490194,55
1173,49440,dscw80,0,0,0,0,0,0,0,0,0,1,1,2,3,7,7,8,9,12,12,13,13,24,32,37,38,40,42,1,191083185,43
1181,38580,dscw80,0,0,0,0,0,0,0,2,2,2,3,3,3,3,3,4,4,6,6,6,6,8,8,9,9,9,9,0,13974864,9
1173,44035,dscw80,1,0,0,2,11,33,60,110,153,192,228,257,284,304,319,339,350,362,371,377,384,437,450,464,468,468,471,1,800001465,472
1181,52590,dscw80,1,0,0,0,0,0,0,0,0,0,0,0,0,0,0,0,0,1,1,1,1,1,1,1,1,1,1,0,257629,1
1173,44912,dscw80,0,0,0,0,0,3,18,34,65,98,124,153,178,203,225,244,273,284,297,315,332,424,463,508,525,534,548,12,1314831691,560
1181,49634,dscw80,1,0,0,0,0,0,1,1,1,1,1,1,1,1,1,1,1,1,1,1,1,1,1,1,1,1,1,0,2669,1
1173,41409,dscw80,1,0,0,0,0,0,0,0,0,0,0,0,0,0,0,0,0,0,0,0,0,1,1,1,1,1,1,1,130984,2
1173,44738,dscw80,0,0,0,0,0,0,1,5,7,7,10,15,20,26,38,55,69,86,97,106,112,169,190,214,219,230,231,0,614371430,231
1173,46548,dscw80,1,0,0,0,0,0,0,0,1,1,2,3,3,4,5,6,6,6,6,6,6,6,8,8,8,8,8,0,13925513,8
1173,48341,dscw80,0,0,0,0,0,0,0,0,0,0,0,0,0,0,0,0,0,0,0,0,0,0,0,2,2,2,2,0,15352840,2
1173,49440,dscw80,1,0,0,0,0,0,0,0,0,0,0,1,1,1,1,1,1,1,1,1,1,3,3,3,3,3,3,0,3206052,3
1181,38580,dscw80,1,0,0,0,0,0,0,0,0,0,0,0,0,0,0,0,0,0,0,0,0,1,1,1,1,1,1,0,598038,1
1173,52590,dscw80,0,0,0,0,9,46,133,177,248,304,359,414,459,508,557,600,634,665,690,714,740,858,904,945,967,976,996,23,2654282769,1019
1173,44912,dscw80,1,0,0,0,1,12,19,28,36,43,50,54,61,63,67,71,75,77,79,79,81,87,87,88,89,89,92,0,118908252,92
1173,49634,dscw80,0,0,0,0,0,0,0,0,0,1,1,1,3,7,8,12,19,27,29,32,35,48,53,56,58,59,59,1,100669145,60
1173,51174,dscw80,0,0,0,0,0,0,0,0,0,0,0,1,1,3,3,4,5,7,8,10,13,23,23,26,31,33,34,0,148887917,34
1181,42619,dscw80,0,0,0,0,0,0,0,0,0,0,0,0,0,0,1,1,1,1,1,1,1,1,1,1,1,1,1,0,4934747,1
1181,52978,dscw80,0,0,0,0,0,0,0,0,1,1,1,1,1,1,1,1,1,2,4,5,5,11,16,18,20,21,22,0,20506798,22
1173,44738,dscw80,1,0,0,0,0,0,1,1,1,1,3,3,4,5,6,8,9,10,11,12,12,17,17,18,18,18,19,0,24671845,19
1173,52590,dscw80,1,0,0,3,15,34,55,72,87,102,117,128,144,151,157,165,169,175,181,185,187,206,212,216,219,222,224,4,322206535,228
1173,49282,dscw80,0,0,0,0,0,0,0,0,0,0,0,0,0,0,0,0,0,0,0,1,1,1,1,2,2,2,2,0,2618278,2
1173,49634,dscw80,1,0,0,0,0,0,0,0,0,1,1,1,1,1,2,8,10,11,15,15,15,23,23,23,23,23,23,0,9937142,23
1173,51174,dscw80,1,0,0,0,0,0,0,0,0,0,0,0,0,0,0,0,0,0,0,0,0,1,1,1,1,1,1,0,6949422,1
1181,24201,dscw80,0,0,0,0,0,0,0,0,0,0,0,0,0,0,0,0,0,0,0,0,0,0,0,0,0,1,2,0,381527,2
1181,44737,dscw80,0,0,0,0,0,0,0,0,0,0,0,0,0,0,0,0,0,1,1,1,1,1,2,2,2,2,2,0,15000958,2
1181,52978,dscw80,1,0,0,0,0,0,0,0,0,0,0,0,0,0,0,1,1,1,1,1,1,2,2,2,2,2,3,0,3321574,3
1173,46091,dscw80,0,0,0,0,0,0,0,0,0,0,0,0,0,0,0,0,0,2,2,2,2,2,4,4,4,5,5,0,33462115,5
1181,48590,dscw80,0,0,5,14,20,25,29,37,41,44,45,50,54,59,63,65,69,72,73,77,80,97,101,111,118,119,121,4,138793449,125
1181,52559,dscw80,1,0,0,0,0,0,1,1,1,1,1,1,1,1,1,1,1,1,1,1,1,1,1,1,1,1,1,0,258206,1
1173,52978,dscw80,0,0,0,0,0,5,18,48,79,117,160,215,274,340,412,477,534,583,635,684,732,1045,1207,1335,1407,1451,1492,23,3204164192,1515
1181,48590,dscw80,1,0,5,8,9,10,11,12,13,13,13,13,14,14,15,15,15,15,15,15,15,15,15,15,15,15,15,0,920718,15
1173,49429,dscw80,0,0,0,0,0,0,0,0,0,0,1,3,4,4,4,6,7,9,11,13,13,21,21,22,24,25,25,0,46811250,25
1173,47733,dscw80,0,0,0,0,0,0,0,0,0,0,0,0,0,1,2,4,5,7,9,10,12,17,24,27,27,27,27,0,50276941,27
1173,44737,dscw80,0,0,0,0,0,0,2,7,17,32,38,42,47,53,63,73,81,89,96,101,106,142,164,182,191,191,193,0,553263506,193
1173,52978,dscw80,1,0,0,0,0,5,13,19,26,35,44,56,69,81,87,93,109,113,117,122,123,145,154,161,162,162,166,2,213165587,168
1181,37241,dscw80,0,0,4,7,8,9,9,9,10,13,14,15,17,18,18,21,22,23,23,23,24,25,28,30,31,31,31,0,22675785,31
1181,46626,dscw80,0,0,0,0,0,0,0,0,0,0,0,0,0,0,0,0,1,1,1,1,1,5,5,6,7,8,8,0,12179380,8
1173,48590,dscw80,0,0,0,0,0,0,0,0,0,0,0,0,0,0,0,0,0,0,0,1,2,2,2,2,2,2,2,0,3034628,2
1181,52262,dscw80,0,0,0,0,0,0,0,1,3,3,3,3,3,4,4,4,4,4,4,4,4,5,5,5,5,5,5,1,6458968,6
1173,49429,dscw80,1,0,0,0,0,0,0,0,0,0,0,1,1,1,1,1,2,2,2,2,2,2,2,2,2,2,2,0,1200121,2
1181,42863,dscw80,0,0,0,0,0,0,0,0,0,0,0,1,1,1,1,1,1,1,1,1,1,1,1,1,1,1,1,0,6915439,1
1173,47733,dscw80,1,0,0,0,0,0,0,0,0,0,0,0,0,0,1,1,3,3,3,3,3,3,3,3,3,3,3,0,623213,3
1173,44737,dscw80,1,0,0,0,0,1,4,8,9,10,10,10,13,14,16,17,18,22,22,23,23,26,27,27,27,27,27,1,37724324,28
1173,50298,dscw80,0,0,0,0,0,0,0,0,0,0,0,0,0,0,0,0,0,0,0,0,0,1,3,4,5,5,6,0,13970141,6
1181,45169,dscw80,0,0,0,0,0,0,0,0,0,0,0,0,0,0,1,2,5,6,7,8,8,11,13,16,17,17,18,0,40155760,18
1181,37241,dscw80,1,3,5,5,5,5,5,5,5,5,5,5,5,5,5,5,5,5,5,5,5,6,6,6,6,6,6,0,1168371,6
1181,41118,dscw80,0,0,0,0,0,0,0,0,0,0,0,0,0,0,0,0,0,0,0,0,0,2,2,2,3,3,3,0,13835093,3
1181,49158,dscw80,0,1,15,40,104,172,225,292,340,396,436,477,521,542,561,583,600,611,625,635,645,710,749,783,795,806,815,13,2131184697,828
1173,43663,dscw80,0,0,0,0,0,0,7,26,49,94,144,191,232,253,279,302,339,353,372,393,405,499,543,576,594,597,599,0,1550993272,599
1181,49579,dscw80,0,0,0,0,0,0,0,0,0,0,0,0,0,0,0,0,0,0,0,0,1,1,1,1,1,1,1,0,258061,1
1181,51472,dscw80,0,0,0,0,0,0,0,0,0,1,2,2,2,3,3,3,3,3,3,3,3,5,7,7,8,8,8,0,4422515,8
1181,42617,dscw80,0,0,0,0,0,0,0,0,0,0,0,0,0,0,0,0,0,0,1,1,1,1,1,1,1,1,1,0,2228594,1
1173,49110,dscw80,0,0,0,0,0,0,0,0,0,0,1,2,4,6,8,10,13,14,15,16,17,23,31,37,40,41,42,0,89812733,42
1181,50463,dscw80,0,0,0,0,0,0,0,0,0,2,2,2,2,2,2,2,2,2,2,2,2,2,2,2,2,2,2,0,3031499,2
1181,45169,dscw80,1,0,0,0,0,0,0,0,0,0,0,0,0,1,1,1,1,1,2,2,2,4,4,4,4,4,4,0,8924476,4
1173,46626,dscw80,0,0,0,0,0,0,5,15,45,90,137,184,241,287,343,389,442,486,529,580,624,906,1010,1101,1133,1152,1167,3,3014821995,1170
1181,41408,dscw80,0,0,0,0,0,0,0,2,2,2,2,2,2,2,2,2,2,2,2,2,2,2,2,2,2,2,2,0,130569,2
1181,44080,dscw80,0,0,0,0,0,0,0,0,1,2,3,3,4,4,4,4,4,4,4,4,4,4,4,4,4,4,4,0,24946638,4
1173,52262,dscw80,0,0,0,0,0,0,0,0,0,0,0,0,0,0,0,0,0,0,0,0,0,3,4,5,5,5,5,0,2339533,5
1181,49158,dscw80,1,0,8,36,58,81,110,148,164,179,187,198,204,213,221,228,233,235,238,239,240,252,258,266,267,267,269,2,474909377,271
1173,42863,dscw80,0,0,0,0,0,0,0,0,0,0,1,3,5,5,8,9,13,14,17,17,19,29,34,37,38,39,40,0,82088138,40
1173,43302,dscw80,0,0,0,0,0,0,0,0,1,1,1,2,6,7,8,13,13,14,16,18,19,25,29,31,31,31,31,0,84550051,31
1173,43663,dscw80,1,0,0,0,0,2,8,15,27,32,36,40,45,49,49,49,50,50,51,51,51,56,56,59,59,60,61,1,115865107,62
1181,44636,dscw80,0,0,0,0,0,0,0,0,0,0,1,1,1,1,1,2,2,3,3,3,3,3,3,3,3,3,3,0,5488423,3
1181,51472,dscw80,1,0,0,0,0,0,0,0,0,1,1,2,2,2,3,3,3,3,3,3,3,3,3,4,4,4,4,0,11488431,4
1173,45169,dscw80,0,0,0,0,0,0,0,0,0,0,2,3,5,6,9,12,13,13,13,13,14,21,25,28,30,30,31,0,76429791,31
1173,49110,dscw80,1,0,0,0,0,0,0,0,0,0,0,0,0,0,0,0,0,0,0,0,1,2,2,2,2,2,2,0,15070056,2
1181,38974,dscw80,0,0,0,0,0,0,0,0,0,0,0,0,1,1,1,1,1,1,1,1,1,1,1,1,1,1,1,0,334995,1
1173,46626,dscw80,1,0,0,0,0,4,13,31,61,82,106,117,136,147,160,177,189,205,218,224,227,266,279,285,288,290,290,1,400254940,291
1181,44035,dscw80,0,0,0,0,0,0,0,0,0,0,0,0,0,0,0,0,0,1,1,1,1,2,2,2,2,2,2,0,6692786,2
1173,42863,dscw80,1,0,0,0,0,0,0,0,0,1,1,1,1,2,3,4,4,5,5,6,6,6,7,7,7,7,8,0,22865918,8
1173,43302,dscw80,1,0,0,0,0,1,1,1,1,1,1,1,1,1,3,3,5,5,5,5,5,5,5,5,5,5,5,0,524606,5
1173,49579,dscw80,0,0,0,0,0,0,0,0,0,0,0,0,0,0,0,1,1,1,1,1,1,1,1,1,1,1,1,0,663200,1
1173,51472,dscw80,0,0,0,0,0,0,0,0,0,0,0,0,0,0,1,1,1,1,1,1,1,2,5,5,5,5,5,0,34514534,5
1181,44636,dscw80,1,0,0,0,0,0,0,0,1,1,1,1,1,1,1,1,1,1,1,1,1,1,1,1,1,1,1,0,195552,1
1173,45169,dscw80,1,0,0,0,0,0,0,0,0,1,5,5,5,5,5,6,8,8,9,9,10,14,14,15,16,16,16,0,12621229,16
1181,41409,dscw80,0,0,0,0,0,0,0,0,1,1,2,2,3,4,5,6,7,8,8,10,11,12,12,13,13,14,15,0,16713569,15
1181,49257,dscw80,0,0,0,1,2,5,5,6,7,7,8,9,10,10,10,10,10,10,10,11,11,12,13,14,15,15,15,0,12735176,15
1173,50463,dscw80,0,0,0,0,0,0,5,24,55,80,112,135,164,208,256,287,331,368,390,415,437,635,725,800,832,850,871,3,2246476562,874
1173,51906,dscw80,0,0,0,0,0,0,0,0,0,2,2,3,3,3,4,4,5,5,5,5,5,9,10,13,13,13,15,0,32285941,15
1181,41187,dscw80,0,0,0,1,1,3,5,7,7,7,8,9,10,11,12,13,13,13,13,13,13,15,16,17,18,18,18,0,26611081,18
1181,49440,dscw80,0,0,0,0,0,0,0,0,3,4,4,5,7,7,7,7,7,7,7,7,7,7,7,7,9,9,10,1,22831592,11
1181,53419,dscw80,0,0,2,4,6,19,37,49,63,69,71,75,81,84,87,87,90,95,96,100,102,111,116,118,120,122,123,0,219896906,123
1173,41408,dscw80,0,0,0,0,0,0,0,0,0,0,0,0,0,0,0,0,0,0,0,0,0,1,1,1,1,1,1,0,166640,1
1173,44080,dscw80,0,0,0,0,0,0,0,0,0,0,0,0,0,0,1,1,1,1,1,1,2,3,3,3,3,3,3,0,8188032,3
1173,46368,dscw80,0,0,0,0,0,0,0,0,0,0,0,0,0,0,1,1,1,1,1,1,1,1,1,1,1,1,1,0,257805,1
1181,44035,dscw80,1,0,0,0,0,1,1,1,1,1,1,1,1,1,1,1,1,1,1,1,1,1,1,1,1,1,1,1,1029602,2
1181,53188,dscw80,0,0,2,12,26,37,45,54,62,70,73,79,80,81,82,85,86,90,92,92,95,105,110,114,116,118,118,0,324337785,118
1173,49054,dscw80,0,0,0,0,0,0,0,0,0,0,0,0,1,3,3,5,7,7,9,10,10,15,15,15,16,17,18,0,20258852,18
1181,39888,dscw80,0,0,0,0,0,0,0,0,0,0,0,0,0,0,0,0,1,1,1,1,1,1,1,1,1,1,1,0,13826,1
1181,41409,dscw80,1,0,0,0,2,2,3,3,3,3,3,3,3,4,4,4,4,5,5,5,5,5,5,5,5,5,5,0,1817465,5
1181,49257,dscw80,1,0,0,1,1,1,1,1,1,1,1,1,1,1,1,1,1,1,1,1,1,1,1,1,1,1,1,0,5657,1
1173,38974,dscw80,0,0,0,0,0,0,0,0,0,0,1,1,1,1,1,1,1,1,2,2,2,2,2,2,2,2,2,0,45231,2
1173,50463,dscw80,1,0,0,0,0,0,4,10,17,21,27,29,32,33,38,42,43,44,46,46,46,57,62,64,64,64,64,0,66036268,64
1173,51906,dscw80,1,0,0,0,0,0,0,0,0,0,0,2,2,2,2,2,2,2,2,2,2,2,2,2,2,2,2,0,390753,2
1181,41187,dscw80,1,0,0,0,0,0,0,1,1,1,1,1,1,1,1,1,1,1,1,1,1,1,1,1,1,1,1,0,4336046,1
1181,45983,dscw80,0,0,0,0,0,0,0,0,0,0,0,0,0,0,0,0,0,0,0,0,1,1,1,1,1,1,1,0,1966,1
1173,46321,dscw80,0,0,0,0,0,0,0,0,0,0,0,3,4,4,6,7,7,8,9,10,10,11,11,12,12,12,12,0,15179709,12
1181,44738,dscw80,0,0,0,0,0,0,0,0,0,0,0,0,0,0,0,0,0,0,0,0,0,0,0,1,1,1,1,0,3294,1
1181,49440,dscw80,1,0,0,0,0,0,0,0,0,0,0,0,0,0,0,0,0,0,0,0,0,1,1,1,1,1,1,0,128566,1
1181,53419,dscw80,1,0,0,0,4,7,12,18,25,26,27,29,30,30,30,30,30,30,30,30,30,32,34,34,34,34,34,0,27284901,34
1173,44035,dscw80,0,0,0,0,0,6,28,71,125,215,277,354,433,492,558,626,685,737,789,831,878,1144,1261,1392,1457,1484,1526,15,4052216125,1541
1181,52590,dscw80,0,0,0,0,1,1,1,1,1,1,2,2,3,3,3,3,3,3,3,3,4,5,5,5,5,6,6,0,5349352,6
1181,53188,dscw80,1,0,0,2,5,11,15,15,17,18,22,25,25,27,27,27,27,28,28,28,28,30,32,33,33,33,33,1,27913742,34
