client_metro,region,maprule,is_cache_hit,ttfb_le_5_ms,ttfb_le_10_ms,ttfb_le_15_ms,ttfb_le_20_ms,ttfb_le_25_ms,ttfb_le_30_ms,ttfb_le_35_ms,ttfb_le_40_ms,ttfb_le_45_ms,ttfb_le_50_ms,ttfb_le_55_ms,ttfb_le_60_ms,ttfb_le_65_ms,ttfb_le_70_ms,ttfb_le_75_ms,ttfb_le_80_ms,ttfb_le_85_ms,ttfb_le_90_ms,ttfb_le_95_ms,ttfb_le_100_ms,ttfb_le_150_ms,ttfb_le_200_ms,ttfb_le_300_ms,ttfb_le_400_ms,ttfb_le_500_ms,ttfb_le_1000_ms,ttfb_gt_1000_ms,bytes_sent,requests
1181,49634,dscw80,0,0,0,0,0,0,0,0,0,0,0,0,0,0,0,0,0,0,0,0,0,1,1,1,1,1,1,0,2711,1
1181,51174,dscw80,0,0,0,0,0,0,0,0,0,0,0,0,0,0,0,0,0,0,1,1,1,1,1,1,1,2,2,0,3350187,2
1173,41409,dscw80,0,0,0,0,0,0,0,0,0,0,0,0,0,0,0,0,0,0,0,0,0,0,0,0,1,1,1,0,128726,1
1173,49440,dscw80,0,0,0,0,0,0,0,0,0,1,1,2,2,2,2,2,2,3,4,4,4,5,5,6,7,7,7,0,15859064,7
1173,53419,dscw80,0,0,0,0,0,0,0,0,0,0,0,0,0,0,0,0,0,0,0,0,0,0,0,2,2,2,2,0,5216756,2
1173,44035,dscw80,1,0,0,0,6,26,50,67,95,118,136,154,174,189,195,205,208,219,226,233,238,254,261,270,270,272,274,6,368852969,280
1181,52590,dscw80,1,0,0,0,0,0,0,0,0,0,1,1,1,1,1,1,1,1,1,1,1,1,1,1,1,1,1,0,258091,1
1173,44912,dscw80,0,0,0,0,1,10,15,26,43,71,102,132,165,192,221,241,260,280,294,310,320,400,441,479,498,503,513,2,1305598121,515
1181,49282,dscw80,0,0,1,1,2,4,4,4,4,4,4,4,4,4,4,4,4,4,4,4,4,4,4,4,4,4,4,0,5550800,4
1181,49634,dscw80,1,0,0,1,1,1,1,1,1,1,2,2,2,2,2,2,2,2,2,3,3,3,3,3,3,3,3,0,132408,3
1173,41409,dscw80,1,0,0,0,0,0,0,0,0,0,0,1,1,1,1,1,1,1,1,1,1,1,1,1,1,1,1,0,6211233,1
1173,44738,dscw80,0,0,0,0,0,0,0,3,3,3,3,3,4,4,4,5,5,5,5,7,8,8,9,10,10,10,10,0,51887472,10
1173,49440,dscw80,1,0,0,0,0,0,0,0,0,0,0,0,0,0,0,1,1,1,1,1,1,1,2,2,2,2,2,0,4089953,2
1173,52590,dscw80,0,0,0,1,12,58,97,124,154,186,216,237,262,287,308,322,335,343,352,356,360,414,435,446,450,451,454,1,980457027,455
1173,44912,dscw80,1,0,0,4,11,13,20,32,42,53,61,66,69,75,77,81,82,82,84,85,86,92,93,94,94,94,94,0,73058829,94
1173,49634,dscw80,0,0,0,0,0,0,0,0,0,1,2,3,3,4,4,4,4,4,4,5,5,5,6,6,6,6,6,0,5880013,6
1173,51174,dscw80,0,0,0,0,0,0,0,0,0,1,1,1,2,2,5,9,11,11,11,12,12,13,13,14,14,14,14,0,36400193,14
1181,49282,dscw80,1,1,1,1,1,1,1,1,1,1,1,1,1,1,1,1,1,1,1,1,1,1,1,1,1,1,1,0,1554931,1
1173,39272,dscw80,0,0,0,0,0,0,0,0,0,0,0,0,0,0,0,0,0,0,0,0,1,2,3,4,4,4,4,0,2753467,4
1181,52559,dscw80,0,0,0,0,0,0,0,0,0,0,0,0,0,0,0,0,0,0,0,0,0,1,1,1,1,1,1,0,3549030,1
1173,52590,dscw80,1,0,0,2,12,30,49,62,81,91,98,105,109,110,115,120,123,124,126,126,126,133,134,135,136,136,136,0,166064321,136
1173,49634,dscw80,1,0,0,0,0,0,0,0,0,0,1,2,2,2,2,5,5,6,7,8,9,15,16,16,16,16,16,0,11756675,16
1173,51174,dscw80,1,0,0,0,0,0,0,1,1,1,1,2,3,4,5,5,5,5,5,6,6,7,7,7,7,7,7,0,12795890,7
1181,24201,dscw80,0,0,0,0,0,0,0,0,0,0,0,0,0,0,0,0,0,0,0,0,0,0,0,0,0,0,1,0,119163,1
1181,44737,dscw80,0,0,0,0,0,0,0,0,0,0,0,0,0,0,0,0,0,0,0,0,0,0,1,1,1,1,1,0,2371359,1
1181,48590,dscw80,0,0,0,1,1,1,1,2,2,2,2,3,4,5,5,5,5,5,5,5,5,5,5,5,5,5,5,0,731987,5
1173,39272,dscw80,1,0,0,0,0,0,0,0,0,0,0,0,0,0,0,0,0,1,1,1,1,1,1,1,1,1,1,0,257959,1
1181,47632,dscw80,0,0,0,0,0,0,0,0,0,0,0,0,0,0,0,0,0,0,0,0,0,1,1,1,1,1,1,0,6671769,1
1173,52978,dscw80,0,0,0,0,0,0,0,3,4,4,4,6,6,8,8,10,10,12,12,12,13,18,18,18,18,18,18,0,40549178,18
1181,24201,dscw80,1,0,0,0,0,0,0,0,0,0,0,0,0,0,0,0,0,0,0,0,0,1,1,1,1,1,1,0,16883,1
1181,48590,dscw80,1,0,0,0,1,1,1,1,1,1,1,1,1,1,1,2,2,2,2,2,2,2,2,2,2,2,2,0,261036,2
1173,49429,dscw80,0,0,0,0,0,0,0,0,0,0,1,1,2,2,2,2,3,4,5,5,5,10,10,11,13,13,13,2,19992496,15
1181,47632,dscw80,1,0,0,0,0,0,0,0,0,0,0,0,0,0,0,0,0,0,0,0,0,0,1,1,1,1,1,0,1906,1
1173,44737,dscw80,0,0,0,0,0,0,1,1,2,4,7,7,9,9,11,14,17,18,20,20,24,35,40,44,45,47,48,0,127609038,48
1173,50535,dscw80,0,0,0,0,0,0,0,0,0,0,0,0,0,0,0,0,0,0,0,0,0,0,0,2,2,2,2,0,3523949,2
1181,37241,dscw80,0,0,1,1,1,1,1,1,1,1,1,1,1,1,1,1,1,1,1,1,1,1,1,1,1,1,1,0,128488,1
1181,52262,dscw80,0,0,0,0,0,0,1,2,2,2,2,3,3,3,3,3,3,3,3,3,3,4,4,4,4,5,5,0,4113227,5
1181,42863,dscw80,0,0,0,0,0,0,0,3,3,3,3,3,4,4,4,4,5,5,5,5,5,5,5,6,6,6,6,0,19059712,6
1173,44737,dscw80,1,0,0,0,0,0,0,0,1,1,2,3,3,3,3,3,3,3,3,3,3,3,3,3,3,3,3,0,261960,3
1181,45169,dscw80,0,0,0,0,0,0,0,0,0,0,0,0,0,0,0,0,0,0,0,0,0,1,1,1,1,1,1,0,5150443,1
1181,49158,dscw80,0,2,5,7,10,13,16,21,25,31,34,39,42,44,47,50,53,53,56,57,58,63,69,81,86,89,91,0,141685452,91
1181,52262,dscw80,1,0,0,0,0,0,0,0,0,0,1,1,1,1,1,1,1,1,1,1,1,1,1,1,1,1,1,0,257451,1
1173,43663,dscw80,0,0,0,0,0,0,0,0,0,0,0,0,0,0,0,1,1,1,1,1,1,1,1,1,1,1,1,0,3475483,1
1181,42863,dscw80,1,0,0,0,0,1,1,1,1,1,1,1,1,1,1,1,2,2,2,2,2,2,2,2,2,2,2,0,36095,2
1181,51472,dscw80,0,0,0,0,0,0,0,1,2,2,3,4,6,6,6,6,6,6,6,6,6,7,7,7,7,7,7,0,3149196,7
1181,51906,dscw80,0,0,0,0,0,0,0,0,0,0,0,0,0,0,0,0,0,1,1,1,1,1,1,1,1,1,1,0,5776558,1
1173,46626,dscw80,0,0,0,0,0,0,6,15,22,31,38,45,56,67,70,85,92,102,108,111,121,153,165,183,190,190,192,0,434459999,192
1181,41408,dscw80,0,0,0,0,0,0,0,0,0,0,0,0,0,0,0,0,0,1,1,1,1,1,3,3,3,3,3,0,6118678,3
1181,49158,dscw80,1,1,2,2,4,4,6,6,7,7,7,8,8,9,10,12,12,12,12,14,14,17,17,18,18,18,19,0,16997990,19
1181,51472,dscw80,1,0,0,0,0,1,1,1,1,3,3,3,3,3,3,3,3,3,3,3,3,3,3,3,3,3,3,0,851913,3
1173,45169,dscw80,0,0,0,0,0,1,3,4,5,8,9,12,14,16,16,17,19,20,20,20,20,27,29,30,30,30,30,0,95483657,30
1181,51906,dscw80,1,0,0,0,0,0,0,0,0,1,1,1,1,1,1,1,1,1,1,1,1,1,1,1,1,1,1,0,3083,1
1173,46626,dscw80,1,0,0,0,0,0,2,3,3,4,5,7,7,8,8,10,12,13,13,14,14,15,15,15,17,17,17,0,6360915,17
1181,44035,dscw80,0,0,0,0,0,1,1,1,1,1,1,1,1,1,1,1,1,1,2,2,2,2,2,4,5,5,5,0,3290956,5
1173,49158,dscw80,0,0,0,0,0,0,0,0,0,0,0,0,0,0,1,1,1,1,1,1,1,1,1,1,1,1,1,0,33026,1
1173,45169,dscw80,1,0,0,0,0,1,2,2,3,4,5,5,6,7,7,7,7,7,7,7,7,8,8,8,8,8,8,0,30640273,8
1181,41409,dscw80,0,0,0,0,1,1,1,2,2,2,2,3,3,4,5,7,7,7,7,7,7,7,7,8,8,8,8,0,30424500,8
1181,49257,dscw80,0,0,0,0,0,0,0,0,0,0,0,0,0,0,0,0,0,0,0,0,0,0,0,2,2,2,2,0,423850,2
1173,50463,dscw80,0,0,0,0,0,0,0,0,0,2,2,2,3,3,4,5,6,9,9,10,11,13,16,18,18,18,18,0,59090954,18
1173,51906,dscw80,0,0,0,0,0,1,1,2,3,3,3,5,5,7,8,8,9,9,9,11,12,14,15,18,19,21,23,0,53419973,23
1173,46817,dscw80,0,0,0,0,0,0,0,0,0,0,0,0,0,0,0,0,0,0,0,0,0,0,1,2,2,2,2,0,385835,2
1181,49440,dscw80,0,0,0,0,0,0,0,0,0,0,0,0,1,1,1,1,1,1,1,1,1,1,1,1,1,1,1,0,258493,1
1181,53419,dscw80,0,0,0,0,0,1,1,1,1,1,1,1,1,1,1,1,1,1,1,1,1,1,1,2,2,2,2,0,387176,2
1173,41408,dscw80,0,0,0,0,0,0,0,0,0,0,0,1,1,1,3,3,3,3,3,3,3,3,3,3,3,3,3,0,5236402,3
1173,49158,dscw80,1,0,0,0,0,0,0,0,0,0,0,0,0,0,1,1,1,1,1,1,1,1,1,1,1,1,1,0,1105761,1
1181,53188,dscw80,0,0,0,0,0,0,0,0,0,0,0,0,0,0,1,1,2,2,3,3,3,3,4,5,5,5,5,0,5477336,5
1173,49054,dscw80,0,0,0,0,0,0,0,0,0,0,0,0,0,0,0,1,1,1,1,1,1,1,2,2,2,2,2,0,87550,2
1173,50463,dscw80,1,0,0,0,0,0,0,0,0,0,0,0,0,0,0,1,1,1,1,1,1,1,1,1,1,1,1,0,1318,1
1173,51906,dscw80,1,0,0,0,0,0,0,1,2,2,2,2,2,2,2,2,2,2,2,2,2,3,3,3,3,3,3,0,17887032,3
1181,41187,dscw80,1,0,0,0,0,0,0,0,0,0,0,0,0,0,0,0,0,0,0,0,1,1,1,1,1,1,1,0,2685120,1
1181,44912,dscw80,0,0,0,0,0,0,0,0,0,1,1,1,2,2,2,2,2,2,3,3,3,3,3,3,3,3,3,0,2088930,3
1181,49440,dscw80,1,0,0,0,0,0,0,0,0,0,0,0,0,0,0,0,0,0,0,1,1,1,1,1,1,1,1,0,129320,1
1181,53419,dscw80,1,0,0,0,0,1,1,1,2,3,3,4,4,4,4,4,4,4,4,4,4,4,4,4,4,4,4,0,777561,4
1173,44035,dscw80,0,0,0,0,0,5,11,28,59,113,168,229,275,317,358,401,441,472,502,527,549,720,807,890,928,950,978,27,2552782150,1005
1181,52590,dscw80,0,0,0,0,0,0,0,0,0,0,0,0,1,1,1,1,1,2,2,2,2,4,4,4,4,4,4,0,1947065,4
1181,53188,dscw80,1,0,0,0,0,0,0,0,0,0,1,1,1,1,1,1,1,1,1,1,2,3,3,3,3,3,3,0,284435,3
