client_metro,region,maprule,is_cache_hit,ttfb_le_5_ms,ttfb_le_10_ms,ttfb_le_15_ms,ttfb_le_20_ms,ttfb_le_25_ms,ttfb_le_30_ms,ttfb_le_35_ms,ttfb_le_40_ms,ttfb_le_45_ms,ttfb_le_50_ms,ttfb_le_55_ms,ttfb_le_60_ms,ttfb_le_65_ms,ttfb_le_70_ms,ttfb_le_75_ms,ttfb_le_80_ms,ttfb_le_85_ms,ttfb_le_90_ms,ttfb_le_95_ms,ttfb_le_100_ms,ttfb_le_150_ms,ttfb_le_200_ms,ttfb_le_300_ms,ttfb_le_400_ms,ttfb_le_500_ms,ttfb_le_1000_ms,ttfb_gt_1000_ms,bytes_sent,requests
1181,37241,dscw80,1,6,7,8,8,8,8,8,8,8,8,8,8,8,8,8,8,8,8,8,9,12,12,12,12,12,13,0,2164365,13
1181,44636,dscw80,0,0,0,0,0,0,0,0,0,0,0,0,0,0,1,1,1,1,1,1,1,1,1,1,1,1,1,0,257890,1
1181,49440,dscw80,1,0,0,0,0,0,0,1,2,2,2,2,2,2,2,2,2,2,2,2,2,2,2,2,2,2,2,0,2653,2
1181,51192,dscw80,0,0,0,0,0,0,0,0,0,0,0,0,0,0,0,0,0,0,0,0,0,0,0,0,0,0,1,0,3835362,1
1173,41187,dscw80,0,0,0,0,0,0,1,2,3,4,4,5,6,6,6,6,6,6,6,7,7,7,7,7,7,7,7,0,2552893,7
1173,44080,dscw80,0,0,0,0,0,0,0,0,0,0,0,0,0,0,0,0,0,0,0,0,0,1,1,1,1,1,1,0,5250182,1
1173,49440,dscw80,1,0,0,0,0,0,0,0,0,0,0,0,0,0,1,1,1,1,1,1,1,1,2,2,2,2,2,0,10113506,2
1181,49158,dscw80,0,13,17,37,54,70,105,130,161,189,210,225,242,255,268,281,290,298,307,315,321,367,395,415,424,427,440,7,1058063570,447
1173,44912,dscw80,0,0,0,0,0,0,0,0,0,0,0,0,0,0,0,0,0,0,0,0,0,1,1,1,1,1,1,0,131419,1
1181,48590,dscw80,0,0,1,2,2,2,2,2,2,2,2,2,3,3,4,4,4,4,4,4,4,4,7,7,7,8,8,0,11879377,8
1173,49054,dscw80,0,0,0,0,0,0,0,0,0,0,1,3,4,4,7,9,9,10,11,12,12,16,16,17,18,19,19,0,10842526,19
1181,53188,dscw80,0,0,2,15,37,63,73,82,88,94,95,95,107,110,115,122,129,133,135,140,142,176,196,221,228,233,245,3,558600025,248
1173,47853,dscw80,1,0,0,0,0,0,0,0,0,0,0,0,1,2,4,4,6,7,7,7,7,9,9,9,9,9,9,0,11628497,9
1173,49429,dscw80,0,0,0,0,0,0,0,0,0,0,1,2,2,3,3,4,6,8,9,9,9,10,10,11,12,12,13,0,21566765,13
1181,41187,dscw80,1,0,0,0,0,0,0,0,0,1,1,2,2,2,2,2,2,2,2,2,2,2,2,2,2,2,2,0,3019008,2
1181,44035,dscw80,1,0,0,0,0,0,0,0,0,0,0,1,1,1,1,1,1,1,2,2,2,2,3,4,4,4,4,0,4490543,4
1181,49634,dscw80,0,0,0,1,3,6,10,11,15,17,19,20,21,22,23,24,24,24,25,25,25,29,30,31,34,34,34,0,74569794,34
1173,48590,dscw80,0,0,0,0,0,0,0,0,0,0,0,0,0,0,1,3,3,3,3,3,3,4,4,4,4,4,4,0,2109144,4
1181,51174,dscw80,1,0,0,0,0,0,0,0,0,0,0,0,0,0,0,0,0,0,0,0,0,0,0,0,0,1,1,0,1824471,1
1173,53188,dscw80,0,0,0,0,0,0,0,0,0,0,0,0,0,0,0,0,0,0,0,0,0,0,1,2,3,3,3,1,2423294,4
1181,41409,dscw80,0,0,0,0,0,0,0,0,1,2,4,7,7,7,9,9,10,10,12,12,14,16,17,17,17,18,18,0,58599552,18
1181,52590,dscw80,1,0,0,0,0,0,0,0,0,0,0,0,1,1,1,1,1,1,1,1,1,1,1,1,1,1,1,0,43959,1
1173,45169,dscw80,1,0,0,0,0,0,0,0,0,0,1,2,2,2,2,3,3,3,3,3,3,3,3,3,3,3,3,0,12063738,3
1173,46626,dscw80,1,0,0,0,0,0,2,4,5,6,6,6,6,7,8,10,10,10,10,10,10,10,10,10,10,10,10,0,661959,10
1173,50298,dscw80,1,0,0,0,3,5,6,7,11,11,13,16,18,20,21,23,25,27,27,28,28,31,34,39,40,40,41,0,29551447,41
1173,44035,dscw80,1,0,0,1,10,40,91,146,198,234,270,285,311,327,351,365,377,390,395,402,410,437,453,462,464,468,471,3,808971813,474
1173,51174,dscw80,1,0,0,0,0,0,0,0,0,0,1,1,5,9,15,15,17,19,20,20,20,28,30,31,33,33,34,0,40829049,34
1173,52978,dscw80,1,0,0,0,2,4,8,10,14,14,16,16,16,18,20,23,23,23,23,23,24,27,28,30,30,31,31,0,14546769,31
1173,41409,dscw80,0,0,0,0,0,0,0,0,0,0,0,2,4,5,6,9,9,11,11,11,14,21,22,23,24,24,24,0,123966585,24
1173,51906,dscw80,1,0,0,0,0,0,6,8,10,13,15,16,17,19,20,21,21,24,25,25,26,28,29,30,30,30,30,0,142397325,30
1173,52590,dscw80,1,0,0,2,29,91,144,181,209,230,255,269,286,295,302,314,320,321,327,333,338,361,368,373,376,380,383,2,768576483,385
1181,38220,dscw80,1,1,2,2,2,4,4,4,4,4,4,4,4,4,4,4,4,4,4,4,4,4,5,5,5,5,5,0,134241,5
1181,50463,dscw80,0,0,0,0,0,0,0,0,1,1,1,1,1,2,2,2,2,2,3,3,3,4,5,5,6,6,6,0,8615344,6
1181,52262,dscw80,0,0,0,0,0,0,0,1,1,1,1,1,1,1,1,1,1,1,1,1,1,1,1,1,1,1,1,0,6829521,1
1173,44737,dscw80,1,0,0,0,0,0,0,0,0,0,0,0,1,2,2,2,2,2,2,2,2,2,2,2,2,2,2,0,256188,2
1173,47733,dscw80,0,0,0,0,0,0,0,0,0,0,0,0,0,0,0,0,1,1,1,1,1,2,2,2,2,2,2,0,996578,2
1181,45169,dscw80,0,0,0,0,0,0,0,0,0,0,0,0,0,1,1,1,1,1,1,1,1,1,2,2,2,2,2,0,6224712,2
1173,50463,dscw80,0,0,0,1,2,16,33,58,77,102,115,143,169,193,217,242,263,275,292,302,317,396,427,449,462,466,469,1,1255521271,470
1181,49257,dscw80,0,0,0,0,1,1,2,2,4,7,7,8,9,10,10,10,10,10,11,11,11,12,13,16,17,17,17,0,30542547,17
1181,37241,dscw80,0,1,8,9,11,14,16,17,18,18,18,19,19,19,19,22,23,24,24,25,25,30,33,39,39,41,45,5,54757892,50
1181,49440,dscw80,0,0,0,0,0,0,0,0,0,0,0,0,0,0,0,0,1,1,1,1,1,1,1,1,1,1,1,0,128817,1
1173,41408,dscw80,0,0,0,0,0,0,0,0,0,0,0,0,0,0,0,1,2,3,4,4,4,5,6,6,6,6,6,0,5867153,6
1181,52559,dscw80,0,0,0,0,0,0,0,0,0,0,0,0,0,0,0,0,0,0,0,0,0,0,0,1,1,1,1,0,130038,1
1181,49158,dscw80,1,6,9,10,13,19,24,24,28,32,34,36,37,41,43,45,47,50,54,55,56,60,63,66,69,69,72,2,39593550,74
1173,49440,dscw80,0,0,0,0,0,0,0,0,0,0,0,2,3,3,3,4,5,5,6,7,7,9,9,9,9,9,9,0,24042662,9
1181,48590,dscw80,1,0,0,1,1,1,1,1,1,1,1,2,2,2,2,2,2,2,2,2,2,2,2,2,2,2,2,0,259479,2
1173,50535,dscw80,0,0,0,0,0,0,0,0,0,0,0,0,0,0,0,0,0,0,0,0,0,0,0,2,2,2,2,0,3318202,2
1173,47632,dscw80,0,0,0,0,0,0,0,0,0,0,0,0,0,0,0,0,0,0,1,1,1,1,1,1,1,1,1,0,131381,1
1173,49054,dscw80,1,0,0,0,0,0,0,0,0,1,1,1,1,1,1,1,1,1,1,1,1,1,1,1,1,1,1,0,34184,1
1181,53188,dscw80,1,0,6,27,37,48,56,62,66,69,74,75,75,75,77,81,83,83,83,83,84,89,91,95,96,97,98,0,175570840,98
1181,39888,dscw80,0,0,0,0,0,0,0,0,0,0,1,1,1,1,1,1,1,2,2,2,2,3,3,3,3,3,3,0,264988,3
1173,49429,dscw80,1,0,0,0,0,0,0,0,0,0,1,1,3,3,4,4,4,4,4,4,4,4,4,5,5,5,5,0,21708775,5
1173,47853,dscw80,0,0,0,0,0,0,0,0,0,0,0,0,0,0,1,2,7,13,14,18,18,32,38,44,46,46,47,0,163146670,47
1181,49634,dscw80,1,0,0,2,7,10,10,10,10,10,10,10,10,10,10,10,10,11,11,11,11,11,11,11,11,11,11,0,12781929,11
1181,50298,dscw80,0,0,0,0,1,1,1,1,1,1,1,1,1,1,1,1,1,1,1,1,1,1,1,1,1,1,1,0,131342,1
1181,41187,dscw80,0,0,0,0,1,2,5,7,8,10,10,11,12,12,13,13,13,13,13,15,15,17,17,19,20,21,23,0,11476236,23
1181,44035,dscw80,0,0,0,0,0,0,0,0,0,0,0,0,0,0,0,0,1,1,1,1,1,3,4,7,9,9,9,0,7589718,9
1181,51174,dscw80,0,0,0,0,0,0,0,0,0,0,0,0,0,0,1,1,1,1,1,1,1,1,2,2,4,4,4,0,3301417,4
1181,52978,dscw80,0,0,0,0,0,0,0,0,0,0,0,0,0,0,0,0,1,1,1,1,1,1,1,1,1,1,1,0,480126,1
1181,41409,dscw80,1,0,0,0,0,0,0,1,1,2,2,3,3,3,3,3,3,3,4,4,4,5,5,5,5,5,5,0,713403,5
1181,52590,dscw80,0,0,0,0,0,0,0,0,0,0,0,0,0,1,1,1,1,1,1,1,1,1,1,1,1,1,1,0,44013,1
1173,45169,dscw80,0,0,0,0,0,0,0,1,1,1,2,2,2,3,3,4,4,4,5,5,5,10,13,14,14,14,14,0,38188068,14
1173,46626,dscw80,0,0,0,0,0,0,3,9,17,24,31,36,40,43,47,52,54,58,61,61,64,80,90,96,97,98,100,0,300004592,100
1173,50298,dscw80,0,0,0,0,1,1,2,5,9,14,23,32,41,53,62,68,72,79,85,90,99,139,153,166,172,173,176,0,504312648,176
1181,51472,dscw80,0,0,0,0,0,0,1,1,1,1,2,2,2,3,3,3,3,3,3,3,3,4,4,4,4,4,4,0,2077724,4
1173,44035,dscw80,0,0,0,0,1,11,36,76,157,244,322,425,525,610,695,779,835,886,931,981,1028,1274,1392,1491,1530,1555,1582,4,4091220330,1586
1173,51174,dscw80,0,0,0,0,0,0,0,0,0,0,0,5,10,16,26,38,50,51,57,62,65,79,87,97,100,103,107,0,215500623,107
1173,52978,dscw80,0,0,0,0,1,5,13,23,32,44,52,59,65,67,72,75,79,82,85,86,88,95,103,110,113,114,115,0,319179082,115
1173,41409,dscw80,1,0,0,0,0,0,0,0,0,1,3,4,4,4,4,4,4,5,5,5,5,5,5,5,5,5,5,0,20268539,5
1173,51906,dscw80,0,0,0,0,0,0,2,11,16,23,25,32,38,42,45,47,49,54,56,58,61,75,78,82,83,85,86,0,212270969,86
1173,52590,dscw80,0,0,0,0,9,60,128,201,247,292,341,380,427,466,496,520,541,558,570,588,600,683,715,748,765,783,805,3,2251669989,808
1181,38220,dscw80,0,0,0,0,0,0,0,0,0,0,0,0,0,0,0,0,0,0,0,0,0,0,2,2,2,2,2,0,963762,2
1181,50463,dscw80,1,0,0,0,0,0,0,0,0,0,0,0,0,0,0,0,0,0,0,0,0,1,1,1,1,1,1,0,128148,1
1173,51472,dscw80,0,0,0,0,0,0,0,0,0,0,0,0,0,0,0,0,0,0,0,0,1,1,1,1,1,1,1,0,1537188,1
1181,49579,dscw80,0,0,0,0,0,0,0,0,0,0,0,0,0,0,0,0,0,0,0,0,0,1,1,1,1,1,2,0,3730492,2
1173,44737,dscw80,0,0,0,0,0,0,0,1,2,3,3,6,6,7,7,8,9,10,11,11,11,15,17,18,18,19,22,0,36633825,22
1173,46548,dscw80,0,0,0,0,0,0,0,0,0,1,1,1,1,2,4,4,4,4,4,5,5,8,8,8,8,8,9,0,38275297,9
1173,50463,dscw80,1,0,0,0,7,14,21,32,40,44,48,54,66,73,76,79,82,85,91,92,93,109,112,114,115,117,118,0,191136918,118
1173,43302,dscw80,0,0,0,0,0,0,0,0,0,1,1,1,1,1,3,3,3,3,3,3,3,3,3,3,3,3,3,0,5625375,3
1181,49257,dscw80,1,0,0,1,1,2,2,2,2,2,2,2,2,2,3,3,4,4,4,4,4,4,4,4,4,4,4,0,774650,4
