client_metro,region,maprule,is_cache_hit,ttfb_le_5_ms,ttfb_le_10_ms,ttfb_le_15_ms,ttfb_le_20_ms,ttfb_le_25_ms,ttfb_le_30_ms,ttfb_le_35_ms,ttfb_le_40_ms,ttfb_le_45_ms,ttfb_le_50_ms,ttfb_le_55_ms,ttfb_le_60_ms,ttfb_le_65_ms,ttfb_le_70_ms,ttfb_le_75_ms,ttfb_le_80_ms,ttfb_le_85_ms,ttfb_le_90_ms,ttfb_le_95_ms,ttfb_le_100_ms,ttfb_le_150_ms,ttfb_le_200_ms,ttfb_le_300_ms,ttfb_le_400_ms,ttfb_le_500_ms,ttfb_le_1000_ms,ttfb_gt_1000_ms,bytes_sent,requests
1173,41187,dscw80,0,0,0,0,0,0,1,1,1,2,4,5,5,5,5,5,5,5,5,5,5,5,6,6,6,6,6,0,4840777,6
1173,46091,dscw80,0,0,0,0,0,0,0,0,0,1,1,1,1,1,2,3,3,3,3,3,4,11,15,18,18,18,18,0,63623685,18
1173,44737,dscw80,1,0,0,0,0,0,1,1,1,2,3,3,5,6,7,8,8,9,9,9,11,14,15,15,15,15,15,0,19340853,15
1173,41409,dscw80,0,0,0,0,0,0,0,0,0,0,0,0,0,1,4,9,11,16,16,16,17,20,22,25,26,26,26,0,71270584,26
1181,37241,dscw80,0,0,2,6,7,8,9,11,11,13,15,20,29,36,47,55,63,70,75,81,86,119,132,144,147,148,148,1,415058020,149
1181,45983,dscw80,0,0,0,0,0,0,0,0,0,0,0,0,0,0,0,0,1,1,1,2,2,7,7,7,7,7,7,0,16499192,7
1181,52262,dscw80,1,0,0,0,0,0,0,0,0,0,0,0,0,0,1,1,1,1,1,1,1,1,1,1,1,1,1,0,527098,1
1173,44912,dscw80,0,0,0,0,0,3,13,30,49,68,97,117,131,164,178,196,215,233,249,258,272,352,395,436,450,458,466,10,1117718487,476
1173,51174,dscw80,1,0,0,0,0,0,0,0,0,1,2,2,2,2,2,4,5,6,7,10,11,12,13,13,14,14,15,0,51619285,15
1181,50566,dscw80,1,0,0,0,0,0,0,0,0,0,0,0,0,0,0,0,0,0,0,0,0,1,1,1,1,1,1,0,2577,1
1173,49158,dscw80,1,0,0,0,0,0,0,0,0,0,0,0,0,0,0,0,0,0,0,0,0,0,0,0,0,1,1,0,7880287,1
1181,48590,dscw80,1,0,0,0,0,2,2,2,2,2,2,2,2,2,2,2,2,2,2,3,5,5,5,5,5,5,5,0,8248134,5
1181,52590,dscw80,0,0,0,0,0,0,0,0,1,1,1,1,1,3,4,6,10,13,14,16,18,24,26,27,27,28,30,0,50750958,30
1173,43663,dscw80,0,0,0,0,0,1,2,8,13,28,38,52,56,66,79,90,99,108,114,118,120,160,174,181,184,187,191,1,552608839,192
1173,44738,dscw80,0,0,0,0,0,0,0,5,11,15,21,34,43,61,81,95,115,132,152,172,190,300,334,374,392,396,400,1,985441550,401
1173,46548,dscw80,0,0,0,0,0,0,1,1,5,9,13,17,19,22,25,25,28,30,35,35,38,45,46,50,54,54,55,0,116614633,55
1173,49634,dscw80,0,0,0,0,0,0,0,0,0,0,0,0,0,0,0,1,1,1,1,2,2,2,2,2,2,2,2,0,423987,2
1173,39272,dscw80,0,0,0,0,0,0,0,0,0,0,0,0,0,0,0,0,0,0,1,1,2,10,14,15,17,17,17,0,13383758,17
1173,42863,dscw80,0,0,0,0,0,0,0,0,0,0,0,0,2,4,5,6,6,11,14,16,18,32,37,43,47,47,48,0,82132639,48
1173,44080,dscw80,0,0,0,0,0,0,0,0,0,0,0,0,1,2,3,3,3,3,3,3,3,4,4,4,4,4,4,0,637495,4
1173,43302,dscw80,0,0,0,0,0,0,0,0,1,2,3,5,6,9,9,11,11,11,11,11,11,12,12,12,13,13,13,0,62328616,13
1173,49440,dscw80,0,0,0,0,0,0,0,0,0,0,0,0,2,5,5,11,14,17,22,27,27,34,38,46,49,51,52,1,101456359,53
1173,52978,dscw80,0,0,0,0,0,5,30,79,119,171,229,294,363,441,531,612,674,739,804,851,909,1249,1409,1562,1638,1676,1744,28,4133652588,1772
1181,53419,dscw80,1,3,3,4,4,5,5,5,6,6,6,7,8,8,8,8,8,8,8,8,8,8,8,8,8,8,8,0,11143670,8
1173,51281,dscw80,0,0,0,0,0,0,0,0,0,0,0,0,0,0,0,0,0,1,1,1,1,1,1,1,1,1,1,0,131233,1
1173,50463,dscw80,0,0,0,0,0,1,5,19,36,70,98,122,148,178,208,235,248,272,291,314,334,481,554,627,661,676,690,8,1577104842,698
1173,52590,dscw80,1,0,0,1,14,50,85,113,134,161,177,190,211,225,237,248,257,267,275,281,288,310,317,326,329,331,331,4,412291158,335
1173,51472,dscw80,0,0,0,0,0,0,0,0,0,0,0,0,0,0,0,0,0,0,0,0,0,1,2,2,3,3,3,0,263638,3
1173,49054,dscw80,0,0,0,0,0,0,0,0,0,0,0,0,2,2,4,4,4,4,4,4,4,5,5,5,5,5,5,0,9549545,5
1181,41409,dscw80,0,0,0,0,2,2,3,4,4,6,7,8,11,11,11,11,11,11,13,13,13,16,18,19,19,19,19,2,31494044,21
1181,41362,dscw80,0,0,0,0,0,0,0,0,0,0,0,0,0,0,0,0,0,1,1,1,1,1,1,1,1,1,1,0,258195,1
1181,51174,dscw80,1,0,0,0,0,0,0,0,1,1,1,1,1,1,1,1,1,1,1,1,1,2,2,2,2,2,2,0,385826,2
1181,41187,dscw80,0,0,0,1,2,5,8,11,15,20,25,27,27,30,31,32,32,32,33,33,33,39,43,45,49,51,52,0,89944393,52
1181,49158,dscw80,1,2,30,73,108,169,214,272,326,367,394,421,444,457,480,489,501,508,524,528,535,562,573,582,582,584,586,3,1146081364,589
1173,49579,dscw80,0,0,0,0,0,0,0,0,0,0,0,0,0,0,0,0,0,0,0,0,0,1,2,3,3,3,3,0,9964769,3
1181,38580,dscw80,0,0,0,0,0,0,0,0,0,0,0,0,0,0,0,0,0,1,1,1,1,2,2,3,3,3,3,0,3448727,3
1181,46548,dscw80,0,0,0,0,0,0,0,0,0,0,0,0,0,0,0,0,0,0,1,1,1,1,1,2,2,2,2,0,2350510,2
1181,49634,dscw80,0,0,0,0,0,1,1,2,2,2,3,4,5,5,5,5,5,5,5,5,5,7,9,11,12,12,12,2,40330398,14
1173,45169,dscw80,0,0,0,0,0,0,0,0,0,0,0,0,1,2,4,5,5,5,5,5,5,7,8,11,13,13,13,1,24103247,14
1173,46091,dscw80,1,0,0,0,0,0,0,0,0,0,0,0,0,0,0,1,1,1,1,1,1,2,2,2,2,2,2,0,385736,2
1173,47733,dscw80,0,0,0,0,0,0,0,0,0,0,0,0,0,1,1,4,7,11,13,17,19,35,43,46,47,48,48,1,181627812,49
1173,49110,dscw80,0,0,0,0,0,0,1,1,3,10,14,22,25,38,48,55,61,65,73,82,89,136,165,181,186,188,189,0,463774299,189
1173,51906,dscw80,0,0,0,0,0,0,1,2,4,4,6,9,12,15,19,21,22,26,27,28,30,44,53,65,70,78,84,0,277771310,84
1173,52262,dscw80,0,0,0,0,0,0,0,0,0,0,0,0,0,0,0,0,0,0,0,0,0,1,1,2,2,2,2,0,1143042,2
1181,40557,dscw80,0,0,0,0,0,0,0,0,0,0,0,0,0,0,0,0,1,1,2,3,3,4,6,7,7,7,7,0,14971338,7
1173,49429,dscw80,0,0,0,0,0,0,0,0,0,0,0,0,0,0,0,0,0,0,0,1,1,2,2,3,3,3,3,0,4345363,3
1173,41409,dscw80,1,0,0,0,0,0,0,0,0,0,0,0,0,0,0,0,1,1,2,2,2,5,5,6,6,7,7,0,18402508,7
1173,44035,dscw80,0,0,0,0,0,18,49,112,210,316,414,516,615,729,812,899,979,1041,1109,1162,1210,1606,1816,2045,2144,2195,2247,17,6191723603,2264
1181,37241,dscw80,1,3,3,3,3,3,3,3,4,5,7,12,17,19,25,27,30,32,34,36,37,42,43,45,45,45,45,0,85998198,45
1181,42617,dscw80,0,0,0,0,0,0,0,0,0,0,0,0,0,0,0,0,0,1,1,1,1,1,1,1,1,1,1,0,322804,1
1181,44080,dscw80,0,0,0,0,0,0,0,0,0,0,1,1,1,1,1,1,1,1,1,1,1,1,2,2,2,2,2,0,3080433,2
1181,45983,dscw80,1,0,0,0,0,0,0,0,0,0,0,0,0,0,0,0,0,0,0,0,0,0,0,1,1,1,1,0,1918,1
1173,44912,dscw80,1,0,0,0,5,11,19,28,41,48,50,61,61,68,72,73,75,75,75,76,76,85,85,87,88,88,88,0,151354762,88
1173,48341,dscw80,0,0,0,0,0,0,0,0,0,0,0,1,2,2,2,2,2,3,3,3,3,6,6,8,9,10,10,0,13661342,10
1181,49440,dscw80,0,0,0,0,0,0,0,0,0,1,1,1,1,1,1,1,1,2,3,3,3,3,3,3,3,3,3,1,7958240,4
1181,52978,dscw80,0,0,0,0,0,0,0,0,0,0,0,0,0,0,0,0,0,0,0,0,0,3,3,3,3,3,3,0,259140,3
1181,50463,dscw80,0,0,0,0,0,0,0,0,0,0,0,0,0,0,1,1,1,1,1,1,1,1,1,1,1,1,1,0,43599,1
1181,52590,dscw80,1,0,0,0,0,0,0,0,0,0,0,0,1,2,2,4,4,4,4,4,4,4,4,4,4,4,4,0,969720,4
1173,43663,dscw80,1,0,0,0,0,0,1,4,5,6,7,8,9,12,12,13,15,16,16,16,16,17,19,20,21,21,21,0,29024402,21
1173,44738,dscw80,1,0,0,0,0,1,2,3,3,4,7,12,16,19,19,25,27,30,31,32,37,47,50,51,53,55,55,0,71070026,55
1173,46548,dscw80,1,0,0,0,0,0,0,0,0,0,1,2,3,3,3,3,3,4,4,4,4,4,4,4,4,4,4,0,520461,4
1173,47542,dscw80,0,0,0,0,0,0,0,0,0,0,0,0,0,0,0,0,0,0,0,0,0,0,0,0,1,1,3,0,3329500,3
1173,51571,dscw80,0,0,0,0,0,0,0,0,0,0,0,0,0,0,0,0,0,0,0,0,0,0,0,1,1,1,1,0,258006,1
1181,51472,dscw80,0,0,0,0,0,1,1,2,3,3,3,3,3,4,6,7,9,11,13,15,17,24,27,28,31,32,33,1,48062286,34
1173,39272,dscw80,1,0,0,0,0,0,0,0,0,0,0,0,0,0,0,0,0,1,1,2,2,5,8,8,8,8,8,0,10202968,8
1173,46626,dscw80,0,0,0,0,0,1,6,28,57,97,160,222,288,374,433,510,595,657,733,796,848,1215,1386,1546,1598,1627,1668,31,4299703118,1699
1181,49257,dscw80,0,0,0,0,1,1,3,8,10,10,12,13,13,13,14,14,14,14,14,15,17,18,24,26,28,28,28,1,36214276,29
1173,42863,dscw80,1,0,0,0,0,0,0,0,1,2,2,2,3,3,4,6,7,9,11,12,12,16,18,18,18,18,18,0,961924,18
1173,43302,dscw80,1,0,0,0,0,0,0,0,0,0,0,0,0,1,1,1,1,1,1,1,1,1,1,1,1,1,1,0,11386,1
1173,44737,dscw80,0,0,0,0,0,0,1,1,3,5,6,10,17,21,24,27,30,36,41,43,47,65,82,91,94,94,95,0,316458394,95
1173,49440,dscw80,1,0,0,0,0,0,0,0,0,0,0,0,1,1,1,1,2,4,4,4,4,6,6,6,6,6,6,0,1032622,6
1173,52978,dscw80,1,0,0,0,5,9,18,26,37,46,53,60,74,85,90,102,105,110,121,126,134,154,161,172,176,177,178,2,227544065,180
1181,49579,dscw80,0,0,0,0,0,0,0,0,0,0,0,0,0,0,0,0,0,0,0,0,0,0,0,1,1,1,1,0,1717521,1
1181,50061,dscw80,0,0,0,0,0,0,0,1,1,1,1,2,2,2,2,2,2,2,2,2,2,3,3,3,3,3,3,0,3265791,3
1173,50463,dscw80,1,0,0,0,0,0,3,7,9,11,18,22,26,28,36,39,39,43,43,44,44,52,56,59,59,60,60,1,91787159,61
1181,38974,dscw80,0,0,0,0,0,0,0,0,1,1,1,1,1,1,1,1,1,2,2,2,2,3,3,3,3,3,3,0,334084,3
1181,51906,dscw80,0,0,0,0,0,0,0,0,0,0,0,0,0,0,0,0,0,0,0,0,0,2,2,3,3,3,3,0,7646605,3
1181,52262,dscw80,0,0,0,0,2,2,4,4,6,9,10,10,11,11,11,12,13,13,13,13,14,15,15,16,17,17,17,0,53686005,17
1173,51174,dscw80,0,0,0,0,0,0,0,0,0,1,1,1,3,6,7,9,14,16,21,24,25,41,51,61,62,66,67,0,211661108,67
1173,51472,dscw80,1,0,0,0,0,0,0,0,0,0,0,0,0,0,0,0,0,0,0,0,0,1,1,1,1,1,1,0,6947575,1
1173,47698,dscw80,0,0,0,0,0,0,0,0,0,0,0,0,0,0,0,0,1,1,1,1,1,1,1,1,1,1,1,0,17059,1
1181,36404,dscw80,0,0,0,0,1,1,1,1,1,1,1,1,1,1,1,1,1,1,1,1,1,1,1,1,1,1,1,0,1347,1
1181,41409,dscw80,1,0,0,1,1,1,2,2,2,2,4,4,4,4,4,4,4,4,5,5,6,6,6,7,7,7,7,0,26118575,7
1181,44035,dscw80,0,0,0,0,0,1,1,1,1,1,1,1,1,1,1,1,1,1,1,1,1,1,1,1,1,1,1,0,131730,1
1181,50566,dscw80,0,0,0,0,0,0,0,0,0,0,0,0,1,1,1,1,1,1,1,1,1,2,2,2,2,2,2,0,1053743,2
1181,48590,dscw80,0,0,1,2,4,7,11,14,14,15,16,18,21,22,25,25,26,27,28,28,28,31,33,35,35,35,37,0,49902243,37
1181,41097,dscw80,0,0,0,0,0,2,2,2,2,2,2,2,2,2,2,2,2,2,2,2,2,2,3,3,3,3,3,0,15311581,3
1181,41187,dscw80,1,0,1,1,1,1,1,1,1,2,3,3,3,4,5,5,5,5,5,5,5,5,5,5,5,5,5,0,301913,5
1181,44738,dscw80,1,0,0,0,0,0,0,0,0,0,1,1,1,1,1,1,1,1,1,1,1,1,1,1,1,1,1,0,33014,1
1181,45169,dscw80,0,0,0,0,0,0,0,0,0,0,0,0,0,0,0,0,1,1,1,1,1,1,1,1,1,1,1,0,129375,1
1181,49634,dscw80,1,0,0,0,0,0,0,0,1,1,1,1,3,3,3,4,4,4,4,4,4,4,4,5,6,6,6,0,96411,6
1173,45169,dscw80,1,0,0,0,0,0,0,0,0,2,3,3,3,3,3,3,3,3,3,3,4,5,5,5,5,5,6,0,653165,6
1181,46626,dscw80,0,0,0,0,0,0,0,0,0,0,0,0,0,0,0,0,0,0,0,0,1,4,5,5,6,6,6,1,2396711,7
1173,47733,dscw80,1,0,0,0,0,0,0,0,0,0,0,0,3,4,4,6,6,8,8,8,8,9,10,10,10,10,10,0,16033453,10
1173,49110,dscw80,1,0,0,0,0,0,0,1,4,4,6,8,9,9,10,10,11,11,11,11,12,13,13,13,13,13,13,0,12203472,13
1173,51906,dscw80,1,0,0,0,0,0,0,2,2,4,5,7,9,9,11,12,12,12,13,14,14,16,16,16,16,16,17,0,23519524,17
1181,53419,dscw80,0,0,1,1,3,4,5,9,11,14,16,16,19,22,24,26,28,30,30,30,31,39,42,42,42,42,43,1,86820930,44
1173,44035,dscw80,1,0,0,2,22,52,104,165,231,285,325,355,385,416,438,461,487,503,519,531,540,602,632,648,652,657,661,1,1075662428,662
1181,44080,dscw80,1,0,0,0,0,0,0,0,0,0,0,0,0,1,1,1,1,1,1,1,1,1,1,1,1,1,1,0,128661,1
1181,51799,dscw80,0,0,0,0,0,0,0,0,0,0,0,0,0,0,0,0,0,0,0,0,0,0,0,0,0,0,4,0,602265,4
1173,52590,dscw80,0,0,0,0,11,74,202,317,466,636,778,909,1034,1146,1240,1324,1417,1479,1547,1607,1661,1949,2084,2239,2306,2340,2373,27,6003828677,2400
1173,42794,dscw80,0,0,0,0,0,0,0,0,0,0,0,0,0,0,0,0,0,0,0,0,0,0,0,3,3,3,3,0,7176227,3
1181,51174,dscw80,0,0,0,0,0,0,0,0,0,0,0,1,2,2,2,3,3,3,3,3,3,6,8,10,11,11,12,0,12648759,12
1181,51472,dscw80,1,0,0,0,0,0,0,0,0,0,0,0,0,0,0,0,1,2,2,2,3,3,4,4,4,4,4,0,2523773,4
1173,46626,dscw80,1,0,0,0,0,6,20,40,76,104,128,165,184,214,240,274,286,303,320,334,346,406,425,450,462,469,483,14,786442483,497
1181,47698,dscw80,0,0,0,0,0,0,0,0,0,1,1,1,1,1,1,1,1,1,2,2,2,2,2,2,2,2,2,0,2908976,2
1181,49158,dscw80,0,0,14,65,118,191,283,367,476,579,644,727,789,834,866,900,943,972,994,1021,1043,1160,1226,1285,1310,1319,1336,6,3441727939,1342
1181,53188,dscw80,0,0,0,0,0,0,0,0,0,0,0,1,1,2,3,3,3,3,3,3,3,4,4,4,4,4,4,0,13645543,4
