client_metro,region,maprule,is_cache_hit,ttfb_le_5_ms,ttfb_le_10_ms,ttfb_le_15_ms,ttfb_le_20_ms,ttfb_le_25_ms,ttfb_le_30_ms,ttfb_le_35_ms,ttfb_le_40_ms,ttfb_le_45_ms,ttfb_le_50_ms,ttfb_le_55_ms,ttfb_le_60_ms,ttfb_le_65_ms,ttfb_le_70_ms,ttfb_le_75_ms,ttfb_le_80_ms,ttfb_le_85_ms,ttfb_le_90_ms,ttfb_le_95_ms,ttfb_le_100_ms,ttfb_le_150_ms,ttfb_le_200_ms,ttfb_le_300_ms,ttfb_le_400_ms,ttfb_le_500_ms,ttfb_le_1000_ms,ttfb_gt_1000_ms,bytes_sent,requests
1181,37241,dscw80,1,4,5,5,5,7,7,9,13,14,16,18,19,20,23,26,29,32,33,33,34,40,44,46,47,47,48,0,64627983,48
1173,44738,dscw80,0,0,0,0,0,0,0,0,2,2,2,4,5,8,11,15,15,18,22,24,25,41,46,50,52,54,54,9,111271492,63
1173,49110,dscw80,0,0,0,0,0,0,0,0,0,0,0,0,0,0,0,0,1,1,2,2,2,3,3,4,4,4,4,0,4086167,4
1181,41187,dscw80,1,0,0,1,1,1,1,2,2,3,3,3,3,4,4,4,4,4,4,4,4,4,4,4,4,4,4,0,9016014,4
1181,48590,dscw80,0,0,0,5,6,7,9,9,11,13,18,19,21,22,22,22,22,22,22,22,22,25,25,27,27,27,27,0,49574562,27
1181,49634,dscw80,0,0,0,0,2,4,8,10,12,16,19,22,25,27,28,28,32,33,34,36,37,42,45,45,46,47,47,0,141638843,47
1173,45169,dscw80,0,0,0,0,0,0,0,0,0,0,0,0,0,0,0,0,0,1,1,1,2,4,5,7,8,8,9,0,10373471,9
1173,50298,dscw80,0,0,0,0,0,0,0,0,0,0,0,0,0,0,0,0,0,0,0,0,0,1,1,1,2,3,3,0,32858647,3
1173,52590,dscw80,1,0,0,2,10,32,53,77,91,109,123,138,148,156,164,171,178,184,186,188,190,210,213,219,222,223,225,0,339663413,225
1181,51174,dscw80,1,0,0,0,0,0,0,0,1,1,1,1,1,1,1,1,1,1,1,1,1,1,1,1,1,1,1,0,856071,1
1173,46626,dscw80,1,0,0,0,0,2,8,18,29,41,46,63,77,86,101,120,129,140,149,157,160,194,203,206,207,207,212,3,284300331,215
1181,44737,dscw80,0,0,0,0,0,0,0,0,0,0,0,0,0,0,0,0,0,1,1,1,2,3,3,3,3,3,3,0,12254012,3
1181,47698,dscw80,0,0,0,0,0,0,0,0,0,0,0,0,0,0,0,0,0,0,1,1,1,1,1,1,2,2,2,0,5443694,2
1181,49257,dscw80,1,0,0,0,0,0,0,0,0,0,0,0,2,2,2,2,2,2,2,2,2,2,2,2,2,2,2,0,6738702,2
1173,46091,dscw80,0,0,0,0,0,0,0,0,0,0,0,0,0,0,0,0,0,1,1,1,1,1,2,2,2,2,2,0,5283,2
1181,45462,dscw80,0,0,0,0,0,0,0,0,0,0,0,0,0,0,0,0,0,0,0,0,0,0,3,3,3,3,3,0,6476514,3
1181,51906,dscw80,0,0,0,0,0,0,0,0,0,0,0,0,0,0,0,0,0,0,0,1,2,8,8,11,12,15,16,2,18430417,18
1181,52559,dscw80,0,0,0,0,0,0,0,0,0,0,0,0,1,2,2,2,2,2,2,2,2,3,3,3,3,3,3,0,5217585,3
1181,52978,dscw80,0,0,0,0,0,0,0,0,0,0,0,1,2,2,4,5,8,13,15,16,18,22,33,36,37,38,40,0,41741959,40
1181,41409,dscw80,0,0,0,0,0,0,0,1,2,4,5,6,8,10,10,12,14,15,15,16,16,17,21,22,22,22,23,0,47792328,23
1181,50566,dscw80,0,0,0,0,0,0,0,0,0,0,0,0,0,0,1,2,2,2,2,2,2,2,2,2,2,2,2,0,7971257,2
1181,53419,dscw80,1,1,1,8,35,107,170,219,261,288,310,329,345,354,360,363,369,374,379,383,386,400,412,417,421,423,424,0,727320445,424
1173,44035,dscw80,1,0,0,1,8,16,28,48,68,83,97,115,127,132,139,147,149,154,159,161,162,175,180,185,185,186,186,0,474405544,186
1181,38580,dscw80,0,0,0,0,0,0,0,0,3,4,4,4,5,5,5,6,6,7,7,7,7,8,8,8,9,9,9,0,16561310,9
1181,39888,dscw80,0,0,0,0,0,0,0,0,0,0,0,0,1,1,1,1,2,2,2,2,2,2,2,2,3,3,3,0,4501337,3
1173,49634,dscw80,0,0,0,0,0,0,0,0,0,0,0,1,2,2,3,3,3,3,5,5,6,10,13,15,15,15,15,0,49316708,15
1181,36533,dscw80,0,0,0,0,0,0,0,0,0,0,0,0,0,0,0,0,0,0,0,0,0,3,4,6,6,6,6,0,13820370,6
1181,38974,dscw80,0,0,0,0,0,0,0,0,0,0,0,1,1,1,1,1,1,1,1,1,1,1,2,3,3,3,3,0,878904,3
1181,51472,dscw80,1,0,0,0,0,0,0,0,1,2,2,2,2,3,3,4,4,4,5,5,5,9,9,10,11,11,12,0,10470441,12
1173,44912,dscw80,1,0,0,0,2,3,10,11,19,23,28,40,47,51,51,52,57,61,63,63,65,71,71,75,75,75,75,0,119595351,75
1173,47733,dscw80,0,0,0,0,0,0,0,0,0,0,0,0,1,2,3,4,4,5,8,9,9,18,21,24,26,26,27,0,78177198,27
1173,51174,dscw80,1,0,0,0,0,0,0,1,1,2,2,2,2,2,3,5,5,5,5,5,5,6,6,6,6,6,6,0,5652720,6
1181,42794,dscw80,0,0,0,0,0,0,0,0,0,0,0,0,0,0,0,0,0,0,0,0,0,0,0,1,1,1,1,0,128118,1
1173,44737,dscw80,0,0,0,0,0,0,1,2,5,10,15,20,38,59,91,118,143,176,195,216,238,386,440,502,523,530,537,1,1317833921,538
1173,47698,dscw80,0,0,0,0,0,0,0,0,0,0,0,0,0,2,3,3,3,6,8,9,10,23,27,33,36,36,36,0,173040504,36
1181,44636,dscw80,0,0,0,0,0,0,0,0,0,0,0,0,0,0,0,0,0,0,0,0,0,1,2,3,3,3,3,0,9743901,3
1181,49158,dscw80,1,1,33,93,138,182,221,265,307,336,361,376,391,409,425,433,441,451,456,460,467,504,516,519,521,522,524,0,987073988,524
1181,50061,dscw80,0,0,0,0,0,0,0,0,0,1,1,1,1,1,1,1,1,1,1,1,1,1,1,1,1,1,1,0,2081,1
1173,47632,dscw80,0,0,0,0,0,0,0,0,0,0,0,0,0,0,0,0,0,0,0,0,0,1,1,1,2,2,2,0,3706070,2
1173,39272,dscw80,0,0,0,0,0,0,0,0,0,0,0,0,0,0,0,0,0,0,0,0,0,3,5,6,7,7,8,0,32265704,8
1173,51906,dscw80,0,0,0,0,0,0,1,2,10,20,28,36,41,55,62,73,85,95,100,107,118,175,198,246,266,281,296,4,731268263,300
1181,49440,dscw80,1,0,0,0,0,0,0,0,1,1,2,2,2,2,2,3,3,3,3,3,3,3,3,3,3,3,3,0,581225,3
1173,46321,dscw80,0,0,0,0,0,0,0,0,2,2,2,3,3,4,4,4,4,4,4,4,4,4,4,5,6,6,6,0,29390491,6
1173,52978,dscw80,0,0,0,0,1,18,55,101,143,202,257,339,423,513,609,695,777,852,919,983,1032,1388,1540,1675,1741,1771,1816,24,3821488178,1840
1181,49926,dscw80,0,0,0,0,0,0,0,0,0,0,0,0,0,0,0,0,0,0,0,0,0,1,1,1,1,1,1,0,3830689,1
1173,41409,dscw80,0,0,0,0,0,0,0,0,0,0,0,0,0,1,4,8,10,11,11,13,14,19,22,23,23,25,25,0,51350109,25
1181,52590,dscw80,0,0,0,0,0,0,0,0,0,0,0,0,0,1,2,3,7,12,13,15,16,29,31,37,38,41,41,0,56338042,41
1173,46548,dscw80,1,0,0,0,0,2,4,6,6,6,7,7,8,8,8,8,8,8,8,8,8,8,9,9,9,9,9,0,19954369,9
1181,46626,dscw80,0,0,0,0,0,0,0,0,0,0,0,0,0,0,0,0,2,3,4,4,4,4,4,4,4,4,5,0,713669,5
1181,52262,dscw80,0,0,0,0,1,1,1,6,7,9,12,12,12,14,15,16,16,16,18,18,18,22,24,26,26,28,30,1,112801721,31
1173,38974,dscw80,0,0,0,0,0,0,0,0,0,0,0,2,3,3,4,4,4,5,5,5,5,5,7,8,9,11,12,0,21070356,12
1173,49429,dscw80,1,0,0,0,0,0,0,0,0,1,1,1,1,1,1,1,1,1,1,1,1,1,1,1,1,1,1,0,121580,1
1173,49158,dscw80,1,0,0,0,0,0,0,0,1,1,1,1,1,1,1,1,1,1,1,1,1,2,2,2,2,2,2,0,452522,2
1181,37241,dscw80,0,0,5,18,19,28,32,36,38,41,48,51,61,71,79,89,93,98,108,116,122,156,182,194,200,200,201,0,532643813,201
1173,43663,dscw80,1,0,0,0,0,2,11,29,49,61,66,73,77,84,89,89,92,93,95,96,99,106,113,114,115,117,119,4,171685010,123
1173,50463,dscw80,1,0,0,0,0,0,0,0,0,0,0,0,0,0,1,1,1,1,1,1,1,1,1,1,1,1,1,0,32980,1
1181,40557,dscw80,0,0,0,0,0,0,0,0,0,0,0,0,0,0,0,0,0,0,0,0,0,0,0,0,1,2,2,0,259840,2
1173,49440,dscw80,1,0,0,0,0,0,1,6,7,7,11,21,34,49,59,69,74,80,88,94,98,124,137,147,152,153,157,3,241034542,160
1181,41187,dscw80,0,0,0,0,0,3,5,7,7,9,11,12,14,15,17,20,21,23,23,23,24,28,29,29,29,29,29,0,74838779,29
1181,44035,dscw80,0,0,0,0,0,1,1,1,1,1,2,2,2,2,2,2,2,2,3,3,3,3,3,3,3,3,3,0,5375093,3
1173,44738,dscw80,1,0,0,0,0,0,0,0,0,0,1,2,3,3,4,4,4,4,4,5,5,5,5,5,5,5,5,5,474633,10
1173,52590,dscw80,0,0,0,1,17,71,180,286,383,513,613,699,784,852,903,953,1004,1052,1096,1131,1168,1362,1437,1503,1541,1564,1587,19,4553056213,1606
1181,51174,dscw80,0,0,0,0,0,0,0,0,0,0,1,1,1,2,2,3,3,3,3,3,3,4,5,9,11,13,16,0,33045860,16
1173,46148,dscw80,0,0,0,0,0,0,0,0,0,0,0,0,0,0,0,0,0,0,0,1,1,1,1,1,1,1,1,0,138244,1
1173,46626,dscw80,0,0,0,0,0,0,1,6,27,45,62,85,117,143,185,217,261,302,335,365,402,641,731,808,853,875,899,19,2401829275,918
1173,52262,dscw80,0,0,0,0,0,0,0,0,0,0,0,0,0,0,0,0,0,0,0,2,3,7,8,8,9,9,10,0,36443953,10
1181,49257,dscw80,0,0,0,0,1,3,7,12,15,17,21,23,26,27,29,30,32,32,33,34,35,39,42,43,43,43,44,0,170104619,44
1181,35540,dscw80,0,0,0,0,0,0,0,0,0,0,0,0,0,0,0,1,1,2,2,2,3,3,3,3,3,4,4,0,6969559,4
1181,47632,dscw80,0,0,0,0,0,0,0,0,0,0,0,0,0,0,0,0,0,0,0,0,1,1,1,1,1,1,1,0,128241,1
1181,48590,dscw80,1,0,1,1,1,1,2,2,2,3,3,3,3,3,3,3,3,3,3,3,3,4,4,4,4,4,4,0,3440741,4
1181,49634,dscw80,1,0,0,0,0,0,3,5,6,8,8,8,10,10,11,11,11,11,11,11,13,13,13,13,13,13,13,0,16342418,13
1173,45169,dscw80,1,0,0,0,0,0,0,0,0,0,1,1,1,1,1,2,3,4,5,5,5,5,5,5,5,5,5,0,1033846,5
1173,50298,dscw80,1,0,0,0,0,0,0,0,0,0,0,0,0,0,0,0,0,0,0,0,0,1,1,1,1,1,1,0,257899,1
1181,41408,dscw80,0,0,0,0,0,0,0,0,0,2,2,2,2,2,2,2,3,3,3,3,3,3,3,3,3,3,3,0,4783652,3
1181,53419,dscw80,0,1,10,15,52,155,323,479,588,691,759,840,901,954,990,1024,1046,1074,1095,1110,1125,1241,1304,1350,1371,1378,1384,4,3993591784,1388
1173,44035,dscw80,0,0,0,0,0,7,22,39,79,119,156,184,218,247,273,299,314,328,343,358,370,484,545,594,620,633,649,0,1984358796,649
1181,51472,dscw80,0,0,0,0,0,0,0,0,0,0,2,3,3,6,8,10,12,16,18,24,24,36,41,50,55,58,61,2,80164946,63
1181,51906,dscw80,1,0,0,0,0,0,0,0,0,0,0,0,1,1,1,1,1,2,2,2,2,3,3,3,3,3,3,0,1137921,3
1173,44912,dscw80,0,0,0,0,1,1,3,10,25,39,56,77,87,107,126,143,149,160,170,177,187,248,287,324,343,354,366,3,923554877,369
1173,51174,dscw80,0,0,0,0,0,0,0,0,0,0,1,5,8,9,11,14,18,25,28,37,40,53,60,63,70,72,73,0,208156559,73
1181,52978,dscw80,1,0,0,0,0,0,0,0,0,0,0,0,0,0,0,0,0,0,0,0,0,1,1,1,1,1,1,0,34183,1
1181,41409,dscw80,1,0,0,0,0,0,1,1,1,1,1,1,1,1,1,1,1,1,1,1,1,1,1,1,1,1,1,0,257470,1
1181,49158,dscw80,0,0,15,94,220,339,460,587,704,827,940,1017,1084,1136,1192,1241,1278,1329,1351,1378,1402,1568,1636,1708,1733,1743,1752,3,5093650881,1755
1181,50566,dscw80,1,0,0,0,0,0,0,2,2,2,2,3,3,4,4,4,4,4,4,4,4,4,4,4,4,4,4,0,31445278,4
1181,38580,dscw80,1,0,0,0,0,0,0,0,0,0,0,0,0,0,0,0,0,0,0,0,0,1,1,1,1,1,1,0,3839,1
1181,39888,dscw80,1,0,0,0,0,0,0,0,0,0,0,0,0,0,0,0,0,0,0,0,0,1,1,1,1,1,1,0,257808,1
1173,49634,dscw80,1,0,0,0,0,0,0,0,0,0,0,0,0,0,0,0,0,0,0,0,1,2,2,2,2,2,2,0,989309,2
1181,38974,dscw80,1,0,0,0,0,0,0,0,0,0,1,1,1,1,2,2,2,2,2,2,2,2,2,2,2,2,2,0,318112,2
1173,47733,dscw80,1,0,0,0,0,0,0,0,0,0,0,0,0,0,0,0,1,1,2,2,2,4,4,4,4,4,4,0,997366,4
1181,49440,dscw80,0,0,0,0,0,0,0,0,0,1,1,3,3,3,3,3,3,3,3,3,4,6,6,6,6,6,6,0,23137310,6
1173,44737,dscw80,1,0,0,0,0,0,0,2,5,6,16,24,30,38,46,59,71,73,78,78,82,93,97,100,101,101,101,1,113483575,102
1173,46548,dscw80,0,0,0,0,0,0,1,3,11,14,24,31,36,39,40,46,48,49,51,54,59,69,72,77,79,80,81,0,244522435,81
1181,41984,dscw80,0,0,0,0,0,0,0,0,0,0,0,0,0,0,0,0,1,1,1,1,1,1,1,1,1,1,1,0,4088994,1
1173,39272,dscw80,1,0,0,0,0,0,0,0,0,0,0,0,0,0,0,0,0,0,0,0,0,1,1,1,1,1,1,0,258506,1
1173,51472,dscw80,0,0,0,0,0,0,0,0,0,0,0,0,0,0,0,0,0,0,0,0,0,1,1,1,2,2,2,0,3643948,2
1173,51906,dscw80,1,0,0,0,0,1,2,7,10,10,11,15,17,22,24,26,27,28,30,33,33,38,40,45,49,49,50,0,93480658,50
1173,46321,dscw80,1,0,0,0,0,0,0,0,0,0,0,0,0,0,0,0,1,1,1,1,1,1,1,1,1,1,1,0,131102,1
1173,49429,dscw80,0,0,0,0,0,0,0,0,0,0,0,0,0,1,2,2,2,3,4,4,4,5,8,10,10,10,12,0,32084592,12
1173,52978,dscw80,1,0,0,0,1,8,16,21,24,27,38,46,57,72,82,84,91,94,98,100,104,129,139,145,147,149,150,0,312197002,150
1173,41409,dscw80,1,0,0,0,0,0,0,0,0,0,0,0,0,0,0,0,0,0,0,0,0,1,1,1,1,1,1,0,11272,1
1173,49158,dscw80,0,0,0,0,0,0,0,1,1,1,1,1,1,1,1,1,1,1,1,1,2,3,4,6,6,6,6,0,2968049,6
1181,42617,dscw80,0,0,0,0,0,0,0,0,0,0,0,0,0,0,0,0,0,0,0,0,0,0,0,1,1,1,1,0,2960205,1
1181,50298,dscw80,0,0,0,0,0,0,0,0,0,0,0,0,0,0,0,0,0,0,0,0,0,0,0,0,0,1,2,1,384861,3
1181,52590,dscw80,1,0,0,0,0,0,0,0,0,0,0,0,1,1,1,1,1,1,1,2,2,4,5,6,6,6,6,0,11589908,6
1173,43663,dscw80,0,0,0,0,0,2,9,24,68,125,201,276,337,400,456,494,534,562,606,632,661,800,863,925,945,949,958,6,2317272002,964
1173,50463,dscw80,0,0,0,0,0,1,3,11,18,21,28,33,33,36,37,39,41,43,45,48,52,58,66,72,73,73,75,1,207906459,76
1181,45983,dscw80,0,0,0,0,0,0,0,0,0,0,0,0,0,0,0,0,0,0,0,0,0,1,3,3,3,3,3,0,6332612,3
1181,52262,dscw80,1,0,0,0,0,1,1,1,1,1,1,1,1,1,1,1,1,1,1,1,1,1,1,1,1,1,1,0,128245,1
1173,38974,dscw80,1,0,0,0,0,0,0,0,0,0,0,0,0,0,0,0,0,0,0,0,0,0,0,2,2,2,2,0,129373,2
1173,45004,dscw80,0,0,0,0,0,0,0,0,0,0,0,0,0,0,0,0,0,0,0,0,0,0,0,0,0,0,0,1,13358728,1
1173,49440,dscw80,0,0,0,0,0,0,0,1,7,9,18,29,42,62,84,117,146,174,198,215,237,362,430,476,502,512,526,8,1354234338,534
