client_metro,region,maprule,is_cache_hit,ttfb_le_5_ms,ttfb_le_10_ms,ttfb_le_15_ms,ttfb_le_20_ms,ttfb_le_25_ms,ttfb_le_30_ms,ttfb_le_35_ms,ttfb_le_40_ms,ttfb_le_45_ms,ttfb_le_50_ms,ttfb_le_55_ms,ttfb_le_60_ms,ttfb_le_65_ms,ttfb_le_70_ms,ttfb_le_75_ms,ttfb_le_80_ms,ttfb_le_85_ms,ttfb_le_90_ms,ttfb_le_95_ms,ttfb_le_100_ms,ttfb_le_150_ms,ttfb_le_200_ms,ttfb_le_300_ms,ttfb_le_400_ms,ttfb_le_500_ms,ttfb_le_1000_ms,ttfb_gt_1000_ms,bytes_sent,requests
1173,49110,dscw80,1,0,0,0,0,0,0,1,1,2,2,2,2,4,4,4,6,6,7,8,8,8,8,8,8,8,8,0,30754158,8
1173,44912,dscw80,0,0,0,0,0,0,5,22,37,65,97,125,161,187,212,230,241,259,277,286,298,394,438,476,494,503,512,5,1536877658,517
1181,40557,dscw80,0,0,0,0,0,0,0,0,0,0,0,1,2,2,2,2,2,3,3,3,4,8,10,11,11,11,11,0,42870262,11
1173,45004,dscw80,0,0,0,0,0,0,0,0,0,0,0,0,0,0,0,0,0,0,0,0,0,0,0,1,1,1,4,0,10348806,4
1181,48590,dscw80,0,0,0,2,8,14,22,32,37,47,49,54,62,65,68,70,73,76,76,78,81,99,105,114,116,117,118,1,264290581,119
1181,49158,dscw80,0,0,0,1,2,2,2,3,4,6,8,8,8,8,8,9,9,9,10,11,11,16,17,19,19,19,20,0,17925360,20
1173,42863,dscw80,1,0,0,0,0,0,0,0,0,0,0,0,0,0,0,0,0,0,0,0,1,1,1,1,1,1,1,0,2254,1
1173,43663,dscw80,1,0,0,0,1,3,7,18,37,48,55,67,70,76,78,83,84,88,90,91,92,98,99,100,101,101,103,0,186755032,103
1181,41409,dscw80,1,0,0,0,0,1,1,2,2,2,2,2,2,2,2,2,2,2,2,2,2,2,2,2,2,2,2,0,70065,2
1181,44035,dscw80,0,0,0,0,0,0,0,0,0,0,0,0,0,0,0,0,0,0,0,0,0,1,1,2,2,2,2,0,942272,2
1181,44636,dscw80,0,0,0,0,0,0,0,0,0,0,0,0,1,2,2,2,2,2,3,3,3,3,3,3,3,3,3,0,12262955,3
1181,51472,dscw80,0,0,0,0,0,0,0,1,1,2,3,4,7,8,9,11,12,15,17,21,26,39,52,63,68,72,81,2,163178364,83
1173,45169,dscw80,1,0,0,0,0,0,0,0,0,0,0,0,0,0,0,0,0,1,1,1,1,3,3,3,3,3,3,0,12242143,3
1173,52626,dscw80,0,0,0,0,0,0,0,0,0,0,0,0,0,0,0,0,0,0,0,0,0,0,0,0,0,0,1,0,8093,1
1181,49634,dscw80,0,0,0,0,1,2,2,3,7,10,12,14,17,17,19,22,24,25,25,25,25,34,35,36,39,39,39,1,110858453,40
1181,53419,dscw80,1,11,18,33,93,255,413,524,620,686,738,780,809,844,865,892,911,927,938,947,958,1008,1024,1044,1045,1047,1050,2,1838880346,1052
1173,44035,dscw80,1,0,0,1,14,35,72,105,143,175,203,220,234,253,272,292,306,326,337,352,367,420,439,452,457,463,465,3,835296586,468
1173,49429,dscw80,0,0,0,0,0,0,0,0,0,0,1,2,3,4,5,5,6,7,8,8,9,15,18,21,22,22,22,0,60011494,22
1173,51174,dscw80,0,0,0,0,0,0,0,0,0,1,1,1,3,3,5,7,11,12,17,19,22,37,49,56,64,69,71,2,154357811,73
1173,49634,dscw80,1,0,0,0,0,0,0,0,0,0,0,0,0,0,0,1,1,3,3,6,6,7,7,7,8,8,9,0,20272646,9
1173,43302,dscw80,0,0,0,0,0,0,0,0,0,1,1,1,1,1,1,2,2,2,2,2,4,8,11,13,13,13,13,1,22065530,14
1173,44912,dscw80,1,0,0,1,3,11,22,27,34,40,45,50,55,58,61,66,66,73,76,78,80,89,93,94,94,94,94,1,196751527,95
1173,38974,dscw80,0,0,0,0,0,0,0,0,0,0,1,1,1,2,3,3,3,3,3,4,4,7,10,10,10,12,13,0,34187604,13
1173,46091,dscw80,0,0,0,0,0,0,0,0,0,0,0,0,0,0,2,6,8,9,10,11,11,27,38,55,58,60,61,0,223924306,61
1173,51906,dscw80,0,0,0,0,0,0,1,2,6,11,15,21,22,27,32,36,42,50,57,62,66,106,128,154,167,175,189,1,574413493,190
1181,46563,dscw80,0,0,0,0,0,0,0,0,0,0,0,0,0,0,0,0,0,1,1,1,1,1,1,1,1,1,1,0,2894874,1
1181,48590,dscw80,1,0,2,4,5,6,7,9,9,11,11,13,13,13,13,13,13,14,14,14,14,14,14,14,14,14,14,0,12597266,14
1181,49158,dscw80,1,0,0,0,0,1,3,3,3,3,3,3,3,3,3,3,3,3,3,3,3,3,3,3,3,3,3,1,714792,4
1173,46548,dscw80,0,0,0,0,0,0,1,8,12,20,26,31,37,41,44,50,52,53,55,57,60,76,79,84,86,87,87,0,248629325,87
1181,49257,dscw80,0,0,0,0,8,12,14,18,22,25,26,27,29,31,33,36,38,41,42,43,43,49,52,54,56,56,58,0,173463268,58
1173,46321,dscw80,0,0,0,0,0,0,0,0,1,1,1,2,3,3,3,3,3,3,3,4,5,6,6,6,6,6,6,0,9767969,6
1181,41118,dscw80,0,0,0,0,0,0,0,0,0,0,0,0,0,1,1,1,2,2,2,2,2,4,4,4,4,4,4,0,4973121,4
1173,50298,dscw80,0,0,0,0,0,0,0,0,0,1,3,3,4,4,4,4,4,5,6,7,7,12,14,16,16,16,17,0,16215039,17
1181,44035,dscw80,1,0,0,0,0,0,0,0,0,0,0,0,1,1,1,1,1,1,1,1,2,2,2,2,2,2,2,0,2325008,2
1181,51174,dscw80,0,0,0,0,0,0,0,0,1,2,2,2,2,3,3,3,4,4,4,4,4,6,6,8,9,11,11,0,43763421,11
1181,51472,dscw80,1,0,0,0,0,0,0,0,1,1,1,3,4,4,6,6,7,7,7,7,7,10,12,15,15,15,16,1,9705523,17
1181,41187,dscw80,0,0,0,0,0,1,3,5,5,5,5,5,5,5,6,6,6,7,7,7,7,8,11,13,13,13,13,0,23487447,13
1181,49634,dscw80,1,0,0,2,4,6,8,8,10,10,11,11,11,11,13,13,14,14,14,14,14,15,16,16,16,16,16,0,23267670,16
1173,44737,dscw80,0,0,0,0,0,0,0,1,2,2,4,5,7,11,16,25,28,30,33,35,37,58,63,74,76,79,79,0,326332401,79
1181,44912,dscw80,0,0,0,0,0,0,0,0,0,0,0,0,0,0,0,0,0,0,0,0,0,1,1,1,1,1,1,0,10703,1
1173,49429,dscw80,1,0,0,0,0,0,0,0,0,0,1,2,2,2,2,2,2,2,3,3,3,3,3,3,3,3,3,0,1574042,3
1173,51174,dscw80,1,0,0,0,0,0,0,0,0,0,1,2,2,2,5,6,6,8,9,9,10,11,14,14,14,14,14,0,31204785,14
1173,52262,dscw80,0,0,0,0,0,0,0,0,0,0,0,0,0,0,0,0,0,0,0,0,0,1,2,2,2,2,2,0,14635794,2
1181,51906,dscw80,0,0,0,0,0,0,0,0,0,0,0,0,0,0,0,1,1,2,3,3,3,4,6,6,8,9,9,1,12245334,10
1173,50463,dscw80,0,0,0,0,0,6,15,30,48,67,86,103,119,125,134,144,152,159,160,161,167,195,208,220,229,229,239,0,537528550,239
1173,47698,dscw80,0,0,0,0,0,0,0,0,0,0,0,0,0,0,2,2,3,5,7,8,10,18,23,29,29,29,29,0,63620172,29
1173,52590,dscw80,0,0,0,0,7,73,169,282,395,529,637,738,828,914,995,1063,1142,1187,1232,1282,1334,1615,1719,1815,1854,1883,1921,8,5406539231,1929
1181,35540,dscw80,0,0,0,0,0,0,0,0,0,1,1,1,1,1,1,1,1,1,1,1,1,1,1,1,1,1,1,0,257800,1
1181,42619,dscw80,0,0,0,0,0,0,0,0,0,0,0,0,0,0,0,0,0,0,0,0,0,1,1,1,1,1,1,0,128525,1
1181,44080,dscw80,0,0,0,0,0,0,0,0,0,0,0,0,0,0,0,0,1,1,1,1,1,1,1,1,1,1,1,0,1150164,1
1173,43302,dscw80,1,0,0,0,0,0,0,0,0,0,0,2,2,2,2,2,2,2,2,2,2,2,2,2,2,2,2,0,784572,2
1181,53188,dscw80,0,0,0,0,0,0,0,0,0,0,0,0,2,4,5,5,6,6,7,7,8,12,16,21,22,23,27,1,53445273,28
1173,38974,dscw80,1,0,0,0,0,0,0,0,0,0,0,0,0,1,1,1,1,1,1,1,1,1,1,1,1,1,1,0,2548727,1
1173,46091,dscw80,1,0,0,0,0,0,0,0,0,0,0,0,0,0,0,0,0,0,0,0,1,1,1,2,2,2,2,0,453211,2
1173,51906,dscw80,1,0,0,0,0,2,2,2,4,4,5,5,7,8,8,8,11,11,12,12,13,22,24,25,26,27,28,0,22534453,28
1173,47733,dscw80,0,0,0,0,0,0,0,0,0,0,0,0,0,4,5,8,12,14,22,25,26,42,54,60,62,62,63,0,119716510,63
1173,46548,dscw80,1,0,0,0,0,0,1,1,1,2,2,2,4,4,4,4,4,5,6,6,6,7,7,7,7,7,7,1,32630660,8
1181,49257,dscw80,1,0,0,0,0,0,0,0,1,1,2,2,2,2,2,2,2,2,2,2,2,2,2,3,3,3,3,0,17879361,3
1181,37241,dscw80,0,0,10,24,31,36,37,40,45,52,63,71,86,96,110,124,138,145,153,162,165,211,234,251,261,262,270,1,641590664,271
1173,46321,dscw80,1,0,0,0,0,0,0,0,0,0,0,0,0,0,1,1,1,1,1,1,1,1,1,1,1,1,1,0,1441656,1
1173,49440,dscw80,0,0,0,0,0,0,0,0,0,0,6,15,18,28,43,49,58,73,84,94,107,177,215,241,256,262,274,4,629661224,278
1173,52978,dscw80,0,0,0,0,2,10,34,76,132,186,246,328,420,504,588,675,751,819,880,948,999,1397,1603,1824,1929,1995,2077,28,4998800424,2105
1181,51174,dscw80,1,0,0,0,0,0,0,0,0,0,0,0,0,0,0,0,0,0,0,0,0,1,1,1,1,1,1,0,2018252,1
1181,52262,dscw80,0,0,0,0,0,1,2,2,4,5,8,11,13,14,14,15,15,15,15,15,15,19,20,22,22,23,23,0,35480474,23
1181,41187,dscw80,1,0,0,1,1,1,1,1,1,1,1,1,1,1,1,1,1,1,1,1,1,3,3,3,3,3,3,0,450247,3
1173,44737,dscw80,1,0,0,0,0,0,0,3,5,5,5,5,8,8,9,9,9,9,9,11,14,17,17,17,17,17,17,0,33984195,17
1181,47698,dscw80,0,0,0,0,0,0,0,0,0,0,3,3,3,3,3,3,3,3,3,3,3,3,3,3,3,3,3,0,1784791,3
1181,52590,dscw80,0,0,0,0,0,0,0,0,0,1,1,1,3,4,6,7,11,14,16,17,18,24,26,28,30,30,32,1,54806616,33
1173,41409,dscw80,0,0,0,0,0,0,0,0,0,0,0,0,0,0,1,1,2,2,2,2,3,4,4,4,4,5,5,0,25060969,5
1173,44738,dscw80,0,0,0,0,0,0,0,0,1,1,1,4,13,20,34,49,64,76,91,100,108,159,195,210,219,225,227,0,610902041,227
1173,46626,dscw80,0,0,0,0,0,0,3,8,28,45,84,116,154,197,239,289,335,398,453,493,537,828,955,1052,1087,1102,1118,4,3249212919,1122
1173,49054,dscw80,0,0,0,0,0,0,0,0,0,0,2,3,4,5,5,5,5,5,6,6,7,11,14,16,20,22,30,0,44000225,30
1181,51906,dscw80,1,0,0,0,0,0,0,0,0,1,1,1,1,1,1,1,1,1,1,1,1,1,1,1,1,1,2,0,4227,2
1173,49110,dscw80,0,0,0,0,0,0,0,0,1,3,6,12,15,25,32,41,48,56,60,63,67,111,132,140,145,145,145,0,365808604,145
1173,50463,dscw80,1,0,0,0,1,1,2,5,5,9,9,11,11,11,11,12,14,14,14,14,14,14,16,19,20,20,20,0,22673516,20
1173,47698,dscw80,1,0,0,0,0,0,0,0,0,0,0,0,0,1,1,1,1,1,1,1,1,2,2,3,3,3,3,0,9261300,3
1173,50535,dscw80,0,0,0,0,0,0,0,0,0,0,0,0,0,0,0,0,0,0,0,0,0,0,0,0,0,0,2,1,1466030,3
1173,52590,dscw80,1,0,0,1,18,46,58,99,124,148,172,191,210,225,236,245,253,261,264,268,272,299,306,315,318,318,321,0,446802891,321
1181,53188,dscw80,1,0,0,0,0,0,0,0,0,0,0,0,0,0,0,0,1,2,2,2,2,2,3,5,5,5,6,0,12707393,6
1181,38580,dscw80,0,0,0,0,0,0,0,0,1,1,1,1,1,1,1,2,2,2,2,2,2,2,2,3,3,3,3,0,648136,3
1173,47733,dscw80,1,0,0,0,0,0,0,0,0,0,0,0,3,6,8,8,9,11,11,11,11,13,14,15,15,15,15,0,21763249,15
1181,49440,dscw80,0,0,0,0,0,0,0,0,0,0,2,4,4,5,5,6,6,6,6,6,6,10,10,13,13,13,13,0,10801812,13
1173,42863,dscw80,0,0,0,0,0,0,0,0,0,0,0,0,0,0,0,0,0,0,0,0,0,1,1,1,1,1,1,0,3042,1
1181,37241,dscw80,1,9,11,12,12,12,15,22,24,28,31,37,43,47,47,48,49,50,53,56,56,63,66,67,68,68,69,0,122535219,69
1173,43663,dscw80,0,0,0,0,0,0,1,13,50,120,203,263,326,392,452,517,557,597,627,659,687,859,922,969,993,1005,1015,1,2781832466,1016
1173,48590,dscw80,0,0,0,0,0,0,0,0,0,0,0,0,0,1,1,1,1,2,3,3,4,4,5,5,5,5,5,0,6248461,5
1173,49440,dscw80,1,0,0,0,0,0,0,2,5,5,6,7,11,14,18,19,20,23,25,25,25,38,46,51,54,54,54,0,77967263,54
1173,52978,dscw80,1,0,0,0,0,11,18,26,33,40,49,56,70,82,95,105,117,123,136,143,146,193,206,217,221,223,228,0,431243388,228
1181,41409,dscw80,0,0,0,0,0,0,0,2,2,2,3,7,9,11,12,12,13,13,13,13,13,16,16,20,22,23,23,0,43690890,23
1181,44738,dscw80,0,0,0,0,0,0,0,0,0,0,0,0,0,0,0,0,0,0,1,1,2,3,4,4,4,4,4,0,9972846,4
1181,46626,dscw80,0,0,0,0,0,0,0,0,0,0,0,0,0,0,0,0,2,3,3,4,4,5,7,7,7,7,8,0,3175968,8
1173,45169,dscw80,0,0,0,0,0,0,0,0,0,0,0,0,0,0,0,0,0,0,0,0,0,2,3,4,4,4,4,0,26814240,4
1181,52262,dscw80,1,0,0,0,0,0,0,1,1,1,1,2,2,2,2,2,2,2,2,2,2,3,3,3,3,3,3,0,8814738,3
1181,53419,dscw80,0,0,11,38,105,325,677,989,1276,1511,1717,1889,2009,2143,2213,2319,2394,2456,2516,2555,2595,2915,3075,3221,3272,3305,3326,8,9172481520,3334
1181,52590,dscw80,1,0,0,0,0,0,0,0,0,0,0,0,0,0,2,4,4,4,5,6,6,7,7,8,8,8,8,0,7911398,8
1173,41409,dscw80,1,0,0,0,0,0,0,0,0,0,0,0,0,0,0,0,1,1,1,1,1,2,2,2,2,3,3,0,742028,3
1173,44035,dscw80,0,0,0,0,0,12,39,73,148,235,309,361,426,481,532,573,622,652,701,741,777,1063,1200,1355,1434,1492,1580,12,4623215968,1592
1173,44738,dscw80,1,0,0,0,0,0,1,1,1,1,2,4,6,6,8,8,9,9,11,11,11,12,12,12,12,12,12,0,28927741,12
1173,46626,dscw80,1,0,0,0,0,3,12,19,39,48,65,85,100,114,137,160,173,185,194,209,217,258,273,278,280,281,286,0,531932450,286
1173,49054,dscw80,1,0,0,0,0,0,0,0,0,1,1,1,1,1,1,1,1,1,1,1,1,3,5,5,5,6,9,2,651033,11
1173,51472,dscw80,0,0,0,0,0,0,0,0,0,0,0,0,0,0,0,1,1,1,1,1,1,3,3,6,6,7,7,0,24988842,7
1173,49634,dscw80,0,0,0,0,0,0,0,0,0,0,0,0,0,1,2,2,3,3,5,7,7,20,28,33,34,35,35,0,102891450,35
