client_metro,region,maprule,is_cache_hit,ttfb_le_5_ms,ttfb_le_10_ms,ttfb_le_15_ms,ttfb_le_20_ms,ttfb_le_25_ms,ttfb_le_30_ms,ttfb_le_35_ms,ttfb_le_40_ms,ttfb_le_45_ms,ttfb_le_50_ms,ttfb_le_55_ms,ttfb_le_60_ms,ttfb_le_65_ms,ttfb_le_70_ms,ttfb_le_75_ms,ttfb_le_80_ms,ttfb_le_85_ms,ttfb_le_90_ms,ttfb_le_95_ms,ttfb_le_100_ms,ttfb_le_150_ms,ttfb_le_200_ms,ttfb_le_300_ms,ttfb_le_400_ms,ttfb_le_500_ms,ttfb_le_1000_ms,ttfb_gt_1000_ms,bytes_sent,requests
1181,44035,dscw80,0,0,0,0,1,1,1,1,1,1,1,1,1,1,1,1,1,1,1,1,1,1,1,1,1,1,1,0,128125,1
1181,39888,dscw80,1,0,0,0,0,0,0,0,0,0,0,0,0,0,0,0,0,0,0,0,0,0,1,1,1,1,1,0,410910,1
1173,46548,dscw80,1,0,0,0,0,0,0,0,0,0,0,2,2,2,2,2,2,2,2,2,2,2,2,2,2,2,2,0,9107439,2
1173,49054,dscw80,0,0,0,0,1,1,4,9,11,15,19,20,27,34,37,39,45,48,51,53,57,74,79,83,84,84,86,1,215981571,87
1173,51472,dscw80,0,0,0,0,0,0,0,0,0,0,0,0,0,0,0,0,0,1,1,1,1,5,6,6,6,6,6,0,31312555,6
1173,43302,dscw80,0,0,0,0,0,0,0,0,0,0,0,0,0,0,0,0,0,0,0,0,0,1,2,2,2,2,2,0,2529782,2
1181,49257,dscw80,0,4,4,4,4,5,7,9,10,13,13,13,14,15,15,15,15,15,15,16,16,17,17,18,18,18,18,0,39835664,18
1173,50463,dscw80,0,0,0,0,1,7,18,30,38,49,59,64,76,81,84,86,88,94,97,99,99,125,139,150,157,159,162,2,276802470,164
1173,52590,dscw80,0,0,0,0,1,7,21,37,47,62,76,91,103,110,115,122,130,135,138,141,144,174,182,192,198,198,200,1,627837830,201
1181,46548,dscw80,0,0,0,0,0,0,0,0,0,0,0,0,0,0,0,0,0,0,0,0,0,0,0,1,1,1,1,0,9066735,1
1181,53419,dscw80,0,5,6,6,6,6,6,6,6,7,7,7,7,7,7,7,7,7,7,8,9,11,13,14,14,14,14,0,17786065,14
1173,41409,dscw80,1,0,0,0,0,0,0,0,0,0,0,0,0,0,0,0,0,0,0,0,0,1,1,1,1,1,1,0,257625,1
1173,46626,dscw80,1,0,0,0,0,0,0,0,0,0,1,3,3,3,3,3,3,3,3,3,3,3,3,3,3,3,3,0,303852,3
1173,47853,dscw80,1,0,0,0,0,0,0,0,0,0,0,0,0,0,0,0,0,0,0,0,0,1,1,1,1,1,1,0,257609,1
1173,52978,dscw80,1,0,0,0,1,2,2,4,4,4,4,5,7,7,7,7,9,9,10,11,12,18,20,20,21,22,22,0,11599969,22
1181,49158,dscw80,1,3,7,11,22,37,50,62,71,78,80,84,89,90,91,92,94,95,97,99,100,103,103,105,105,105,108,0,95583208,108
1173,49282,dscw80,1,0,0,0,0,0,0,0,0,0,0,0,0,0,0,0,0,0,0,0,0,0,1,1,1,1,1,0,257938,1
1181,37241,dscw80,0,1,3,8,8,9,10,10,11,12,13,18,23,25,29,30,34,36,39,41,43,58,59,65,67,69,69,0,68301310,69
1181,41409,dscw80,0,0,0,0,0,0,0,4,4,6,8,9,10,12,12,12,12,12,13,13,13,15,15,15,15,15,15,0,88764501,15
1173,51906,dscw80,0,0,0,0,0,0,0,1,3,3,4,4,4,6,6,7,7,8,9,11,12,16,19,20,21,21,22,0,49019261,22
1173,49158,dscw80,0,0,0,0,0,0,0,0,0,0,0,0,0,0,0,1,3,4,4,4,4,4,4,4,4,4,4,0,1257597,4
1173,44912,dscw80,0,0,0,0,0,0,8,17,29,42,54,62,72,89,102,116,123,135,142,153,161,200,227,255,261,267,272,2,599185986,274
1181,49634,dscw80,0,0,0,0,0,0,0,0,0,0,0,0,0,0,0,0,0,0,0,0,0,0,0,0,1,1,1,0,2443365,1
1173,49054,dscw80,1,0,0,0,1,1,1,1,2,3,4,6,6,7,9,10,12,12,12,13,13,16,16,16,17,17,17,0,6942898,17
1181,49257,dscw80,1,0,0,0,1,1,1,2,3,3,3,3,3,3,3,3,3,3,3,3,3,3,3,3,3,3,3,0,519372,3
1173,50463,dscw80,1,0,0,0,1,2,3,3,4,4,7,7,8,8,11,11,11,11,11,11,11,13,13,13,14,14,14,0,4443140,14
1173,50535,dscw80,0,0,0,0,0,0,0,0,0,0,0,0,0,0,0,0,0,0,0,0,0,0,0,0,0,0,0,1,257500,1
1173,52590,dscw80,1,0,0,1,1,3,9,13,16,21,24,25,27,28,30,30,31,32,33,34,34,39,42,43,43,43,43,0,76795449,43
1173,43663,dscw80,0,0,0,0,0,0,0,0,1,1,1,1,3,3,3,3,3,3,3,3,3,3,3,4,5,5,5,0,7443168,5
1173,45169,dscw80,0,0,0,0,0,0,0,0,0,0,1,1,1,1,2,2,2,2,2,2,3,3,4,4,4,4,5,0,15163619,5
1181,51472,dscw80,0,0,0,0,0,0,0,0,1,1,1,1,1,1,1,1,1,2,2,2,2,3,4,6,6,6,8,0,1459385,8
1173,44035,dscw80,0,0,0,0,0,0,2,10,21,36,47,63,81,94,118,131,147,153,169,181,192,281,310,350,378,384,396,2,951199493,398
1173,49110,dscw80,0,0,0,0,0,0,0,0,0,0,1,1,3,5,5,5,5,5,5,5,5,9,11,12,13,14,14,0,56524760,14
1173,49429,dscw80,0,0,0,0,0,0,0,0,0,0,3,6,6,8,10,14,18,22,25,26,29,32,32,37,37,37,38,0,58027613,38
1181,52590,dscw80,0,0,0,0,0,0,0,0,0,0,0,0,0,0,1,1,2,2,2,4,4,6,7,7,8,8,8,0,23774585,8
1181,37241,dscw80,1,3,5,5,6,6,6,6,7,9,10,12,14,15,17,18,21,22,23,23,23,26,27,28,28,28,28,0,27659825,28
1181,41409,dscw80,1,0,0,6,7,8,8,8,8,8,8,8,8,8,8,8,8,8,8,8,8,8,8,8,8,8,8,0,2985906,8
1173,46548,dscw80,0,0,0,0,0,0,0,1,1,3,3,3,4,5,6,6,6,6,6,7,9,13,13,14,14,14,14,0,18210215,14
1173,51906,dscw80,1,0,0,0,0,0,0,1,1,1,2,2,2,2,2,2,2,2,2,2,3,3,3,3,3,3,3,0,260989,3
1173,41409,dscw80,0,0,0,0,0,0,0,0,0,1,3,3,3,6,6,7,7,7,7,7,7,9,9,11,12,12,12,0,22023826,12
1173,46626,dscw80,0,0,0,0,0,0,0,0,0,3,3,3,4,7,7,7,7,7,7,7,7,10,12,12,13,13,13,0,15570335,13
1173,47853,dscw80,0,0,0,0,0,0,0,0,0,0,0,0,1,2,2,2,3,5,6,6,6,7,9,11,11,11,11,0,8376461,11
1173,52978,dscw80,0,0,0,0,0,2,3,6,10,11,17,28,38,49,60,65,71,79,86,94,97,141,165,184,197,209,217,4,360736164,221
1181,44912,dscw80,0,0,0,0,0,0,0,0,1,1,1,1,1,1,2,4,5,5,5,5,5,6,7,7,7,7,7,0,4538983,7
1181,49158,dscw80,0,16,21,28,44,62,86,109,130,142,162,175,185,193,199,206,212,217,222,228,232,261,283,305,311,315,326,7,726080081,333
1181,41097,dscw80,0,0,0,0,1,2,2,2,2,2,2,2,2,2,2,2,2,2,2,2,2,2,2,2,2,2,2,0,12592072,2
1173,44912,dscw80,1,0,0,6,11,13,14,22,27,33,36,37,38,39,42,44,45,48,48,49,49,52,54,56,56,58,59,0,98919687,59
1181,48590,dscw80,0,0,0,0,0,0,0,0,0,0,0,0,0,0,0,0,0,0,0,0,0,0,1,2,2,4,5,0,21678107,5
1173,50298,dscw80,0,0,0,0,0,0,0,0,1,1,1,1,1,1,1,1,1,1,1,1,1,1,1,1,1,1,1,0,257429,1
1181,45169,dscw80,0,0,0,0,0,0,0,0,0,0,0,0,0,0,0,0,1,1,1,1,1,1,1,1,1,1,1,0,128306,1
1173,44737,dscw80,0,0,0,0,0,0,0,0,0,1,1,1,1,1,1,3,3,3,4,4,4,5,5,5,5,5,5,0,4081970,5
1173,43663,dscw80,1,0,0,0,1,1,1,1,1,1,1,1,1,1,1,1,1,1,1,1,1,1,1,1,1,1,1,0,2556,1
1173,45169,dscw80,1,0,0,0,0,0,0,0,0,0,1,1,1,2,2,2,2,2,2,2,2,2,2,2,2,2,2,0,515624,2
1181,51472,dscw80,1,0,0,0,0,0,0,0,0,0,0,0,0,0,0,0,0,0,1,1,1,2,2,2,2,2,2,0,34998,2
1173,44035,dscw80,1,0,0,0,2,4,14,19,28,36,46,54,56,59,62,64,65,69,70,71,71,78,86,91,92,92,92,0,113559581,92
1173,49110,dscw80,1,0,0,0,0,0,0,0,0,0,0,0,0,0,0,0,1,1,1,1,1,2,2,2,2,2,2,0,73494,2
1173,49429,dscw80,1,0,0,0,0,0,0,0,1,2,4,4,5,5,5,5,5,5,5,5,5,5,5,5,5,5,5,0,2649182,5
1181,52590,dscw80,1,0,0,0,0,0,0,0,0,0,0,0,0,0,0,0,0,0,1,1,1,1,1,1,1,1,1,0,257978,1
