client_metro,region,maprule,is_cache_hit,ttfb_le_5_ms,ttfb_le_10_ms,ttfb_le_15_ms,ttfb_le_20_ms,ttfb_le_25_ms,ttfb_le_30_ms,ttfb_le_35_ms,ttfb_le_40_ms,ttfb_le_45_ms,ttfb_le_50_ms,ttfb_le_55_ms,ttfb_le_60_ms,ttfb_le_65_ms,ttfb_le_70_ms,ttfb_le_75_ms,ttfb_le_80_ms,ttfb_le_85_ms,ttfb_le_90_ms,ttfb_le_95_ms,ttfb_le_100_ms,ttfb_le_150_ms,ttfb_le_200_ms,ttfb_le_300_ms,ttfb_le_400_ms,ttfb_le_500_ms,ttfb_le_1000_ms,ttfb_gt_1000_ms,bytes_sent,requests
1181,37241,dscw80,1,0,2,2,3,4,5,5,5,8,8,13,21,24,26,29,30,36,39,41,41,47,49,50,51,51,51,0,75774772,51
1173,43663,dscw80,0,0,0,0,0,1,6,10,15,19,23,26,28,32,33,36,39,40,40,42,42,51,55,61,64,65,65,0,190629767,65
1173,42863,dscw80,1,0,0,0,0,0,0,0,0,0,0,0,0,0,0,0,0,0,1,1,1,2,2,2,2,2,2,0,514839,2
1173,41187,dscw80,0,0,0,0,0,1,2,2,2,3,3,3,3,3,3,3,3,3,3,3,3,4,4,4,4,4,4,0,4888020,4
1173,46321,dscw80,0,0,0,0,0,0,0,0,1,1,1,2,2,3,4,4,4,4,4,4,4,7,7,7,7,7,7,0,14877646,7
1181,52559,dscw80,1,0,0,0,0,0,0,0,0,0,0,0,0,0,0,0,0,0,0,0,0,0,1,1,1,1,1,0,1822,1
1173,51192,dscw80,0,0,0,0,0,0,0,0,0,0,0,0,0,0,0,0,0,0,0,0,0,0,0,0,0,1,3,0,3041313,3
1181,49158,dscw80,0,6,8,13,19,23,27,32,42,51,57,62,65,69,74,79,82,84,87,93,97,108,112,121,123,124,129,1,242826765,130
1173,44912,dscw80,0,0,0,0,0,0,0,5,12,17,24,31,37,48,57,62,70,74,77,83,86,108,124,137,149,153,169,5,317485254,174
1181,48590,dscw80,0,0,0,2,2,2,3,3,3,3,3,3,3,3,3,4,4,4,4,4,4,4,4,5,5,5,5,0,8277114,5
1181,53188,dscw80,0,0,1,1,1,1,1,1,1,2,2,3,3,4,4,5,7,9,11,12,13,29,31,40,46,50,51,0,81510771,51
1173,44738,dscw80,1,0,0,0,0,0,0,0,0,0,0,0,0,0,0,0,0,0,1,1,1,1,1,1,1,1,1,0,128339,1
1173,47853,dscw80,1,0,0,0,0,0,0,0,0,0,1,1,5,5,5,7,8,9,10,11,11,13,15,16,16,16,16,0,6238025,16
1173,49158,dscw80,0,1,1,1,1,1,1,1,1,1,1,1,1,1,1,1,1,1,1,1,1,1,1,1,1,1,1,0,128728,1
1181,41187,dscw80,1,0,0,0,1,1,1,1,3,4,4,4,5,5,5,5,5,5,5,5,5,5,5,5,5,5,5,0,10250840,5
1181,44035,dscw80,1,0,0,0,0,0,0,0,0,0,0,0,0,1,1,1,1,1,1,1,1,1,1,1,1,1,1,0,34723,1
1181,49634,dscw80,0,0,0,1,2,6,6,9,12,15,16,17,19,20,21,21,21,22,22,22,23,26,27,29,29,29,29,0,60157229,29
1181,52978,dscw80,1,0,0,0,0,0,0,0,0,0,0,0,0,0,0,0,0,0,0,0,1,2,2,2,2,2,2,0,35233,2
1181,41409,dscw80,0,0,0,0,0,0,2,3,6,7,8,9,10,11,12,13,14,14,15,18,20,31,32,35,36,36,36,1,69089077,37
1181,52590,dscw80,1,0,0,0,0,0,0,0,0,0,0,2,2,2,3,5,5,5,6,6,6,6,6,6,6,6,6,0,1706441,6
1173,45169,dscw80,1,0,0,0,0,0,0,0,0,2,4,4,4,5,5,5,5,5,5,5,5,5,5,5,5,5,5,0,6680599,5
1173,46626,dscw80,1,0,0,0,0,0,4,6,7,13,15,20,23,24,26,29,31,34,37,43,44,48,49,49,49,49,49,1,77965604,50
1173,44035,dscw80,1,0,0,4,20,54,120,190,258,303,347,395,430,453,481,499,516,534,543,555,565,601,617,636,639,642,646,3,820380773,649
1173,49634,dscw80,0,0,0,0,0,0,0,0,0,0,0,0,0,0,0,0,0,0,0,0,0,2,2,2,2,2,2,0,13102706,2
1173,52978,dscw80,1,0,0,0,0,1,1,2,3,4,5,6,7,7,8,9,9,9,9,10,10,10,11,11,11,12,12,0,27255620,12
1181,47632,dscw80,0,0,0,0,0,0,0,0,0,0,0,0,0,0,0,0,0,0,0,0,0,1,1,1,1,1,1,0,560268,1
1173,41409,dscw80,0,0,0,0,0,0,0,0,0,1,2,3,3,7,8,9,12,12,14,15,16,21,22,26,26,26,26,1,73331064,27
1173,51906,dscw80,1,0,0,0,0,2,3,8,10,10,15,16,16,16,18,20,22,22,24,24,24,25,26,26,27,27,27,0,15296500,27
1173,52590,dscw80,1,0,0,0,2,12,18,22,28,31,36,38,39,40,43,44,45,47,47,48,48,52,55,55,56,56,56,0,114866087,56
1173,46091,dscw80,0,0,0,0,0,0,0,0,0,0,0,0,0,0,0,0,0,0,0,0,0,0,0,0,0,0,1,0,234822,1
1181,50463,dscw80,0,0,0,0,0,0,0,0,0,0,0,0,0,0,0,0,0,0,0,0,1,2,2,2,2,2,2,0,3120494,2
1181,52262,dscw80,0,0,0,0,0,0,0,0,1,1,1,1,2,2,2,2,2,2,3,3,3,3,4,5,5,5,5,0,10108975,5
1173,44737,dscw80,1,0,0,0,0,0,0,1,1,1,1,1,1,1,1,1,1,1,2,2,2,3,3,3,3,3,3,0,486552,3
1173,46548,dscw80,1,0,0,0,0,0,1,1,1,1,1,1,1,1,1,1,1,2,2,2,2,2,2,3,3,3,3,0,9396825,3
1173,50463,dscw80,0,0,0,0,0,0,5,6,9,9,10,11,12,13,18,18,19,20,20,22,22,28,32,35,38,38,38,1,69307618,39
1181,49257,dscw80,0,0,0,0,1,2,3,3,5,5,6,6,6,6,6,6,6,6,6,6,6,6,6,6,6,6,6,0,13227803,6
1173,43663,dscw80,1,0,0,0,0,0,0,0,1,1,1,1,1,1,2,2,2,2,2,2,2,2,2,2,2,2,2,0,3036917,2
1181,37241,dscw80,0,0,0,6,7,9,10,11,11,12,14,18,22,26,30,31,33,36,43,44,46,64,74,80,83,85,86,0,147678546,86
1173,42863,dscw80,0,0,0,0,0,0,0,0,0,0,0,0,0,0,0,0,0,0,0,0,1,1,1,1,1,1,2,0,10387131,2
1173,46321,dscw80,1,0,0,0,0,0,0,0,0,0,0,0,0,0,0,0,0,0,0,0,0,1,1,1,1,1,1,0,257657,1
1181,41097,dscw80,0,0,0,0,0,0,0,0,0,0,0,0,0,0,0,0,0,0,1,1,1,1,1,1,1,1,1,0,4480,1
1181,52559,dscw80,0,0,0,0,0,0,0,0,1,1,1,1,1,1,1,1,1,1,1,1,1,1,1,1,1,1,1,0,258008,1
1181,49158,dscw80,1,1,2,4,4,4,4,4,7,7,7,7,7,7,9,9,9,10,10,10,10,12,14,14,14,14,14,0,1537402,14
1173,49440,dscw80,0,0,0,0,0,0,0,0,0,0,0,0,0,0,0,0,0,0,0,0,0,0,0,0,0,0,1,0,1078222,1
1173,44912,dscw80,1,0,0,0,0,2,3,6,6,6,9,10,13,13,13,13,14,14,16,17,17,17,18,19,19,19,19,0,12968514,19
1181,53188,dscw80,1,0,1,1,1,1,1,1,1,1,1,1,1,1,2,2,2,2,2,2,2,2,2,2,4,4,4,0,153776,4
1173,44738,dscw80,0,0,0,0,0,0,0,0,0,0,0,0,0,1,1,1,1,1,1,1,1,1,1,1,1,1,1,0,1743,1
1181,46626,dscw80,0,0,0,0,0,0,0,0,0,0,0,0,0,0,1,3,5,5,5,5,5,6,6,7,7,7,7,0,4262976,7
1173,47853,dscw80,0,0,0,0,0,0,0,0,0,0,0,1,1,1,4,5,5,9,12,14,17,26,30,36,38,38,38,0,153114142,38
1181,49634,dscw80,1,0,0,1,1,3,6,8,8,8,9,9,9,10,10,10,10,10,10,10,10,10,10,11,11,11,11,0,4576171,11
1181,41187,dscw80,0,0,0,0,1,2,3,5,6,8,9,11,12,12,13,14,14,15,15,15,15,18,18,20,20,20,20,1,34983615,21
1181,44035,dscw80,0,0,0,0,0,0,0,0,0,1,1,1,1,1,1,2,2,2,2,2,3,8,10,10,11,12,12,0,5084623,12
1181,52978,dscw80,0,0,0,0,0,0,0,0,0,0,0,0,0,0,2,3,3,3,4,4,4,4,4,4,4,4,5,0,6591995,5
1181,41409,dscw80,1,0,0,0,0,1,3,3,3,3,4,4,4,4,6,6,6,6,6,6,6,7,7,7,7,7,7,1,1434581,8
1181,51906,dscw80,0,0,0,0,0,0,0,0,0,0,0,1,1,1,1,2,2,2,2,3,3,3,4,6,6,6,6,0,5769665,6
1181,52590,dscw80,0,0,0,0,0,0,1,1,1,1,1,1,1,1,4,4,4,5,5,5,5,6,6,7,8,10,11,0,9210566,11
1173,45169,dscw80,0,0,0,0,0,0,0,0,0,0,0,1,3,5,7,8,9,12,12,14,14,20,21,23,24,25,25,0,75325900,25
1173,46626,dscw80,0,0,0,0,0,0,0,5,12,22,29,33,43,48,56,61,65,70,75,80,83,105,112,115,116,119,121,0,364918516,121
1173,50298,dscw80,0,0,0,0,0,0,0,0,0,0,0,1,1,1,2,2,2,3,3,3,3,5,5,5,6,7,9,0,80098725,9
1181,51472,dscw80,0,0,0,0,0,0,1,1,3,3,3,3,4,4,5,5,5,6,6,6,7,10,10,11,11,12,12,0,15146254,12
1173,44035,dscw80,0,0,0,0,3,20,71,149,275,433,592,769,923,1101,1228,1363,1489,1602,1692,1775,1849,2337,2545,2718,2790,2826,2880,23,7317827762,2903
1181,53419,dscw80,0,1,1,1,1,1,1,1,1,1,1,1,1,1,1,1,1,1,1,1,1,1,1,1,1,1,2,1,94129,3
1173,51174,dscw80,0,0,0,0,0,0,0,0,0,1,1,1,1,1,1,1,1,1,1,1,1,2,3,3,3,3,3,0,7940542,3
1173,52978,dscw80,0,0,0,0,0,5,9,14,18,21,25,31,32,35,37,41,44,45,50,50,51,62,64,72,72,73,76,1,175408202,77
1173,41409,dscw80,1,0,0,0,0,0,0,0,0,0,0,0,1,2,2,2,2,2,3,3,3,3,3,3,3,3,3,0,742073,3
1173,51906,dscw80,0,0,0,0,0,0,0,1,1,3,3,6,10,12,16,18,22,24,25,29,33,42,50,54,57,57,57,1,107691065,58
1173,52590,dscw80,0,0,0,0,5,19,40,50,63,76,89,100,109,115,126,134,142,148,153,158,166,180,193,199,204,207,213,1,577345098,214
1181,46548,dscw80,0,0,0,0,0,0,0,0,0,0,0,0,0,0,0,0,0,0,0,0,0,1,1,2,3,3,4,0,579296,4
1181,52262,dscw80,1,0,1,1,1,1,2,3,3,3,3,3,3,3,3,3,3,3,3,3,3,3,3,3,3,3,3,0,356388,3
1173,53419,dscw80,0,0,0,0,0,0,0,0,0,0,0,0,0,0,1,1,1,1,1,1,1,1,2,2,2,2,2,0,4010122,2
1181,49579,dscw80,0,0,0,0,0,0,0,0,0,0,0,0,1,1,1,1,1,1,1,1,1,1,2,2,3,3,3,0,27580378,3
1173,44737,dscw80,0,0,0,0,0,0,1,4,8,10,14,18,19,23,23,26,29,32,35,35,37,47,48,52,54,54,55,0,154450068,55
1173,46548,dscw80,0,0,0,0,0,0,0,0,0,1,1,1,1,3,4,4,4,4,5,5,6,6,6,6,6,6,6,0,4786886,6
1173,50463,dscw80,1,0,0,0,0,0,0,1,1,1,1,2,4,4,5,6,6,6,7,7,7,7,8,8,8,8,8,0,3892855,8
1173,43302,dscw80,0,0,0,0,0,0,0,0,0,0,0,0,0,0,1,1,1,1,1,1,1,1,1,2,2,2,2,0,257747,2
