client_metro,region,maprule,is_cache_hit,ttfb_le_5_ms,ttfb_le_10_ms,ttfb_le_15_ms,ttfb_le_20_ms,ttfb_le_25_ms,ttfb_le_30_ms,ttfb_le_35_ms,ttfb_le_40_ms,ttfb_le_45_ms,ttfb_le_50_ms,ttfb_le_55_ms,ttfb_le_60_ms,ttfb_le_65_ms,ttfb_le_70_ms,ttfb_le_75_ms,ttfb_le_80_ms,ttfb_le_85_ms,ttfb_le_90_ms,ttfb_le_95_ms,ttfb_le_100_ms,ttfb_le_150_ms,ttfb_le_200_ms,ttfb_le_300_ms,ttfb_le_400_ms,ttfb_le_500_ms,ttfb_le_1000_ms,ttfb_gt_1000_ms,bytes_sent,requests
1181,51174,dscw80,0,0,0,0,0,0,0,0,0,0,0,0,0,1,2,2,2,2,3,3,3,5,6,6,6,6,8,0,14451786,8
1173,42863,dscw80,1,0,0,0,0,0,0,0,1,2,5,6,7,7,9,10,10,11,11,12,12,15,17,17,17,17,17,0,11129173,17
1181,52590,dscw80,0,0,0,0,0,0,0,0,0,0,0,0,0,0,0,0,1,2,3,3,3,4,4,4,4,4,6,0,14161099,6
1173,46091,dscw80,0,0,0,0,0,0,0,0,0,0,0,0,0,0,1,1,1,1,1,1,1,1,1,1,1,1,1,0,1809542,1
1173,46548,dscw80,1,0,0,0,0,0,0,1,1,1,2,3,3,4,4,4,4,4,4,5,5,5,6,6,6,6,6,0,8367566,6
1173,44912,dscw80,1,0,0,0,4,10,18,28,36,42,47,51,57,58,59,60,61,61,63,66,67,82,88,94,94,94,96,0,138741117,96
1173,46626,dscw80,1,0,0,0,0,2,5,17,32,39,53,63,79,85,94,105,110,117,127,136,141,167,172,179,180,181,183,3,347875185,186
1173,46321,dscw80,0,0,0,0,0,0,0,0,0,0,0,0,1,1,1,1,1,1,1,1,1,1,1,1,2,2,2,0,1931740,2
1181,44738,dscw80,0,0,0,0,0,0,0,0,0,0,0,0,0,0,0,0,0,0,1,1,1,2,2,2,2,2,2,0,8373491,2
1181,49634,dscw80,0,0,0,0,0,2,2,8,10,12,15,16,17,17,17,17,17,17,17,18,18,21,22,23,23,23,23,0,53518494,23
1173,39272,dscw80,1,0,0,0,0,0,0,0,0,0,0,0,0,0,0,0,0,0,0,0,0,1,1,2,2,2,2,0,6853077,2
1173,46368,dscw80,0,0,0,0,0,0,0,0,0,0,0,0,0,0,0,0,0,0,0,0,0,0,0,1,1,1,1,0,2863908,1
1173,49440,dscw80,0,0,0,0,0,0,0,0,1,2,10,23,29,39,48,70,83,91,105,118,124,189,208,230,239,241,246,1,546524279,247
1181,44035,dscw80,0,0,0,0,0,0,0,0,0,0,0,0,0,0,0,0,0,0,0,0,0,0,1,1,1,1,1,1,1160749,2
1181,44636,dscw80,0,0,0,0,0,0,0,0,0,0,0,0,0,0,0,0,0,0,0,0,0,0,0,1,1,1,1,0,3886199,1
1181,38580,dscw80,0,0,0,0,0,0,0,0,0,0,1,2,2,2,2,2,2,2,2,2,2,2,2,2,2,2,2,0,1169951,2
1173,45169,dscw80,1,0,0,0,0,0,0,0,0,0,0,0,1,1,1,1,1,2,3,3,3,4,5,5,5,5,5,0,3216740,5
1173,48590,dscw80,0,0,0,0,0,0,0,0,0,0,0,0,0,0,0,2,2,2,2,2,2,4,4,5,5,5,5,0,10192561,5
1181,41408,dscw80,0,0,0,0,0,0,0,0,2,2,2,2,2,2,2,2,2,2,2,2,2,2,2,2,2,2,2,0,1025552,2
1173,42863,dscw80,0,0,0,0,0,0,0,0,0,0,1,4,11,12,24,26,28,31,32,34,36,44,52,53,54,54,57,0,161162408,57
1173,46548,dscw80,0,0,0,0,0,0,0,1,4,9,13,18,24,25,35,37,39,43,44,48,48,58,66,70,71,71,71,1,192864221,72
1173,50463,dscw80,1,0,0,0,0,0,2,4,8,10,11,13,15,21,23,27,29,30,30,31,32,42,44,47,48,48,48,0,82291100,48
1173,44912,dscw80,0,0,0,0,0,5,15,29,57,77,99,127,151,172,193,211,231,251,273,288,300,407,441,485,510,526,541,7,1293541794,548
1173,46626,dscw80,0,0,0,0,0,0,1,11,28,61,103,154,195,234,276,307,347,394,431,464,496,687,758,826,843,851,867,1,2188407717,868
1181,37241,dscw80,1,1,2,3,3,3,3,3,3,8,11,21,32,36,41,46,51,54,56,57,58,71,73,73,75,75,75,0,118250025,75
1181,48590,dscw80,1,0,0,0,1,2,2,2,2,2,2,3,3,3,3,3,4,5,5,5,5,5,5,5,5,5,5,0,863840,5
1173,50535,dscw80,0,0,0,0,0,0,0,0,0,0,0,0,0,0,0,0,0,0,0,0,0,0,0,0,0,0,1,2,866533,3
1173,39272,dscw80,0,0,0,0,0,0,0,0,0,0,0,0,0,0,0,0,0,0,0,0,0,1,2,4,4,4,4,0,7901898,4
1173,46148,dscw80,0,0,0,0,0,0,0,0,0,0,0,0,0,0,0,0,0,1,1,1,1,1,1,1,1,1,1,0,3787701,1
1181,40557,dscw80,0,0,0,0,0,0,0,0,0,0,0,0,0,0,0,0,0,0,0,0,0,2,2,2,2,2,2,0,1068156,2
1173,45169,dscw80,0,0,0,0,0,0,0,0,0,0,0,0,0,1,2,4,5,6,6,7,8,12,15,17,17,17,17,0,96515998,17
1181,49257,dscw80,1,0,0,0,0,0,0,0,0,0,0,0,0,0,0,0,0,0,0,0,0,0,0,0,1,1,1,0,17236,1
1173,43302,dscw80,0,0,0,0,0,0,0,0,0,1,1,1,1,2,2,2,2,2,2,2,2,3,3,4,4,4,4,0,20161344,4
1173,52978,dscw80,1,0,0,0,1,9,16,19,30,37,45,52,60,66,74,82,85,91,95,98,99,110,115,121,122,124,128,1,136315348,129
1181,53188,dscw80,1,0,1,1,1,1,1,1,2,2,2,2,3,3,3,3,3,3,3,3,3,3,3,3,3,3,3,0,6481699,3
1173,50298,dscw80,0,0,0,0,0,0,0,0,0,0,0,0,0,0,0,0,0,0,0,0,0,1,1,1,1,1,1,0,5049,1
1173,50463,dscw80,0,0,0,0,0,3,10,25,42,60,81,98,122,151,178,195,216,241,263,282,302,419,485,527,546,554,570,6,1112321090,576
1181,52262,dscw80,1,0,0,0,0,0,0,0,0,0,0,1,1,1,1,1,1,1,1,1,1,1,1,1,1,1,1,0,1757,1
1173,51906,dscw80,1,0,0,0,0,0,1,3,6,7,10,12,14,18,19,21,23,24,25,26,27,33,36,38,38,38,39,0,55823433,39
1181,49440,dscw80,0,0,0,0,0,0,0,0,0,0,0,0,0,0,0,0,0,0,0,0,0,1,1,2,2,2,2,0,25193293,2
1173,41409,dscw80,1,0,0,0,0,0,0,0,0,0,0,0,0,0,1,1,1,1,1,1,1,2,2,2,2,2,2,0,302159,2
1181,37241,dscw80,0,1,7,11,13,14,15,16,18,19,27,32,44,55,67,79,88,94,102,111,122,157,176,187,194,196,196,0,488529852,196
1181,48590,dscw80,0,0,2,2,3,6,9,11,14,19,21,24,28,29,29,30,31,32,32,33,34,36,42,42,45,45,45,0,71578467,45
1173,47733,dscw80,1,0,0,0,0,0,0,0,0,0,0,0,1,1,2,2,2,2,2,2,3,4,4,4,4,4,4,0,12274339,4
1173,51174,dscw80,1,0,0,0,0,0,0,0,0,0,0,0,0,0,1,2,2,2,2,2,2,3,3,3,3,3,3,0,2999993,3
1181,50565,dscw80,0,0,0,0,0,0,0,0,0,0,0,0,0,0,0,0,0,0,0,0,0,0,0,0,0,0,2,0,135273,2
1181,42863,dscw80,0,0,0,0,0,0,0,0,0,1,1,1,1,1,1,1,1,1,1,1,1,4,4,4,4,4,4,0,3339256,4
1181,50566,dscw80,1,0,0,0,0,0,1,1,1,1,1,1,1,1,1,1,1,1,1,1,1,1,1,1,1,1,1,0,257862,1
1173,43663,dscw80,1,0,0,0,0,0,1,3,4,5,5,5,5,5,6,6,6,7,7,7,7,8,8,8,9,9,9,0,23827368,9
1173,52590,dscw80,1,0,0,0,18,39,58,73,91,99,107,118,125,135,142,152,160,162,165,166,168,174,180,186,189,190,193,0,314545244,193
1181,46626,dscw80,0,0,0,0,0,0,0,0,0,0,0,0,0,0,0,0,1,1,1,2,2,5,6,6,6,7,7,0,11838305,7
1181,49257,dscw80,0,0,0,0,2,4,4,5,5,5,5,5,6,6,6,6,6,6,7,7,7,7,8,8,9,9,9,0,8562671,9
1173,52978,dscw80,0,0,0,0,0,3,22,51,84,120,153,207,266,323,375,430,486,543,590,644,696,944,1086,1213,1280,1322,1377,22,2537488090,1399
1181,53188,dscw80,0,0,0,1,3,4,5,7,8,8,8,8,8,8,8,8,9,10,10,11,11,11,11,11,11,11,11,0,15039938,11
1173,44738,dscw80,1,0,0,0,0,0,0,0,0,1,1,2,3,5,6,6,8,8,9,9,10,12,13,14,14,14,14,0,48694316,14
1181,52262,dscw80,0,0,0,0,0,0,0,1,2,2,3,3,3,3,3,3,3,3,3,5,5,7,7,7,7,7,7,0,18622115,7
1173,51906,dscw80,0,0,0,0,0,1,1,3,7,13,21,34,42,48,60,67,69,72,74,81,88,132,160,188,204,213,223,0,545305174,223
1173,49429,dscw80,1,0,0,0,0,0,0,0,0,0,0,0,1,1,1,1,2,3,3,3,3,4,4,4,4,4,4,0,18368942,4
1173,41409,dscw80,0,0,0,0,0,0,0,0,0,0,0,1,1,1,2,3,4,7,7,7,7,9,9,11,12,12,12,1,28089601,13
1173,44035,dscw80,1,0,0,2,9,20,43,63,89,118,140,164,188,198,205,228,232,244,256,260,267,300,303,314,318,320,322,3,568716318,325
1181,45169,dscw80,0,0,0,0,0,0,0,0,0,0,0,0,0,0,1,3,3,4,5,5,5,8,9,10,10,10,10,0,12733315,10
1173,38580,dscw80,1,0,0,0,0,0,0,0,0,0,0,0,1,1,1,1,1,1,2,2,2,2,2,2,2,2,2,0,9477389,2
1173,47733,dscw80,0,0,0,0,0,0,0,0,0,0,0,0,0,0,0,1,1,2,4,7,7,16,18,18,18,18,18,0,25533551,18
1173,51174,dscw80,0,0,0,0,0,0,0,0,0,0,0,1,1,1,2,2,3,4,4,5,5,6,6,7,7,7,7,0,27646287,7
1173,44737,dscw80,1,0,0,0,0,0,3,3,4,7,7,9,10,10,11,12,13,14,14,15,16,20,20,20,20,21,21,0,8626594,21
1181,49158,dscw80,1,5,13,24,45,67,100,137,154,172,186,193,204,209,217,222,225,229,233,237,241,253,253,259,261,261,261,0,424624850,261
1181,50566,dscw80,0,0,0,0,0,0,0,0,0,1,1,1,1,1,1,1,1,1,1,1,1,1,1,1,1,1,1,0,5926611,1
1181,53419,dscw80,1,1,1,1,1,2,3,4,4,4,4,4,4,5,5,5,6,6,6,6,6,7,7,7,7,7,7,1,2089940,8
1181,47632,dscw80,1,0,0,0,0,0,0,0,0,0,0,0,0,0,0,0,0,1,1,1,1,1,1,1,1,1,1,0,1800643,1
1173,43663,dscw80,0,0,0,0,0,0,1,6,8,11,15,18,19,23,25,27,28,29,30,30,32,38,39,39,40,41,41,0,64548942,41
1173,52590,dscw80,0,0,0,1,12,78,142,217,275,349,405,449,497,543,581,610,639,669,682,699,715,825,862,909,928,937,949,10,2456915857,959
1181,51472,dscw80,1,0,0,0,1,1,1,2,2,2,2,2,2,3,3,3,3,3,3,3,3,5,5,5,5,5,5,0,14697354,5
1181,51554,dscw80,0,0,0,0,0,0,0,0,0,0,0,0,0,0,0,0,0,0,0,0,0,0,0,0,0,0,1,0,128308,1
1173,49054,dscw80,0,0,0,0,0,0,0,0,0,0,0,0,0,0,0,0,0,0,0,0,0,1,2,2,2,2,2,0,4178891,2
1181,41409,dscw80,1,0,0,2,3,4,4,4,4,4,4,4,5,5,5,5,5,5,5,5,5,5,5,5,5,5,5,0,4563235,5
1173,44738,dscw80,0,0,0,0,0,0,0,1,1,1,5,10,13,20,26,37,46,49,57,60,71,102,123,131,135,137,139,1,442489515,140
1181,51174,dscw80,1,0,0,0,0,0,0,0,0,0,1,1,1,1,1,1,1,1,1,1,1,1,1,1,1,1,1,0,2767,1
1173,38974,dscw80,0,0,0,0,0,0,0,0,0,0,0,0,4,4,5,6,6,7,8,8,8,10,13,13,14,14,16,0,38441702,16
1173,49110,dscw80,0,0,0,0,0,0,0,0,0,0,0,1,1,1,1,2,2,3,4,4,4,6,7,7,7,7,7,0,10902139,7
1173,49429,dscw80,0,0,0,0,0,0,0,0,0,1,1,1,2,3,3,5,6,7,8,10,12,19,23,27,28,28,28,1,102353044,29
1181,41187,dscw80,0,0,0,1,1,2,4,5,5,6,6,6,6,7,8,8,8,8,8,8,9,12,12,13,13,13,13,0,38940661,13
1173,44035,dscw80,0,0,0,0,1,7,17,54,95,155,223,281,344,407,443,490,550,591,622,655,683,879,996,1112,1156,1186,1225,11,3588372099,1236
1173,38580,dscw80,0,0,0,0,0,0,0,0,0,0,0,0,1,1,2,2,3,3,3,3,3,5,5,5,5,5,5,0,8007096,5
1173,41408,dscw80,0,0,0,0,0,0,0,0,0,0,0,0,0,1,1,1,1,1,1,1,1,1,1,1,1,1,1,0,1867,1
1173,44737,dscw80,0,0,0,0,0,0,0,2,7,15,19,21,29,31,34,47,59,65,73,79,82,115,126,138,143,144,145,1,425644429,146
1181,49158,dscw80,0,1,9,38,66,103,153,217,282,344,389,432,463,485,511,535,551,578,592,607,615,682,719,740,750,755,759,2,1880469139,761
1181,53419,dscw80,0,2,5,11,14,15,15,19,25,29,31,33,35,36,36,38,38,38,40,41,44,51,53,58,59,59,59,1,181994710,60
1181,49634,dscw80,1,0,0,0,0,0,0,0,0,1,1,1,1,1,1,1,1,1,1,1,1,1,2,2,2,2,2,1,393747,3
1181,51472,dscw80,0,0,0,0,1,1,2,4,5,7,7,8,8,8,8,9,9,9,9,10,10,15,16,17,18,18,18,0,18667218,18
1181,51906,dscw80,0,0,0,0,0,0,0,0,0,0,0,0,0,0,0,0,0,0,0,0,0,1,1,1,1,1,1,0,806228,1
1173,49440,dscw80,1,0,0,0,0,0,0,0,0,0,2,6,7,8,13,16,20,22,25,28,29,35,40,42,42,42,42,0,41933857,42
1181,41409,dscw80,0,0,0,0,1,3,11,13,18,20,21,22,23,23,23,23,23,25,25,26,26,27,28,28,29,29,29,0,19777665,29
