# 80257130496 20300235938988032 950340 3044436200 2680472143663000 0 0
0 49555304448 61.7 -3417320793833472 -16.8
1963600 57457086464 71.6 2714889093120000 13.4
3369800 59869855744 74.6 4448354805219328 21.9
4639800 61285556224 76.4 5452248112955392 26.9
5827100 62274765568 77.6 6151229344317440 30.3
6951300 63033274752 78.5 6687529159884800 32.9
8029000 63646534464 79.3 7121897758130176 35.1
9069800 64160364288 79.9 7486972125773824 36.9
10070200 64602208896 80.5 7802073609404416 38.4
11051900 64988735808 81.0 8078430008508416 39.8
12001900 65332776000 81.4 8325422722842624 41.0
12933700 65641217088 81.8 8547541922611200 42.1
13844000 65920831776 82.1 8749180990259200 43.1
14742700 66175926384 82.5 8933576200421376 44.0
15618600 66410758688 82.7 9103272472215552 44.8
16483700 66627693184 83.0 9260569357975552 45.6
17331100 66829090992 83.3 9407103911329792 46.3
18165800 67016931888 83.5 9544000490962944 47.0
18995900 67192935888 83.7 9672531237666816 47.6
19815700 67358264592 83.9 9793256695005184 48.2
20599500 67358265092 83.9 9793257750057408 48.2
20599900 67515162996 84.1 9907867408847296 48.8
22201100 67802277780 84.5 10118739079123392 49.8
22201600 67802277980 84.5 10118739501189600 49.8
23739300 68060841676 84.8 10309168368650720 50.8
25272400 68060841976 84.8 10309169001672800 50.8
25272700 68295755880 85.1 10482581795909728 51.6
26739800 68510354472 85.4 10641517496905824 52.4
26739900 68510354872 85.4 10641518341004256 52.4
28204600 68708100776 85.6 10788534920551392 53.1
28206300 68708101376 85.6 10788536186601056 53.1
29635400 68890687376 85.8 10924395632295520 53.8
29636400 68890687676 85.8 10924396265316512 53.8
31050400 68890687776 85.8 10924396476333504 53.8
31051200 69060094672 86.0 11050576340811200 54.4
32449600 69218135376 86.2 11168666793770432 55.0
32450400 69218135676 86.2 11168667426823808 55.0
33826800 69366216668 86.4 11279297706139264 55.6
35163900 69505282764 86.6 11383590803152512 56.1
35167600 69505283164 86.6 11383591647223936 56.1
37174300 69698710364 86.8 11528795448582272 56.8
37174700 69698710564 86.8 11528795870611456 56.8
37176100 69698710864 86.8 11528796503643968 56.8
39117500 69698710964 86.8 11528796714683472 56.8
39118300 69698711064 86.8 11528796925718272 56.8
39118600 69876216360 87.1 11662572666351360 57.5
41076200 69876216460 87.1 11662572877386368 57.5
41077400 70040053068 87.3 11786569791181440 58.1
41078000 70040053268 87.3 11786570213216832 58.1
42957800 70191870068 87.5 11901572676964928 58.6
42959600 70191870168 87.5 11901572887980736 58.6
44807200 70191870368 87.5 11901573310034240 58.6
44808000 70333909568 87.6 12009386510233920 59.2
46703900 70466602768 87.8 12110322545045824 59.7
46704100 70466602868 87.8 12110322756059232 59.7
46704900 70466603068 87.8 12110323178133440 59.7
48431000 70466603368 87.8 12110323811191616 59.7
48431400 70466603568 87.8 12110324233241728 59.7
48431600 70592898064 88.0 12205656577246336 60.1
50782400 70592898464 88.0 12205657421347408 60.1
50784100 70748637968 88.2 12324108500564560 60.7
50785200 70748638068 88.2 12324108711600560 60.7
53068200 70748638268 88.2 12324109133634768 60.7
53068700 70893260860 88.3 12434493022756048 61.3
55316300 71028221564 88.5 12537696557030608 61.8
57649400 71028221764 88.5 12537696979056400 61.8
57650100 71154798260 88.7 12634587087566608 62.2
59791800 71273526764 88.8 12725815660072336 62.7
59792000 71273526964 88.8 12725815871314032 62.7
59792500 71273527064 88.8 12725816082327632 62.7
62458300 71273527164 88.8 12725816293341232 62.7
62458900 71412090668 89.0 12832491947964464 63.2
62461600 71412090968 89.0 12832492581003888 63.2
65219200 71541063864 89.1 12931996755927664 63.7
65220000 71541063964 89.1 12931996966962464 63.7
67867000 71541064064 89.1 12931997177975872 63.7
67869600 71661456064 89.3 13025112664544320 64.2
70436000 71773966960 89.4 13112390560748608 64.6
70439300 71773967160 89.4 13112390982832192 64.6
70440000 71773967260 89.4 13112391193832896 64.6
70441000 71773967360 89.4 13112391404833600 64.6
70441400 71773967460 89.4 13112391615868704 64.6
73434200 71773967560 89.4 13112391826900208 64.6
73438000 71900589760 89.6 13210869974402288 65.1
73438200 71900589860 89.6 13210870185437392 65.1
73438600 71900589960 89.6 13210870396454496 65.1
73439400 71900590060 89.6 13210870607455200 65.1
76374600 72018526364 89.7 13302852189103072 65.5
76376400 72018526564 89.7 13302852611119072 65.5
79509800 72018526664 89.7 13302852822136176 65.5
79511000 72018526764 89.7 13302853033153280 65.5
79511400 72018526964 89.7 13302853455207296 65.5
79512600 72128708068 89.9 13388779560786816 66.0
79512800 72128708368 89.9 13388780193827904 66.0
82101300 72128708568 89.9 13388780615876192 66.0
82103700 72232984472 90.0 13469659975499360 66.4
82104500 72232984572 90.0 13469660186517856 66.4
82105100 72232984672 90.0 13469660397536352 66.4
82108900 72232984972 90.0 13469661030607456 66.4
85633400 72347613772 90.1 13558216067213920 66.8
85638800 72347613972 90.1 13558216489285824 66.8
88831800 72347614072 90.1 13558216700327728 66.8
88835800 72347614172 90.1 13558216911362528 66.8
88837200 72347614272 90.1 13558217122379520 66.8
88837600 72453073968 90.3 13640913362220800 67.2
91988200 72453074168 90.3 13640913784254784 67.2
91988600 72551184072 90.4 13718086670987584 67.6
95632300 72655937472 90.5 13800915224342848 68.0
95635300 72655937672 90.5 13800915646413344 68.0
95636100 72655938072 90.5 13800916490513856 68.0
95637800 72655938272 90.5 13800916912544544 68.0
99043000 72753604976 90.7 13878120040209184 68.4
99043900 72753605176 90.7 13878120462287968 68.4
99044100 72753605376 90.7 13878120884366976 68.4
102934500 72856018272 90.8 13959339630292608 68.8
102935500 72856018472 90.8 13959339841514512 68.8
106652600 72856018572 90.8 13959340052551408 68.8
106655100 72952364676 90.9 14035626425443472 69.1
106655600 72952365076 90.9 14035627269512976 69.1
106656400 72952365776 90.9 14035628746651728 69.1
106659400 72952365976 90.9 14035629168735536 69.1
106660100 72952366276 90.9 14035629801808816 69.1
106661000 72952366376 90.9 14035630012828624 69.1
110669900 72952366476 90.9 14035630223832928 69.1
110670300 73051613980 91.0 14114472049293152 69.5
110677100 73051614080 91.0 14114472260297056 69.5
110693600 73051614280 91.0 14114472682345376 69.5
114437300 73144122984 91.1 14188188489503648 69.9
114439100 73144123084 91.1 14188188700540544 69.9
118932600 73238279284 91.3 14263187872448128 70.3
118933400 73238279584 91.3 14263188505496256 70.3
118935600 73238279684 91.3 14263188716537552 70.3
118936200 73238279884 91.3 14263189138558960 70.3
122894600 73326178984 91.4 14333482020564976 70.6
122900200 73326179184 91.4 14333482442590768 70.6
122900800 73326179284 91.4 14333482653622160 70.6
122903200 73326179484 91.4 14333483075655376 70.6
127595200 73326179684 91.4 14333483497685680 70.6
127598400 73326179784 91.4 14333483708699280 70.6
127599200 73326179884 91.4 14333483919734480 70.6
127600400 73415483484 91.5 14404994227631824 71.0
131979500 73415483684 91.5 14404994649648112 71.0
131983200 73498842388 91.6 14471930964175856 71.3
131984000 73498842488 91.6 14471931175189456 71.3
131984400 73498842788 91.6 14471931808309776 71.3
131989000 73498842888 91.6 14471932019351072 71.3
131989800 73498843188 91.6 14471932652382560 71.3
135888500 73582989788 91.7 14539558514682208 71.6
135889500 73582989988 91.7 14539558936716608 71.6
140367200 73582990088 91.7 14539559147733600 71.6
140368200 73661638288 91.8 14602626829189728 71.9
140369100 73661638488 91.8 14602627251198336 71.9
140370900 73661638888 91.8 14602628095346304 71.9
140373300 73661638988 91.8 14602628306350304 71.9
144291700 73661639088 91.8 14602628517366400 71.9
144291900 73661639188 91.8 14602628728370704 71.9
144294300 73740829588 91.9 14666364465985040 72.2
148822200 73740829688 91.9 14666364677021936 72.2
148823400 73820191088 92.0 14730458272653552 72.6
148824000 73820191288 92.0 14730458694693168 72.6
152371700 73820191588 92.0 14730459327801904 72.6
152371900 73899224388 92.1 14794500708543024 72.9
152372100 73899224488 92.1 14794500919584720 72.9
152375500 73899224588 92.1 14794501130621616 72.9
152379500 73899224688 92.1 14794501341658512 72.9
156672000 73972890792 92.2 14854156728717616 73.2
161365400 74046473096 92.3 14913936457519408 73.5
161365600 74046473196 92.3 14913936668535712 73.5
165843200 74046473396 92.3 14913937090605824 73.5
165845000 74046473596 92.3 14913937512613920 73.5
165846400 74119884300 92.4 14973720571693088 73.8
165851200 74119884400 92.4 14973720782728592 73.8
170817000 74119884600 92.4 14973721204799184 73.8
170821000 74119885100 92.4 14973722259881872 73.8
170829700 74192251700 92.4 15032718173929360 74.1
175971600 74263590100 92.5 15091001895157648 74.3
180561200 74334632300 92.6 15149117684842384 74.6
180564800 74334632400 92.6 15149117895842784 74.6
180565200 74334632500 92.6 15149118106883280 74.6
180565900 74334632700 92.6 15149118528910288 74.6
185473100 74334632900 92.6 15149118950988880 74.6
185475300 74405851204 92.7 15207927211875408 74.9
185478300 74405851304 92.7 15207927422887808 74.9
185480300 74405852004 92.7 15207928899919360 74.9
185481500 74405852204 92.7 15207929321955472 74.9
185483700 74405852304 92.7 15207929532959568 74.9
185484900 74405852404 92.7 15207929744000064 74.9
185488300 74405852504 92.7 15207929955036960 74.9
187994800 74405852704 92.7 15207930377045472 74.9
187995900 74405852904 92.7 15207930799079680 74.9
187996100 74405853004 92.7 15207931010116784 74.9
188000100 74478336804 92.8 15268225149332656 75.2
194151600 74549873508 92.9 15327828633480368 75.5
194157600 74549873808 92.9 15327829266492656 75.5
196933100 74618645208 93.0 15384799407205616 75.8
201419500 74618645608 93.0 15384800251259696 75.8
201425300 74687179304 93.1 15441324118027056 76.1
205807100 74687179404 93.1 15441324329040464 76.1
205809100 74687179604 93.1 15441324751066448 76.1
205819300 74687179704 93.1 15441324962096944 76.1
205819800 74754088604 93.1 15496391052371760 76.3
205822900 74754088804 93.1 15496391474389360 76.3
210897100 74820253004 93.2 15551129159049584 76.6
210900500 74820253104 93.2 15551129370081088 76.6
210912800 74820253704 93.2 15551130636160448 76.6
210920400 74820254104 93.2 15551131480214272 76.6
210932300 74820254204 93.2 15551131691251168 76.6
212393700 74825571304 93.2 15556931328931296 76.6
216374700 74825571504 93.2 15556931751005088 76.6
216375300 74886702204 93.3 15605880776051616 76.9
216680400 74886702304 93.3 15605880987068912 76.9
216688100 74892835104 93.3 15612456874027504 76.9
224307900 74892835304 93.3 15612457296072592 76.9
224309300 74892835404 93.3 15612457507107600 76.9
224312300 74892835704 93.3 15612458140148176 76.9
224314100 74892835804 93.3 15612458351160272 76.9
224314500 74892836204 93.3 15612459195322896 76.9
224315100 74952967304 93.4 15660590138151440 77.1
225145400 74959306704 93.4 15667499886989840 77.2
230939700 74959306804 93.4 15667500097994448 77.2
230948900 75020473804 93.5 15716634393837264 77.4
230949100 75020474404 93.5 15716635659924304 77.4
230949900 75020474504 93.5 15716635870939008 77.4
230952000 75020474804 93.5 15716636504014592 77.4
230957400 75020474904 93.5 15716636715028000 77.4
231533000 75026710804 93.5 15723323853803040 77.5
239701300 75026710904 93.5 15723324064840144 77.5
239701500 75026711004 93.5 15723324275844544 77.5
239701900 75088787404 93.6 15773369515795904 77.7
239708100 75088787504 93.6 15773369726813008 77.7
241194600 75093393204 93.6 15778307053863760 77.7
241203400 75093393304 93.6 15778307264895152 77.7
241204000 75093393404 93.6 15778307475908560 77.7
241216700 75093393604 93.6 15778307897952368 77.7
248614900 75154340304 93.6 15827602902747248 78.0
248628200 75154340404 93.6 15827603113759344 78.0
249605600 75160760204 93.6 15834578179969648 78.0
249608000 75160760404 93.6 15834578602044848 78.0
249620900 75160760504 93.6 15834578813057248 78.0
256566100 75160760804 93.6 15834579446104864 78.0
256583000 75160760904 93.6 15834579657141760 78.0
256588800 75223022604 93.7 15885315820596736 78.3
257612900 75229680604 93.7 15892505964424704 78.3
262004400 75249797304 93.8 15910847355923968 78.4
266830600 75289377204 93.8 15940887625969152 78.5
266835400 75289377404 93.8 15940888048023040 78.5
266839400 75289378204 93.8 15940889736155008 78.5
268287600 75296166204 93.8 15948220204093312 78.6
268291000 75296166704 93.8 15948221259174912 78.6
272895800 75318540704 93.8 15968582677812224 78.7
277718800 75357793504 93.9 15998336770495488 78.8
279508600 75364631804 93.9 16005665056347136 78.8
284653400 75364633004 93.9 16005667588552448 78.8
284656800 75388139604 93.9 16027050129372928 79.0
289713000 75388140004 93.9 16027050973441344 79.0
289715400 75388140304 93.9 16027051606467264 79.0
289715500 75427074304 94.0 16056576048423616 79.1
289733500 75427074504 94.0 16056576470472928 79.1
294814600 75448334104 94.0 16075920636172512 79.2
296477200 75455469904 94.0 16083385646373088 79.2
296487200 75455470304 94.0 16083386490435360 79.2
302791100 75455470404 94.0 16083386701439760 79.2
302808300 75494926604 94.1 16113488449495824 79.4
302817300 75494926704 94.1 16113488660509424 79.4
308279000 75517118804 94.1 16133659083125488 79.5
309774700 75524632704 94.1 16141375457964784 79.5
316110500 75563686104 94.2 16171250134790896 79.7
321641500 75586115404 94.2 16191644302553840 79.8
323627800 75593966704 94.2 16199600168481520 79.8
330129600 75633504304 94.2 16229849627341552 79.9
336067300 75633504504 94.2 16229850049414544 79.9
336071300 75633504704 94.2 16229850471487344 79.9
336076900 75657288804 94.3 16251532877780848 80.1
338249700 75657288904 94.3 16251533088784848 80.1
338276100 75665573404 94.3 16259903427445200 80.1
345270200 75705105304 94.3 16290312244691408 80.2
351420500 75730381604 94.4 16313278284169680 80.4
351423800 75730381804 94.4 16313278706196880 80.4
351424600 75730381904 94.4 16313278706401680 80.4
353220600 75739058704 94.4 16322027270619536 80.4
353225400 75739058804 94.4 16322027481656640 80.4
353239200 75739059304 94.4 16322028536727936 80.4
361088800 75739059604 94.4 16322029169776512 80.4
361095200 75779351704 94.4 16353188981348224 80.6
367250000 75779352104 94.4 16353189825396416 80.6
367254600 75779352204 94.4 16353190036433312 80.6
367264800 75806904904 94.5 16378253909485984 80.7
369337800 75815995004 94.5 16387438016522656 80.7
369348800 75815995704 94.5 16387439493620000 80.7
378466600 75857077004 94.5 16419367716364576 80.9
385327400 75885674504 94.6 16445364738171168 81.0
385340200 75885674804 94.6 16445365371191392 81.0
385343500 75885675004 94.6 16445365793226880 81.0
385349400 75885676804 94.6 16445369591391872 81.0
385350200 75885677404 94.6 16445370857445504 81.0
385354800 75885677604 94.6 16445371279480000 81.0
385354900 75885677804 94.6 16445371701501312 81.0
385355100 75885678004 94.6 16445372123538208 81.0
387853500 75885678104 94.6 16445372334575104 81.0
387853900 75894798404 94.6 16454571161521664 81.1
403496200 75894798704 94.6 16454571794594688 81.1
403497200 75894798904 94.6 16454572216629280 81.1
403502600 75894799104 94.6 16454572638663872 81.1
403503200 75962801304 94.6 16510924528975424 81.3
403504900 75962801604 94.6 16510925162018624 81.3
403507700 75962802504 94.6 16510927061155264 81.3
403509500 75962802604 94.6 16510927272159456 81.3
403509700 75962802804 94.6 16510927694193568 81.3
403510300 75962803604 94.6 16510929382327456 81.3
405411900 75973128004 94.7 16521231557641376 81.4
412919200 75998741704 94.7 16544530945721504 81.5
412933100 75998741804 94.7 16544531156725904 81.5
422190900 76028066404 94.7 16571928604209296 81.6
422822600 76028066904 94.7 16571929659246672 81.6
422840300 76039914204 94.7 16576622151665744 81.7
425591700 76039914404 94.7 16576622573742640 81.7
425599100 76048682904 94.8 16585283230067248 81.7
425602500 76048683004 94.8 16585283441084544 81.7
425605100 76048683104 94.8 16585283652101744 81.7
433576200 76077577804 94.8 16611644848547440 81.8
442150700 76107409304 94.8 16639514962634352 82.0
442915900 76119801204 94.8 16644571617109616 82.0
442926100 76119801404 94.8 16644572039184208 82.0
442944000 76119801604 94.8 16644572461205520 82.0
444557000 76119801904 94.8 16644573094254224 82.0
444574300 76119802004 94.8 16644573305291120 82.0
444580900 76130410704 94.9 16655051319460208 82.0
451641200 76130411204 94.9 16655052374494896 82.0
451642200 76130411304 94.9 16655052585499296 82.0
451643500 76130411404 94.9 16655052796516400 82.0
451661600 76156580204 94.9 16678945242404912 82.2
459712800 76184336604 94.9 16704899148863536 82.3
459716300 76184337704 94.9 16704901469908016 82.3
460361000 76194956704 94.9 16709162375523376 82.3
460402700 76194957804 94.9 16709164696570160 82.3
461689800 76194958104 94.9 16709165329590768 82.3
461693900 76194958204 94.9 16709165540626672 82.3
461716600 76203432104 94.9 16717567782736112 82.4
469880600 76225819204 95.0 16737948300136688 82.5
477184100 76251197604 95.0 16761740508451056 82.6
477771200 76260648404 95.0 16765418995896560 82.6
477776000 76260648504 95.0 16765419206938256 82.6
477781700 76260649204 95.0 16765420684049168 82.6
481290900 76266711204 95.0 16771513002883856 82.6
481291900 76266711504 95.0 16771513635998544 82.6
481298200 76266711604 95.0 16771513847035440 82.6
487446800 76285471504 95.1 16788666196342320 82.7
495896600 76308354804 95.1 16810108461954608 82.8
496792400 76316710504 95.1 16813322820826672 82.8
497727400 76323184004 95.1 16819913537271344 82.9
497803300 76323184104 95.1 16819914829968944 82.9
497812600 76323184204 95.1 16819915041010640 82.9
503782300 76339070304 95.1 16834412548977616 82.9
512048800 76339070504 95.1 16834412971051824 82.9
512063000 76359964304 95.1 16854048131271472 83.0
512298800 76360272204 95.1 16854336621988656 83.0
512873800 76367756604 95.2 16857290732161840 83.0
515405200 76367995204 95.2 16857526907931440 83.0
515413800 76367995304 95.2 16857527118948432 83.0
515418900 76367995404 95.2 16857527329990128 83.0
516110900 76372929904 95.2 16862478944937456 83.1
523110200 76386206404 95.2 16874628577994224 83.1
523121500 76386206504 95.2 16874628789031120 83.1
529677200 76405616604 95.2 16892842065514704 83.2
530323700 76412292204 95.2 16895451759366352 83.2
533575300 76416598304 95.2 16899925758955728 83.2
533579600 76416598404 95.2 16899925969969328 83.2
541205700 76427788804 95.2 16910184493064368 83.3
550150300 76446321104 95.3 16927560631558320 83.4
550951000 76452562104 95.3 16930040276033712 83.4
551696200 76456973604 95.3 16934620356911280 83.4
551698600 76456973704 95.3 16934620567924880 83.4
555210300 76466424604 95.3 16943299820744848 83.5
564019800 76484683504 95.3 16960471351652496 83.5
564507500 76490453304 95.3 16962713906278544 83.6
566540800 76490453404 95.3 16962714117282544 83.6
566559900 76494620304 95.3 16967062818331376 83.6
566565700 76494620404 95.3 16967063029353680 83.6
566567700 76494620504 95.3 16967063240370976 83.6
566570300 76494620604 95.3 16967063451407872 83.6
570603400 76503493504 95.3 16975232177214976 83.6
576531000 76504165904 95.3 16975952311490048 83.6
577914100 76522193504 95.3 16992901995173376 83.7
578546900 76527849904 95.4 16995062202766848 83.7
580282700 76527890804 95.4 16995105378293248 83.7
580690500 76531916304 95.4 16999369196066304 83.7
584351100 76541565004 95.4 17008257194677760 83.8
594152900 76559383104 95.4 17024981887505920 83.9
594471700 76559383404 95.4 17024982520531840 83.9
594503700 76564963304 95.4 17027164876802944 83.9
596002200 76564963404 95.4 17027165087820048 83.9
596015100 76569255904 95.4 17031594412304656 83.9
601653800 76581192304 95.4 17042547738634512 84.0
610004000 76599271904 95.4 17059470099573008 84.0
610994700 76605212704 95.4 17061850462513424 84.0
615038800 76608862904 95.5 17065575458498832 84.1
615064400 76608863104 95.5 17065575880523024 84.1
625700400 76608863204 95.5 17065575880727824 84.1
625701200 76623324404 95.5 17078750120385808 84.1
632739800 76642075404 95.5 17096297415843088 84.2
633707100 76648468404 95.5 17098844828736784 84.2
635303200 76648468504 95.5 17098845039777984 84.2
635304000 76653782304 95.5 17104204035414208 84.3
642341700 76671035504 95.5 17119916909025472 84.3
654600800 76691351704 95.6 17138889499236544 84.4
655779500 76698258104 95.6 17141719464040640 84.4
659930100 76704268504 95.6 17147767558658240 84.5
659936900 76704268704 95.6 17147767980737024 84.5
659973300 76704268904 95.6 17147768402763616 84.5
659983200 76704269804 95.6 17147770301888608 84.5
672395100 76704269904 95.6 17147770512923504 84.5
672406500 76723619104 95.6 17165397366987632 84.6
676646900 76729671004 95.6 17171369651657584 84.6
691807700 76751239304 95.6 17191522087000944 84.7
692866600 76751239604 95.6 17191522720112048 84.7
692874300 76751239904 95.6 17191523353137520 84.7
692880400 76758766804 95.6 17194712249438576 84.7
705457700 76767144904 95.7 17202980146418032 84.7
705502600 76767145204 95.7 17202980779461808 84.7
705678500 76790692504 95.7 17224385273269424 84.8
705697900 76790694104 95.7 17224388649626032 84.8
719551900 76790694304 95.7 17224389071652016 84.8
719565900 76814706304 95.7 17246789110777008 85.0
719587700 76814706404 95.7 17246789321790800 85.0
720821700 76822803204 95.7 17250267540919632 85.0
720829000 76822803504 95.7 17250268173942032 85.0
720857500 76822803604 95.7 17250268384955632 85.0
720857900 76822803804 95.7 17250268806973616 85.0
725823800 76822803904 95.7 17250269018008208 85.0
725829700 76825147004 95.7 17252573950585488 85.0
725829900 76825148504 95.7 17252577115911312 85.0
740042100 76844357904 95.7 17269997159330960 85.1
751640300 76866349304 95.8 17290515937768592 85.2
751650700 76866349404 95.8 17290516148805488 85.2
752703800 76873217604 95.8 17293377741021040 85.2
755680300 76873217904 95.8 17293378374125232 85.2
755697100 76873218104 95.8 17293378796151920 85.2
755720500 76879750504 95.8 17300047282857072 85.2
764176400 76879751304 95.8 17300048970933872 85.2
764197000 76895826404 95.8 17314632769365616 85.3
764216600 76895826504 95.8 17314632980401312 85.3
780480900 76914329404 95.8 17331926943042720 85.4
781725400 76919986904 95.8 17334329495424160 85.4
783265900 76925010904 95.8 17339343674707104 85.4
783301300 76925011004 95.8 17339343885711104 85.4
788217000 76926376304 95.8 17340751563208448 85.4
788243000 76926376704 95.8 17340752407275648 85.4
803061800 76937832804 95.9 17351209082923136 85.5
813466400 76954334504 95.9 17366644961552512 85.5
814103100 76954335904 95.9 17366647915775872 85.5
814136200 76959158004 95.9 17368637736978304 85.6
814746600 76959158104 95.9 17368637947995600 85.6
814762700 76959158204 95.9 17368638158999696 85.6
814768900 76962907804 95.9 17372445574631568 85.6
822454000 76971713504 95.9 17380503217442960 85.6
835595600 76971714004 95.9 17380504272463888 85.6
835600600 76987389304 95.9 17395203353438224 85.7
836465800 76991645004 95.9 17396981088479248 85.7
836469400 76991646304 95.9 17396983831645968 85.7
840320400 76995136304 95.9 17400481594134288 85.7
843897600 77002822704 95.9 17407532815273744 85.8
843900000 77002822804 95.9 17407533026309648 85.8
843908500 77002823504 95.9 17407534503391248 85.8
854918700 77018220604 96.0 17421974520033296 85.8
855338800 77018221104 96.0 17421975575094416 85.8
855346500 77022438204 96.0 17423754816808080 85.8
855369000 77022438304 96.0 17423755027812272 85.8
855370200 77022438404 96.0 17423755238825568 85.8
855710400 77026159904 96.0 17427541043306080 85.8
864638700 77035967704 96.0 17436499358375520 85.9
877448400 77051404404 96.0 17450946616483424 86.0
878869700 77051404504 96.0 17450946827488032 86.0
878874900 77055964904 96.0 17452915056544544 86.0
878875300 77055966004 96.0 17452917377645600 86.0
878877100 77055966504 96.0 17452918432731424 86.0
878880800 77055967404 96.0 17452920331874464 86.0
878890900 77055967604 96.0 17452920753906560 86.0
878892800 77055968404 96.0 17452922441953920 86.0
885063200 77055968504 96.0 17452922652958224 86.0
885069400 77055968704 96.0 17452923074988720 86.0
885074700 77055969004 96.0 17452923708036336 86.0
885075500 77055969204 96.0 17452924130072048 86.0
885084700 77055969504 96.0 17452924763126064 86.0
885093400 77060203404 96.0 17457079933745456 86.0
885094400 77060203504 96.0 17457080144767360 86.0
885094600 77060203704 96.0 17457080566797856 86.0
885095200 77060204204 96.0 17457081621872288 86.0
896270300 77060204704 96.0 17457082676960160 86.0
896297500 77073576204 96.0 17469248402512800 86.1
896315600 77073576804 96.0 17469249668548256 86.1
896316800 77073577104 96.0 17469250301598240 86.1
911831700 77090937504 96.1 17485512316557856 86.1
913593000 77090937704 96.1 17485512738586272 86.1
913595600 77090937804 96.1 17485512949590672 86.1
913600900 77090938104 96.1 17485513582629584 86.1
913610500 77096275504 96.1 17487848500810448 86.1
913614900 77096275604 96.1 17487848711822848 86.1
913627600 77096275904 96.1 17487849344853632 86.1
916601800 77096276204 96.1 17487849977897920 86.1
916615700 77102189704 96.1 17493661718242240 86.2
933369300 77102191204 96.1 17493664883463616 86.2
933389700 77118044104 96.1 17507990651459008 86.2
933418400 77118044804 96.1 17507992128614464 86.2
954321500 77138219004 96.1 17526780223975488 86.3
955302200 77144377304 96.1 17529540130795584 86.4
961214000 77149166404 96.1 17534314849923136 86.4
961222700 77149167004 96.1 17534316116020800 86.4
979238000 77168717704 96.2 17551992202825280 86.5
996971300 77188310604 96.2 17570268727316032 86.6
997532600 77188310704 96.2 17570268938320032 86.6
997556900 77188774104 96.2 17570701957216416 86.6
997571800 77188774304 96.2 17570702379250624 86.6
998438600 77188776504 96.2 17570707021382592 86.6
998473800 77194283304 96.2 17573219095954368 86.6
1003756800 77194290604 96.2 17573234500213696 86.6
1003797400 77194609904 96.2 17573544700419008 86.6
1005204700 77200364004 96.2 17579215520013248 86.6
1020320400 77200364104 96.2 17579215731049152 86.6
1020324100 77213642704 96.2 17591255923180224 86.7
1020324600 77213643104 96.2 17591256767226048 86.7
1020354800 77213643804 96.2 17591258244256064 86.7
1020356000 77213643904 96.2 17591258455273056 86.7
1035613600 77229117704 96.2 17605696096890464 86.7
1036827900 77233349404 96.2 17607636936355424 86.7
1036840600 77233349504 96.2 17607637147397120 86.7
1040841600 77237223704 96.2 17611419611376640 86.8
1050352900 77245489204 96.2 17618960545295360 86.8
1066420900 77259040804 96.3 17631654682897408 86.9
1067505600 77259041104 96.3 17631655315923200 86.9
1067563200 77262538404 96.3 17633193924911360 86.9
1068129500 77265554804 96.3 17636271961301248 86.9
1068174200 77265554904 96.3 17636272172320944 86.9
1068186400 77265555404 96.3 17636273227418736 86.9
1068209600 77265555804 96.3 17636274071498544 86.9
1076095400 77265651004 96.3 17636364876746544 86.9
1077055800 77272186804 96.3 17642352758984496 86.9
1077095700 77272187504 96.3 17642354236114992 86.9
1083788400 77274165004 96.3 17644342570567728 86.9
1091673900 77287387004 96.3 17656714059237424 87.0
1092674800 77290789804 96.3 17658209321535536 87.0
1099289300 77290790104 96.3 17658209954564528 87.0
1099333700 77290790204 96.3 17658210165596032 87.0
1099357500 77291814004 96.3 17659217701904256 87.0
1099365500 77291814104 96.3 17659217912908656 87.0
1116171000 77301303204 96.3 17667889073867632 87.0
1116188500 77301303604 96.3 17667889917942960 87.0
1135783300 77315327904 96.3 17680984874769584 87.1
1137223400 77315328304 96.3 17680985718827376 87.1
1137223600 77315328904 96.3 17680986984914800 87.1
1137229300 77319384804 96.3 17682829341597552 87.1
1137229700 77319384904 96.3 17682829552632144 87.1
1137237300 77319385104 96.3 17682829974653744 87.1
1137239700 77319385304 96.3 17682830396698832 87.1
1137271700 77319387204 96.3 17682834406031504 87.1
1144781000 77324927204 96.3 17688222145757328 87.1
1160300700 77338894304 96.4 17700890857488528 87.2
1160301900 77338894404 96.4 17700891068523120 87.2
1160327500 77338894904 96.4 17700892123640624 87.2
1184177400 77355490504 96.4 17716359041168176 87.3
1184248100 77355490804 96.4 17716359674219376 87.3
1185881500 77360318904 96.4 17718583669574512 87.3
1185895400 77360319404 96.4 17718584513928816 87.3
1209032100 77360319704 96.4 17718585146972208 87.3
1209039900 77360320904 96.4 17718587679151408 87.3
1209040900 77360321404 96.4 17718588734211504 87.3
1209058000 77372335404 96.4 17729431642342832 87.3
1212258700 77372335804 96.4 17729432486373424 87.3
1212273300 77372335904 96.4 17729432697377616 87.3
1212282000 77372336004 96.4 17729432908395024 87.3
1212291700 77372336304 96.4 17729433541409808 87.3
1212294900 77378236504 96.4 17735155955661840 87.4
1212296100 77378236604 96.4 17735156166666240 87.4
1212316000 77378237704 96.4 17735158487824640 87.4
1236549000 77393258704 96.4 17749139311016192 87.4
1236552700 77393259304 96.4 17749140577238016 87.4
1238793200 77396429004 96.4 17750729432415232 87.4
1238807400 77396429904 96.4 17750731331526656 87.4
1247078700 77396430204 96.4 17750731964565248 87.4
1247106500 77396430404 96.4 17750732386586752 87.4
1247106800 77396431504 96.4 17750734707686272 87.4
1247134200 77399778204 96.4 17753490419153792 87.5
1247135400 77399778504 96.4 17753491052179968 87.5
1247135600 77399778804 96.4 17753491685193152 87.5
1265966800 77399779904 96.4 17753494006293952 87.5
1265971800 77399780004 96.4 17753494217298144 87.5
1265972000 77399780104 96.4 17753494428302544 87.5
1265988300 77399780204 96.4 17753494639306352 87.5
1266011200 77410350204 96.5 17763064494384752 87.5
1266011900 77410352304 96.5 17763068925546096 87.5
1281176300 77422325304 96.5 17774250643263088 87.6
1281837700 77424792304 96.5 17775456365940336 87.6
1281869300 77424794004 96.5 17775459953098352 87.6
1288916300 77425041604 96.5 17775718530301552 87.6
1290134400 77425041804 96.5 17775718952356336 87.6
1290172000 77431155704 96.5 17781283579513328 87.6
1296916400 77431377804 96.5 17781488777841136 87.6
1297275900 77436650004 96.5 17786421852916208 87.6
1308814400 77437760104 96.5 17787146399664624 87.6
1316527600 77448893504 96.5 17797573770758640 87.7
1316680300 77449057304 96.5 17797737481521648 87.7
1318043300 77451403104 96.5 17798855902120432 87.7
1328063800 77458693904 96.5 17805502096099824 87.7
1328066700 77458694104 96.5 17805502518121232 87.7
1328093500 77458694404 96.5 17805503151165456 87.7
1328118500 77458695504 96.5 17805505472344336 87.7
1328119500 77458696104 96.5 17805506738411152 87.7
1349324500 77470952704 96.5 17816920226027152 87.8
1350709800 77473790504 96.5 17818401715803792 87.8
1376051500 77482820204 96.5 17826542693144208 87.8
1379634000 77487459704 96.5 17830644646958736 87.8
1379644100 77487460004 96.5 17830645280002704 87.8
1380958000 77487460404 96.5 17830646124039120 87.8
1380958800 77487460704 96.5 17830646757078992 87.8
1380967600 77487460904 96.5 17830646968730288 87.8
1380984200 77487581604 96.5 17830758000951984 87.8
1380992400 77487581904 96.5 17830758633991408 87.8
1390271900 77489635304 96.6 17832749096791280 87.8
1407799800 77501664404 96.6 17843582974586096 87.9
1416910700 77503610504 96.6 17845501050645744 87.9
1448738900 77517727404 96.6 17858616790248688 88.0
1448749400 77517728504 96.6 17858619111388400 88.0
1448752100 77517728904 96.6 17858619955431408 88.0
1448757700 77517729904 96.6 17858622065539184 88.0
1448760700 77517730804 96.6 17858623964627824 88.0
1448771800 77517731204 96.6 17858624808658928 88.0
1448771900 77517732004 96.6 17858626496781936 88.0
1448772600 77517732204 96.6 17858626918816144 88.0
1448775500 77517732604 96.6 17858627762846416 88.0
1450587900 77517735904 96.6 17858634726191312 88.0
1450597500 77517736104 96.6 17858635148212720 88.0
1450622700 77520933804 96.6 17860294698908144 88.0
1476247800 77528816404 96.6 17867431736031728 88.0
1479178600 77532689904 96.6 17870606564375024 88.0
1497319200 77543456804 96.6 17880627890141680 88.1
1499087300 77545679704 96.6 17881726971984368 88.1
1499120900 77545679804 96.6 17881727182988368 88.1
1507519000 77550873704 96.6 17886500348650576 88.1
1514456500 77553662704 96.6 17889031773119568 88.1
1535912100 77563127604 96.6 17897901408019536 88.2
1537211800 77565058604 96.6 17898853452375120 88.2
1573519300 77575059404 96.7 17908184693498960 88.2
1598160500 77584263404 96.7 17916475884594256 88.3
1602270500 77587971704 96.7 17919808977134672 88.3
1604035900 77587972104 96.7 17919809821193296 88.3
1604042000 77587972304 96.7 17919810243226384 88.3
1604045200 77587972804 96.7 17919811298269776 88.3
1604062900 77587972904 96.7 17919811509274176 88.3
1604068700 77590338004 96.7 17921045468792384 88.3
1604083600 77590338304 96.7 17921046101820672 88.3
1604218300 77590809504 96.7 17921185891288320 88.3
1634723100 77598685704 96.7 17928266962240768 88.3
1645329000 77601907704 96.7 17931273601877248 88.3
1673257600 77601907904 96.7 17931274023921536 88.3
1673279900 77613027104 96.7 17941640825071488 88.4
1674933400 77615432104 96.7 17942948317161344 88.4
1674960900 77615432404 96.7 17942948950199936 88.4
1698177400 77621084504 96.7 17948069954735744 88.4
1702808200 77624129504 96.7 17950623321968256 88.4
1733184800 77631935504 96.7 17957933063229056 88.5
1734355800 77631935904 96.7 17957933907308544 88.5
1734374300 77633488604 96.7 17958709958799360 88.5
1734428900 77633769304 96.7 17958793573199872 88.5
1748189000 77638696904 96.7 17963296395522048 88.5
1749987300 77640895804 96.7 17965426108952576 88.5
1750009900 77640896504 96.7 17965427586034432 88.5
1750024600 77640896904 96.7 17965428430111360 88.5
1772162400 77648716804 96.7 17972748294324864 88.5
1772186500 77648717704 96.7 17972750193380480 88.5
1774594900 77648717804 96.7 17972750404384480 88.5
1774641600 77650464704 96.8 17973644137494240 88.5
1785557300 77653065504 96.8 17975777045411552 88.5
1785581500 77653065604 96.8 17975777256428656 88.5
1785594200 77653065704 96.8 17975777467441856 88.5
1785609400 77653065904 96.8 17975777889450656 88.5
1820543900 77653066104 96.8 17975778311472160 88.5
1820555300 77660492304 96.8 17982489992692768 88.6
1820556600 77660492404 96.8 17982490203706368 88.6
1863230300 77669264504 96.8 17990667981870080 88.6
1865382300 77669264704 96.8 17990668403899072 88.6
1865396600 77671325604 96.8 17991780308908736 88.6
1870482400 77675188804 96.8 17995037571578560 88.6
1870505900 77675188904 96.8 17995037782582864 88.6
1908441700 77675189304 96.8 17995038626726672 88.6
1908444700 77675190204 96.8 17995040525763984 88.6
1908476100 77680199604 96.8 17999609118967184 88.7
1933810000 77686295304 96.8 18005312986006928 88.7
1933826700 77686295804 96.8 18005314041070032 88.7
1935455600 77687533504 96.8 18005933046940112 88.7
1941196900 77689369504 96.8 18007642812629456 88.7
1941209600 77689370004 96.8 18007643867730256 88.7
1952871400 77689370104 96.8 18007644078734560 88.7
1952896800 77693022404 96.8 18010952845360352 88.7
1974535100 77699290804 96.8 18016819501202656 88.8
1986051800 77701200904 96.8 18018597770624224 88.8
1988221800 77702654204 96.8 18019347532938464 88.8
1988228300 77702655204 96.8 18019349643081824 88.8
1988242200 77702656804 96.8 18019353019279712 88.8
2028398200 77708674504 96.8 18024776648092000 88.8
2028404600 77708675004 96.8 18024777703122272 88.8
2028424700 77708675704 96.8 18024779180220000 88.8
2070648600 77714894204 96.8 18030570478050912 88.8
2072896700 77717547904 96.8 18032882379988576 88.8
2074765900 77718855004 96.8 18033582115397216 88.8
2085384100 77721620604 96.8 18036097924996704 88.8
2114947500 77726207504 96.8 18040389274443360 88.9
2123934600 77727826204 96.8 18041780401741408 88.9
2125585700 77728792404 96.8 18042257856536160 88.9
2150190400 77732366404 96.9 18045501753532000 88.9
2163885800 77734513304 96.9 18047336762056288 88.9
2203505300 77739822904 96.9 18052279596228192 88.9
2203529900 77739823004 96.9 18052279807232592 88.9
2205858400 77740971404 96.9 18052883054643792 88.9
2251232300 77744006304 96.9 18055628367383120 88.9
2255497700 77745348304 96.9 18056819374344784 88.9
2290583900 77749276804 96.9 18060483715713616 89.0
2292234400 77750021204 96.9 18060871162514000 89.0
2301806000 77752190104 96.9 18062856276265552 89.0
2301836600 77752306404 96.9 18062892388944464 89.0
2315450300 77753875004 96.9 18064347626834512 89.0
2359269700 77758287504 96.9 18068475903838800 89.0
2404841100 77761591804 96.9 18071455154145872 89.0
2407161200 77762547104 96.9 18071932614019664 89.0
2407177900 77762548104 96.9 18071934724054608 89.0
2413115500 77763737904 96.9 18072951618182736 89.0
2451972700 77767013804 96.9 18076005063106128 89.0
2478652000 77768859604 96.9 18077679071960656 89.1
2480323900 77769466604 96.9 18078010172808784 89.1
2495458000 77770569804 96.9 18078968815590992 89.1
2495477500 77770570104 96.9 18078969448697424 89.1
2545423200 77773878504 96.9 18082057600962128 89.1
2549423400 77774519104 96.9 18082388180242000 89.1
2596404400 77777377304 96.9 18084956617084496 89.1
2596423500 77777378204 96.9 18084958516144208 89.1
2605684600 77778172204 96.9 18085654864586832 89.1
2650729000 77780345504 96.9 18087682101209168 89.1
2652087500 77780751504 96.9 18087909269973072 89.1
2684678400 77782052104 96.9 18089091729729616 89.1
2696938400 77782781304 96.9 18089756633606224 89.1
2750170100 77784379004 96.9 18091191520995408 89.1
2798352400 77786289704 96.9 18092972047607888 89.1
2801039200 77786656204 96.9 18093183340750928 89.1
2801218600 77786714504 96.9 18093199971222608 89.1
2808460900 77787016104 96.9 18093520867230800 89.1
2808486200 77787016404 96.9 18093521500243088 89.1
2847732700 77787932004 96.9 18094347877155984 89.1
2895328900 77789049504 96.9 18095389966730384 89.1
2897931300 77789268504 96.9 18095503265195152 89.1
2909073600 77789488904 96.9 18095714359501968 89.1
2949946100 77790058904 96.9 18096221569213584 89.1
2992832400 77790631704 96.9 18096755786114192 89.1
2994952300 77790731904 96.9 18096807589901456 89.1
2995075100 77790744704 96.9 18096811253159056 89.1
2995116000 77790747904 96.9 18096812761920656 89.1
3004592500 77790797304 96.9 18096857991296144 89.1
3056571000 77791020804 96.9 18097060321260688 89.1
3058508300 77791052504 96.9 18097076814376080 89.1
3098640500 77791212004 96.9 18097222744206480 89.1