# 33653131264 7185580681068544 950340 956299000 705455366525100 0 0
400 22635677696 67.3 -1536290474426368 -21.4
916700 26059277568 77.4 1227984568582144 17.1
1512600 26925798400 80.0 1904078724530176 26.5
2040500 27415348288 81.5 2285024875380736 31.8
2523600 27753081472 82.5 2548314021036032 35.5
2970200 28010388672 83.2 2749720573247488 38.3
3393900 28218034768 83.8 2912649536864256 40.5
3795400 28391756176 84.4 3049292025561088 42.4
4178900 28540955472 84.8 3166879958958080 44.1
4555600 28671310976 85.2 3269960331689984 45.5
4916100 28786822176 85.5 3361581102530560 46.8
5275900 28890413880 85.8 3443792724099072 47.9
5610000 28984240088 86.1 3518422293938176 49.0
5946300 29069652888 86.4 3586389018935296 49.9
6273300 29147997192 86.6 3648826363609088 50.8
6591900 29220342792 86.8 3706398974148608 51.6
6900900 29287640488 87.0 3760097108951040 52.3
7202700 29350345988 87.2 3810124690882560 53.0
7512300 29409189788 87.4 3857174392471552 53.7
7808100 29464318788 87.6 3901285963137024 54.3
8106500 29464319288 87.6 3901287018327808 54.3
8106800 29516382188 87.7 3942898863501056 54.9
8682700 29612264284 88.0 4019558048657152 55.9
8692200 29612658184 88.0 4019768384171776 55.9
9266400 29698379784 88.2 4088678663991040 56.9
9275100 29699130784 88.3 4089068278263552 56.9
9817700 29777122688 88.5 4151735672123136 57.8
9829700 29777802988 88.5 4152076936720128 57.8
10371100 29849155692 88.7 4209432596885248 58.6
10381200 29849792492 88.7 4209777485295360 58.6
10906500 29915885792 88.9 4263152323145472 59.3
10916600 29916477492 88.9 4263455964802816 59.3
11453500 29977674192 89.1 4312947544043264 60.0
11466500 29978244092 89.1 4313223465840384 60.0
11988500 30035212092 89.2 4359155209252608 60.7
11996900 30035754692 89.3 4359441501957888 60.7
12509000 30089019792 89.4 4402261470260992 61.3
12520700 30089539192 89.4 4402522260123392 61.3
13006800 30139412292 89.6 4442685044567808 61.8
13017500 30139877192 89.6 4442913418571520 61.8
13521300 30186744392 89.7 4480612229771008 62.4
13534300 30187192392 89.7 4480839394946816 62.4
13536500 30187630492 89.7 4480930146332416 62.4
14284700 30252385292 89.9 4533404253204224 63.1
14295800 30253040592 89.9 4533749523689216 63.1
14298100 30253678192 89.9 4533888870018816 63.1
14989900 30253678292 89.9 4533888871042816 63.1
14991000 30313518492 90.1 4582350115311360 63.8
14992200 30314097692 90.1 4582467442364160 63.8
15731400 30369721792 90.2 4627403411869440 64.4
15733600 30369721992 90.2 4627403833943040 64.4
15737300 30370264192 90.2 4627518174807040 64.4
16426000 30421749992 90.4 4669170880889856 65.0
16426100 30421750092 90.4 4669171091925056 65.0
16427700 30422249192 90.4 4669275926177856 65.0
17078200 30470119592 90.5 4707969278158912 65.5
17078700 30470598892 90.5 4708067032254528 65.5
17714500 30515288492 90.7 4744241176201280 66.0
17716200 30515288592 90.7 4744241387236784 66.0
17719700 30515733592 90.7 4744337281150384 66.0
18356100 30515733792 90.7 4744337703220880 66.0
18356400 30515733892 90.7 4744337914255776 66.0
18356600 30557778692 90.8 4778158135105952 66.5
18384100 30558804392 90.8 4778502349019552 66.5
19133000 30610168892 91.0 4820098239060384 67.1
19152400 30611325292 91.0 4820493851416992 67.1
19910800 30658545192 91.1 4858851122207136 67.6
19931700 30659669492 91.1 4859251369171360 67.6
20677500 30703412192 91.2 4894626082970016 68.1
20679500 30703412292 91.2 4894626294007120 68.1
20701300 30703834892 91.2 4894827240080720 68.1
20704100 30704318792 91.2 4894925782410576 68.1
21387300 30744688892 91.4 4927678722762064 68.6
21400200 30745233292 91.4 4927933383779664 68.6
21404200 30745700092 91.4 4928031394096464 68.6
22055700 30745700192 91.4 4928031605133264 68.6
22056700 30783319992 91.5 4958577794224080 69.0
22077800 30783835092 91.5 4958813348827088 69.0
22078600 30783835192 91.5 4958813559863488 69.0
22082100 30784403492 91.5 4958933959620800 69.0
22945700 30828072392 91.6 4994511811950784 69.5
22972900 30828072492 91.6 4994512022989984 69.5
22973900 30828580292 91.6 4994752048786592 69.5
22978900 30829089792 91.6 4994861649038496 69.5
23907500 30869571492 91.7 5027698444012704 70.0
23926200 30869571692 91.7 5027698866090496 70.0
23929300 30870085492 91.7 5027809561309696 70.0
23929400 30870671392 91.7 5028078303343104 70.0
24762500 30908687592 91.8 5058635538133504 70.4
24764300 30908687692 91.8 5058635749175200 70.4
24765300 30908687792 91.8 5058635960217200 70.4
24765700 30909165592 91.8 5058736484454000 70.4
25621600 30909165892 91.8 5058737117562480 70.4
25622100 30909165992 91.8 5058737328599184 70.4
25622900 30944746792 92.0 5087356891410576 70.8
25656300 30945815592 92.0 5087706464530576 70.8
26655400 30984927892 92.1 5119489354641552 71.2
26698300 30985848092 92.1 5119812270796944 71.3
27554100 31021977992 92.2 5148928244166800 71.7
27555200 31021978192 92.2 5148928666243312 71.7
27558400 31021978292 92.2 5148928877280608 71.7
27577800 31021978392 92.2 5148929088317808 71.7
27581000 31023003792 92.2 5149280332081520 71.7
28523600 31023003892 92.2 5149280543123520 71.7
28524900 31023004192 92.2 5149281176235328 71.7
28526700 31056565392 92.3 5176508615994688 72.0
28561200 31057047392 92.3 5176730104065344 72.0
28565900 31057047492 92.3 5176730315101248 72.0
28566500 31057493592 92.3 5176824300278848 72.0
29364100 31057494292 92.3 5176825777550784 72.0
29364300 31088987392 92.4 5202161531680192 72.4
29364600 31088987592 92.4 5202161953763904 72.4
29400600 31089595792 92.4 5202441023451712 72.4
29404700 31090119092 92.4 5202552607707712 72.4
29406100 31090119492 92.4 5202553451856320 72.4
30542600 31090119592 92.4 5202553662891328 72.4
30542800 31090119792 92.4 5202554084964928 72.4
30544700 31124766792 92.5 5229950712461888 72.8
30583000 31125257992 92.5 5230180219632192 72.8
30589100 31125767992 92.5 5230293754608192 72.8
31607400 31157351292 92.6 5255782537919040 73.1
31608500 31157351492 92.6 5255782959992544 73.1
31626700 31157907492 92.6 5256055251521248 73.1
31631200 31158383492 92.6 5256158041034464 73.1
31632100 31158383892 92.6 5256158885182368 73.1
32585000 31187827392 92.7 5280144897604512 73.5
32586800 31187827592 92.7 5280145319678400 73.5
32625700 31187827692 92.7 5280145530713504 73.5
32626100 31187827792 92.7 5280145741755504 73.5
32630100 31187827892 92.7 5280145952796608 73.5
32630500 31188766092 92.7 5280483865948096 73.5
33576300 31220252292 92.8 5305973473439680 73.8
33611800 31220354592 92.8 5305996342527936 73.8
33618300 31220854392 92.8 5306229071316928 73.8
33621700 31221302792 92.8 5306324183304128 73.8
34811400 31250647192 92.9 5330190106511296 74.2
34819400 31250797292 92.9 5330222929602496 74.2
34843800 31251324792 92.9 5330453728749504 74.2
34848200 31251324892 92.9 5330453939786208 74.2
34850600 31251324992 92.9 5330454150822608 74.2
35938400 31281760292 93.0 5355177050028752 74.5
36009700 31282687292 93.0 5355480514280144 74.5
36010600 31282687492 93.0 5355480936354352 74.5
36011500 31282687592 93.0 5355481147391152 74.5
36011900 31282687692 93.0 5355481358428560 74.5
37010900 31310696592 93.0 5378312098048400 74.8
37044600 31310696692 93.0 5378312309085200 74.8
37044800 31310696892 93.0 5378312731159696 74.8
37051600 31311704892 93.0 5378662802156688 74.9
38169600 31340706092 93.1 5402337697885328 75.2
38236200 31340748292 93.1 5402347052125328 75.2
38244600 31341806592 93.1 5402722023918736 75.2
38244900 31341906392 93.1 5402745420270736 75.2
38248100 31341906492 93.1 5402745631307536 75.2
39589400 31368863992 93.2 5424650501388048 75.5
39624300 31368864092 93.2 5424650712424448 75.5
39624700 31368864392 93.2 5424651345544064 75.5
39627700 31369727492 93.2 5424988324184960 75.5
40861800 31397195692 93.3 5447336175682432 75.8
40906800 31398282392 93.3 5447714035352448 75.8
40907000 31398282592 93.3 5447714457426368 75.8
40908900 31398283092 93.3 5447715512616384 75.8
40914800 31398488192 93.3 5447760977991104 75.8
42236600 31424126892 93.4 5468578923550144 76.1
42303000 31424177892 93.4 5468601277470144 76.1
42313100 31424778592 93.4 5468855469495744 76.1
42315700 31424778792 93.4 5468855891570336 76.1
42374800 31425215092 93.4 5469045733797536 76.1
43719300 31451013992 93.5 5490113261416096 76.4
43782100 31451014092 93.5 5490113472453392 76.4
43782900 31451630892 93.5 5490290703768336 76.4
43787100 31451630992 93.5 5490290914804032 76.4
45066500 31475605592 93.5 5509877446263104 76.7
45092600 31476621992 93.5 5510237931356480 76.7
45103800 31476734892 93.5 5510265200886080 76.7
45104200 31476734992 93.5 5510265411923280 76.7
45107400 31476735092 93.5 5510265412537680 76.7
45184500 31476735192 93.5 5510265623574480 76.7
45188100 31477084492 93.5 5510416624662480 76.7
46347500 31477495992 93.5 5510507376457680 76.7
46349000 31501516492 93.6 5530121261070288 77.0
46420700 31501609092 93.6 5530143631947728 77.0
46432200 31502046392 93.6 5530334714313744 77.0
47758000 31502141492 93.6 5530356909104144 77.0
47760500 31502141892 93.6 5530357753251728 77.0
47762900 31502141992 93.6 5530357964288832 77.0
47764700 31502852292 93.6 5530661601784640 77.0
47771200 31525187292 93.7 5548749162394432 77.2
49111800 31525349192 93.7 5548784548221760 77.2
49118500 31547752792 93.7 5567038014526272 77.5
49126900 31547752892 93.7 5567038225563072 77.5
49127000 31548307392 93.7 5567301491670464 77.5
49140100 31548536092 93.7 5567351217520064 77.5
49189500 31548718192 93.7 5567437735689664 77.5
50760300 31570893892 93.8 5585557699395008 77.7
50852000 31570894092 93.8 5585558121467328 77.7
50853600 31571187092 93.8 5585687007727040 77.7
50853800 31571187192 93.8 5585687218763440 77.7
50861400 31571622492 93.8 5585788546725552 77.7
52051700 31571622592 93.8 5585788757762656 77.7
52056300 31593411092 93.9 5603615069856352 78.0
52127400 31594006592 93.9 5603879212081760 78.0
52136500 31594006692 93.9 5603879423118960 78.0
52138900 31594321792 93.9 5603952144117360 78.0
52140500 31594321992 93.9 5603952566190768 78.0
52771400 31594876492 93.9 5604168989000368 78.0
52889400 31594894992 93.9 5604175707259568 78.0
52894600 31598292292 93.9 5606714844267184 78.0
52901100 31615327192 93.9 5620908530483888 78.2
52944000 31615346492 93.9 5620915525837488 78.2
53005700 31615574392 93.9 5620986329088688 78.2
53021100 31615595092 93.9 5620993674855088 78.2
53021200 31615617792 93.9 5621001236480688 78.2
53048800 31615707492 93.9 5621022649735856 78.2
53051400 31615751192 93.9 5621041959918256 78.2
53053300 31615787392 93.9 5621058001287856 78.2
53055200 31615787592 93.9 5621058423361840 78.2
53151300 31615825892 93.9 5621076560449840 78.2
53172800 31615889592 93.9 5621100485800240 78.2
53177200 31616095992 93.9 5621183395189040 78.2
53222000 31616117292 93.9 5621193494081840 78.2
53419100 31616323192 93.9 5621280806056240 78.2
53457200 31632138892 94.0 5634520598491440 78.4
53469700 31648358392 94.0 5648059068363056 78.6
53547300 31648384292 94.0 5648064487650608 78.6
53549300 31648384392 94.0 5648064698687600 78.6
53550800 31648406792 94.0 5648073942745200 78.6
53551700 31652543892 94.1 5651007591530608 78.6
53561500 31652686692 94.1 5651039432810608 78.6
53564400 31652981792 94.1 5651110413418608 78.6
53644900 31656299592 94.1 5653563388149872 78.7
53657600 31656350892 94.1 5653576416911472 78.7
53665800 31656674592 94.1 5653720069775472 78.7
53670600 31656674692 94.1 5653720280812768 78.7
53673200 31656813192 94.1 5653754624543968 78.7
53673600 31656854592 94.1 5653766119763168 78.7
53674400 31657043892 94.1 5653826150329568 78.7
53705000 31674328092 94.1 5668170806324448 78.9
53858900 31677827892 94.1 5670659027102944 78.9
53887000 31677913592 94.1 5670697522130144 78.9
53891800 31677914092 94.1 5670698577314528 78.9
53895300 31677998092 94.1 5670729928508128 78.9
54014200 31678149892 94.1 5670790219842272 78.9
54033600 31678339992 94.1 5670840471507680 78.9
54080100 31678725192 94.1 5670982317609696 78.9
54224900 31696077592 94.2 5685400851026656 79.1
54274400 31696097192 94.2 5685410243973856 79.1
54303700 31709825992 94.2 5696945908519648 79.3
54361300 31709914392 94.2 5696972240884448 79.3
54363000 31710011892 94.2 5697017938203360 79.3
54376200 31710033292 94.2 5697027835368160 79.3
54408500 31710071792 94.2 5697045280232160 79.3
54428000 31710134592 94.2 5697075704296160 79.3
54429300 31710310392 94.2 5697155388699360 79.3
54431200 31710445092 94.2 5697217465811680 79.3
54486700 31710463592 94.2 5697225501442272 79.3
54499200 31710507792 94.2 5697244330139872 79.3
54548900 31713741592 94.2 5699589008728288 79.3
54555300 31713937292 94.2 5699645744472288 79.3
54555700 31713955192 94.2 5699654184075488 79.3
54571800 31713973692 94.2 5699661700235488 79.3
54582100 31714031192 94.2 5699683463921888 79.3
54602600 31714202592 94.2 5699741332713696 79.3
54638700 31717591092 94.2 5702291860664544 79.4
54639800 31717788592 94.2 5702342130151648 79.4
54648400 31717828892 94.2 5702357771434208 79.4
54656100 31717853092 94.2 5702366943811808 79.4
54663900 31717930892 94.2 5702386677520608 79.4
54665100 31717931092 94.2 5702387099598496 79.4
54665900 31717953892 94.2 5702395991809696 79.4
54670900 31717953992 94.2 5702396202850800 79.4
54674500 31737896592 94.3 5718662651189744 79.6
54680400 31737964592 94.3 5718690492594672 79.6
54690900 31738055492 94.3 5718713834766832 79.6
54773600 31738273792 94.3 5718806925173232 79.6
54777500 31738676092 94.3 5718974420820464 79.6
54778100 31738774592 94.3 5719014835642864 79.6
55227700 31739133992 94.3 5719171831423472 79.6
55290700 31739277092 94.3 5719208751333872 79.6
55293800 31739375192 94.3 5719248258277872 79.6
55318800 31739405492 94.3 5719262364082672 79.6
55319200 31739453792 94.3 5719273550853616 79.6
55319600 31758916792 94.4 5735237323535856 79.8
55335500 31759326292 94.4 5735333265036784 79.8
55426200 31759521592 94.4 5735419374720496 79.8
55429100 31759633692 94.4 5735447423514096 79.8
55905700 31759692492 94.4 5735468588570096 79.8
55935900 31778750292 94.4 5751129540892144 80.0
55937800 31778815192 94.4 5751146373998064 80.0
55942600 31778815392 94.4 5751146796079056 80.0
56004500 31778843392 94.4 5751159562789840 80.0
56004900 31778843492 94.4 5751159773824944 80.0
56040800 31778922892 94.4 5751201171687344 80.0
56043600 31779153392 94.4 5751298511988656 80.0
56215800 31796549092 94.5 5765721544845232 80.2
56270900 31796570392 94.5 5765731744499632 80.2
56289300 31796645292 94.5 5765763064154032 80.2
56302300 31797116092 94.5 5765880702388144 80.2
56307800 31800361892 94.5 5768301139281840 80.3
56383400 31800402992 94.5 5768318608926640 80.3
56383700 31800403392 94.5 5768319453070640 80.3
56406200 31800614992 94.5 5768366908712240 80.3
56421400 31800671892 94.5 5768392527963440 80.3
56438800 31800708992 94.5 5768408426382640 80.3
56441800 31800728692 94.5 5768416839771440 80.3
56678900 31800797792 94.5 5768444409947440 80.3
56716100 31800862692 94.5 5768461315163440 80.3
56717700 31819965292 94.6 5783874810889520 80.5
56719000 31819965492 94.6 5783875232963440 80.5
56719600 31820090892 94.6 5783902090845040 80.5
56719900 31820137292 94.6 5783918583798640 80.5
56737500 31820198092 94.6 5783933817735024 80.5
56745000 31820744092 94.6 5784186360399728 80.5
56752600 31820805992 94.6 5784202860316528 80.5
56782100 31839040092 94.6 5799201737557872 80.7
56803900 31839199292 94.6 5799240147593072 80.7
56807000 31839617292 94.6 5799343031928688 80.7
56807400 31839677592 94.6 5799357304720240 80.7
56825700 31839741492 94.6 5799385258077040 80.7
56833900 31839956692 94.6 5799432746879856 80.7
56835800 31858217192 94.7 5814414651870064 80.9
56836400 31858244292 94.7 5814427283319664 80.9
56845600 31858395992 94.7 5814495629679472 80.9
56868700 31858500092 94.7 5814527318383472 80.9
56934600 31858617392 94.7 5814578498722672 80.9
56937200 31858969192 94.7 5814728668732272 80.9
56945100 31859016292 94.7 5814751838985072 80.9
56972300 31859086192 94.7 5814779714517872 80.9
56973000 31859113692 94.7 5814793947596656 80.9
56993700 31877585992 94.7 5829974169765744 81.1
57008900 31877638892 94.7 5829986654466928 81.1
57011300 31877639192 94.7 5829987287578224 81.1
57065400 31877808592 94.7 5830042353997424 81.1
57091000 31878642892 94.7 5830353122530928 81.1
58183900 31878712692 94.7 5830371553377904 81.1
58196300 31895779492 94.8 5844548930043504 81.3
58375400 31895851892 94.8 5844578937411184 81.3
58376400 31895880092 94.8 5844589298652784 81.3
58406100 31896007192 94.8 5844634675164784 81.3
58414500 31896046392 94.8 5844655556050544 81.3
58417300 31896085192 94.8 5844671703506544 81.3
58423900 31899242892 94.8 5847053835394672 81.4
58425500 31899243192 94.8 5847054468507184 81.4
58430400 31899319192 94.8 5847074241312304 81.4
58530200 31899402892 94.8 5847098078895664 81.4
58532300 31899434592 94.8 5847106487574064 81.4
58554600 31899505892 94.8 5847131097775664 81.4
58558900 31899527092 94.8 5847140312751664 81.4
58559900 31899574492 94.8 5847154106646064 81.4
58578000 31900177192 94.8 5847408268262960 81.4
58714300 31900242692 94.8 5847430640410160 81.4
60060400 31917318492 94.8 5861628898418224 81.6
60344300 31917483892 94.8 5861682027839024 81.6
60355100 31917680692 94.8 5861744508018224 81.6
60368400 31920794092 94.9 5864046126833200 81.6
60382900 31920877192 94.9 5864069339070000 81.6
60383200 31920896892 94.9 5864077631831600 81.6
60414600 31920932692 94.9 5864092933463600 81.6
60424100 31921108792 94.9 5864137513713200 81.6
60425500 31921163292 94.9 5864159733376560 81.6
60486300 31921237892 94.9 5864192993920560 81.6
60550600 31921394992 94.9 5864254704461360 81.6
60566100 31921503692 94.9 5864304904832560 81.6
60567300 31921555792 94.9 5864326633702960 81.6
60634100 31921574092 94.9 5864332748211760 81.6
62276700 31921626392 94.9 5864353383245360 81.6
62296500 31921719292 94.9 5864389313562160 81.6
62305900 31921840192 94.9 5864433825572400 81.6
62405900 31921925792 94.9 5864456169866800 81.6
62407000 31939371292 94.9 5878999373727280 81.8
62454900 31939480792 94.9 5879033225528880 81.8
62459000 31939498792 94.9 5879041204127280 81.8
62471100 31939746892 94.9 5879112419845680 81.8
62481900 31942913792 94.9 5881422381393456 81.9
62582800 31943198392 94.9 5881558346884656 81.9
64015200 31960752592 95.0 5896187894687280 82.1
64231900 31960767192 95.0 5896194491909680 82.1
64253100 31960856792 95.0 5896216041170480 82.1
64280300 31960912892 95.0 5896238458469936 82.1
64301800 31961314192 95.0 5896412145024560 82.1
64410600 31961366692 95.0 5896434053094960 82.1
64432800 31961467292 95.0 5896473440230960 82.1
64437800 31964567192 95.0 5898751209709104 82.1
64449700 31964578192 95.0 5898754349794352 82.1
64452500 31964578592 95.0 5898755193960624 82.1
64457200 31964598992 95.0 5898763659573424 82.1
66359600 31982950892 95.0 5914031106488496 82.3
66484600 31983284192 95.0 5914159233874096 82.3
66618400 31983406292 95.0 5914201589790896 82.3
66640200 31983503392 95.0 5914225300101296 82.3
66644000 31986483692 95.0 5916456323799216 82.3
66647100 31986497992 95.0 5916462377687216 82.3
66659100 31986498292 95.0 5916463010797552 82.3
66668100 31986924192 95.0 5916567611881456 82.3
66706900 31987058392 95.0 5916603157788656 82.3
66794800 31987281492 95.0 5916701457061872 82.3
66990900 31987409892 95.1 5916752699660272 82.3
68071500 32006588192 95.1 5932784837400560 82.6
68155600 32006689892 95.1 5932814608562160 82.6
68172900 32006851792 95.1 5932873373669360 82.6
68198800 32006992892 95.1 5932920477259760 82.6
68203500 32007107692 95.1 5932949256935408 82.6
68224700 32007123292 95.1 5932954225793008 82.6
68299700 32007152692 95.1 5932963990228976 82.6
68327800 32010082392 95.1 5935108439166960 82.6
68362900 32010203292 95.1 5935154656792560 82.6
68373000 32010255592 95.1 5935176443006960 82.6
68445500 32010344092 95.1 5935202939416560 82.6
68467400 32010548892 95.1 5935293349810160 82.6
71480600 32010596292 95.1 5935312350224368 82.6
71641800 32027815592 95.2 5949689570795504 82.8
71651700 32027833392 95.2 5949697578885104 82.8
71978300 32030668492 95.2 5951857807187952 82.8
71990300 32030992292 95.2 5951935129518064 82.8
71998500 32030992492 95.2 5951935551596848 82.8
72001200 32030992992 95.2 5951936606786864 82.8
72016200 32031008292 95.2 5951943251932464 82.8
72181300 32031894692 95.2 5952288354907440 82.8
74476600 32052242092 95.2 5969285064078640 83.1
74716900 32052384192 95.2 5969333944309040 83.1
74750600 32052543292 95.2 5969384009102640 83.1
74765500 32055361592 95.3 5971446852744496 83.1
74850500 32055475092 95.3 5971474535150896 83.1
74872900 32055488592 95.3 5971480633275696 83.1
74902000 32055573392 95.3 5971516375995696 83.1
74919800 32055725092 95.3 5971577145070896 83.1
78185400 32055798392 95.3 5971596406998320 83.1
78193600 32071657892 95.3 5984895525766448 83.3
78415200 32072190792 95.3 5985106130502960 83.3
78527700 32072350592 95.3 5985166732256560 83.3
78560300 32072399692 95.3 5985185767486768 83.3
78699800 32075190792 95.3 5987260230399280 83.3
78745100 32075331692 95.3 5987317302220080 83.3
81895600 32075696292 95.3 5987408316871984 83.3
81898500 32093930792 95.4 6002680748717360 83.5
81954900 32094012092 95.4 6002714795269424 83.5
82094800 32094189892 95.4 6002761805266224 83.5
82123100 32094223892 95.4 6002776340946224 83.5
82139600 32094516792 95.4 6002897295211824 83.5
85810200 32107450292 95.4 6013736960097584 83.7
86117300 32107578792 95.4 6013768357780784 83.7
86155300 32110312792 95.4 6015771368889648 83.7
86320600 32110858492 95.4 6016003517488432 83.7
89955800 32110873292 95.4 6016011354365232 83.7
89967600 32111079392 95.4 6016065215823152 83.7
89990400 32127721892 95.5 6029948778347824 83.9
90174900 32130582892 95.5 6031986370968880 83.9
90214000 32130933292 95.5 6032134231244080 83.9
90401600 32131270292 95.5 6032259892632880 83.9
90421600 32131336192 95.5 6032275968092464 83.9
94586100 32131336592 95.5 6032276812240304 83.9
94590800 32147182992 95.5 6045452374152624 84.1
94599000 32147183092 95.5 6045452585194320 84.1
94901700 32149878892 95.5 6047470477693776 84.2
95049800 32150807692 95.5 6047859469898576 84.2
99315000 32150941292 95.5 6047896634135376 84.2
99343300 32172997492 95.6 6066205563818832 84.4
99531200 32173066192 95.6 6066221507498832 84.4
99553200 32173880692 95.6 6066493666841424 84.4
99564200 32174081292 95.6 6066569224729424 84.4
99939700 32174243192 95.6 6066609212134224 84.4
99969300 32177040992 95.6 6068750294356816 84.5
99988800 32177094792 95.6 6068770027451216 84.5
100274200 32177671992 95.6 6069007635985232 84.5
103515500 32177791392 95.6 6069039130129232 84.5
103553800 32201294792 95.7 6088588044972880 84.7
103721200 32201374592 95.7 6088610285843280 84.7
103738700 32201448492 95.7 6088630646444880 84.7
103762600 32201684092 95.7 6088729369875280 84.7
104051200 32204512692 95.7 6090825243661136 84.8
108640800 32227352092 95.8 6109898440545104 85.0
108874500 32227466792 95.8 6109929111077712 85.0
108881600 32227762492 95.8 6110013992674128 85.0
108900600 32228713692 95.8 6110412460401488 85.0
108920600 32228780192 95.8 6110435005074256 85.0
108924900 32228780392 95.8 6110435427146640 85.0
113974200 32248452592 95.8 6126869875186576 85.3
114337700 32251312492 95.8 6129039275252624 85.3
114584900 32252535492 95.8 6129533620050832 85.3
114607700 32252612692 95.8 6129554195487632 85.3
114612500 32253014692 95.8 6129662309817232 85.3
119711100 32253085692 95.8 6129680930233232 85.3
119732400 32273666292 95.9 6146908412107664 85.5
120240100 32276687192 95.9 6149201123531664 85.6
120520000 32277891692 95.9 6149707131575184 85.6
126219700 32277891892 95.9 6149707553646608 85.6
126224300 32277891992 95.9 6149707764682000 85.6
126228900 32299289892 96.0 6167605390429456 85.8
126253700 32299804792 96.0 6167746442743056 85.8
126507800 32300908392 96.0 6168222586162448 85.8
126749400 32303973392 96.0 6170781684124944 85.9
132404800 32326145492 96.1 6189362627005712 86.1
132414500 32326197292 96.1 6189376021540112 86.1
132417000 32326300392 96.1 6189403850788112 86.1
132442700 32326347792 96.1 6189417071586576 86.1
132445700 32326347892 96.1 6189417282627184 86.1
138561600 32346827992 96.1 6206487533676144 86.4
138725000 32348045692 96.1 6206989479831152 86.4
139102100 32348119092 96.1 6207010472035952 86.4
139106500 32348181392 96.1 6207025761994352 86.4
139110000 32351048492 96.1 6209131526604400 86.4
139304200 32351097292 96.1 6209145639055984 86.4
139350800 32351512692 96.1 6209315144839792 86.4
139385600 32351573392 96.1 6209330437665392 86.4
139406300 32351583692 96.1 6209332416033392 86.4
139421000 32351674592 96.1 6209358291079792 86.4
145628300 32369733892 96.2 6224272852324976 86.6
145645800 32369792892 96.2 6224288969470576 86.6
146082900 32372119692 96.2 6226050950967920 86.6
146167200 32372160292 96.2 6226062927262320 86.6
146185800 32372202292 96.2 6226072068100720 86.6
146186600 32373178492 96.2 6226448486109808 86.7
146203800 32373336092 96.2 6226493418820208 86.7
150283800 32387971392 96.2 6238591918068336 86.8
150594900 32388490092 96.2 6238800533279344 86.8
150895500 32388526492 96.2 6238813029765744 86.8
150931200 32388580692 96.2 6238827821633136 86.8
150938100 32390701392 96.2 6240390805425776 86.8
151198700 32390812792 96.2 6240419999051376 86.8
151200000 32391307292 96.3 6240605677284976 86.8
157518900 32391569892 96.3 6240714317336176 86.9
157826100 32391576492 96.3 6240717312126576 86.9
157851800 32402697292 96.3 6249842284719728 87.0
158137200 32404617192 96.3 6251244755644016 87.0
158139400 32404700992 96.3 6251266487791216 87.0
158157200 32404701192 96.3 6251266909866928 87.0
158159600 32404840492 96.3 6251307371178928 87.0
158507200 32404968592 96.3 6251358684638128 87.0
158518000 32405526392 96.3 6251577160166320 87.0
159177400 32405558592 96.3 6251589190937520 87.0
159300500 32405721492 96.3 6251658701171632 87.0
159356800 32405734692 96.3 6251662921485232 87.0
159460900 32406057792 96.3 6251779892186032 87.0
159516800 32406087392 96.3 6251789590694832 87.0
159556000 32414592392 96.3 6258794846981040 87.1
159560400 32414596392 96.3 6258795867294640 87.1
159568000 32414603492 96.3 6258798064593840 87.1
159580600 32414631492 96.3 6258807271974832 87.1
159586900 32414655692 96.3 6258815146125232 87.1
159595800 32414695192 96.3 6258828081498032 87.1
159605000 32414718592 96.3 6258836339648432 87.1
159663000 32414758292 96.3 6258848709773232 87.1
159667700 32414823492 96.3 6258868067264432 87.1
159681600 32414864092 96.3 6258877875341232 87.1
159713600 32414944492 96.3 6258912856614832 87.1
159716900 32414951392 96.3 6258917129562032 87.1
159718200 32415014492 96.3 6258933864794032 87.1
159737200 32415022292 96.3 6258936912832432 87.1
159789400 32415030892 96.3 6258939671693232 87.1
159809200 32415067392 96.3 6258953044928432 87.1
159810300 32423004592 96.3 6265503396964272 87.2
159830500 32423092692 96.3 6265538080458672 87.2
159839000 32424759092 96.3 6266790956156848 87.2
159859700 32424788492 96.3 6266797846652848 87.2
159876900 32424914292 96.4 6266844740196272 87.2
159962300 32424941792 96.4 6266854478436272 87.2
159986000 32424989792 96.4 6266869963159472 87.2
159998100 32425023692 96.4 6266883224573872 87.2
160037800 32425028492 96.4 6266884903933872 87.2
160040100 32425057592 96.4 6266893764906928 87.2
160061900 32425066792 96.4 6266898457489328 87.2
160066500 32425072192 96.4 6266900807364528 87.2
160098900 32425091292 96.4 6266907460497328 87.2
160142100 32425209692 96.4 6266948242526128 87.2
160161400 32425258792 96.4 6266963417591728 87.2
160191300 32426923592 96.4 6268223891664816 87.2
160223300 32426985192 96.4 6268239214186416 87.2
160232600 32426990292 96.4 6268240979767216 87.2
160256900 32427143492 96.4 6268298549661616 87.2
160276400 32427164892 96.4 6268304416050608 87.2
160288800 32427193592 96.4 6268312511385008 87.2
160306300 32427208192 96.4 6268318213836208 87.2
160312200 32427353992 96.4 6268375114034608 87.2
160411300 32427493792 96.4 6268427776990640 87.2
160422100 32427501592 96.4 6268431308766640 87.2
160439300 32427578992 96.4 6268460091973040 87.2
160477800 32427712492 96.4 6268506874641840 87.2
160499700 32427719592 96.4 6268509842808240 87.2
160512100 32427758792 96.4 6268523665966512 87.2
160681700 32427786192 96.4 6268532679009712 87.2
160749700 32427792092 96.4 6268535318062512 87.2
160769900 32427815092 96.4 6268543698068912 87.2
160782400 32427846592 96.4 6268553932744112 87.2
160794900 32427848892 96.4 6268554579707312 87.2
160798700 32427907992 96.4 6268574728545712 87.2
160801000 32427911692 96.4 6268575485486512 87.2
160801500 32427922092 96.4 6268578847483312 87.2
160803600 32427959392 96.4 6268590510228912 87.2
160804700 32427975092 96.4 6268595947054512 87.2
160806800 32427986392 96.4 6268599862011312 87.2
160823800 32428079592 96.4 6268623854331312 87.2
160835300 32428085392 96.4 6268626802632112 87.2
160842600 32428092392 96.4 6268630293243312 87.2
160862900 32428100692 96.4 6268632252564912 87.2
160885200 32428129992 96.4 6268642457134512 87.2
160885700 32428172192 96.4 6268657692616112 87.2
160888000 32428177192 96.4 6268659547489712 87.2
160890600 32428234092 96.4 6268682647291312 87.2
160896500 32429932392 96.4 6269915906885040 87.3
160918800 32440037892 96.4 6278323035358640 87.4
160995900 32441706592 96.4 6279606533670320 87.4
161116700 32449566192 96.4 6286131515409840 87.5
161176200 32449640792 96.4 6286156277368240 87.5
161180500 32450029192 96.4 6286293307205040 87.5
161233300 32450147492 96.4 6286336501650864 87.5
161261300 32450153692 96.4 6286338593273264 87.5
161280200 32450207892 96.4 6286361902175664 87.5
161287900 32450240792 96.4 6286373748217264 87.5
161341600 32450272692 96.4 6286384242783664 87.5
161352300 32450331392 96.4 6286406285817264 87.5
161385000 32450386092 96.4 6286427906143664 87.5
161622400 32451322492 96.4 6287135658636720 87.5
161746900 32451453092 96.4 6287175518860720 87.5
162058900 32451667992 96.4 6287253680960944 87.5
162068100 32451735392 96.4 6287282552026544 87.5
162139500 32451750992 96.4 6287289083712944 87.5
162200700 32451795192 96.4 6287307742836144 87.5
162367700 32451976992 96.4 6287376792384944 87.5
162419700 32462472392 96.5 6296016065623472 87.6
162424600 32462495192 96.5 6296023708759472 87.6
162455400 32462508892 96.5 6296027992970672 87.6
162477900 32462535392 96.5 6296040002647472 87.6
162552200 32462597592 96.5 6296060770801072 87.6
162553400 32462611692 96.5 6296066540836272 87.6
162584400 32464352492 96.5 6297355997550000 87.6
162719800 32464419992 96.5 6297374899770800 87.6
162764100 32472930892 96.5 6304412589036976 87.7
162775700 32473040092 96.5 6304443813868976 87.7
162798800 32473091392 96.5 6304465709446576 87.7
162836000 32473240792 96.5 6304518773126576 87.7
163077300 32473262392 96.5 6304524330374576 87.7
163204200 32473288292 96.5 6304531012588976 87.7
163207700 32473306092 96.5 6304537389241776 87.7
163416200 32473313892 96.5 6304539496019376 87.7
163454400 32473328392 96.5 6304545994209712 87.7
163508300 32473380092 96.5 6304563982612912 87.7
163535000 32473386692 96.5 6304566080993712 87.7
163603800 32473421292 96.5 6304579347937712 87.7
163675600 32473486892 96.5 6304604653730224 87.7
163704900 32473493092 96.5 6304607799663024 87.7
163705500 32473498292 96.5 6304609490901424 87.7
163710000 32473549392 96.5 6304623643491760 87.7
163740100 32473557092 96.5 6304627233226160 87.7
163775400 32473585192 96.5 6304638366563760 87.7
163882600 32473591392 96.5 6304640804298160 87.7
163920700 32473622692 96.5 6304649749142960 87.7
164002100 32475265792 96.5 6305926364994992 87.8
164065400 32475274092 96.5 6305929441705392 87.8
164073800 32475301192 96.5 6305940925046192 87.8
164098400 32475332292 96.5 6305949967990192 87.8
164098500 32475390892 96.5 6305969713782192 87.8
164143800 32475535792 96.5 6306020163190192 87.8
164145600 32475549792 96.5 6306026693852592 87.8
164223400 32475580092 96.5 6306037894023600 87.8
169309200 32485734692 96.5 6314436853041584 87.9
169350800 32485925592 96.5 6314514047486384 87.9
169387800 32485960392 96.5 6314524760869296 87.9
169775900 32486114792 96.5 6314592873867696 87.9
169804800 32486155692 96.5 6314603765336496 87.9
169816400 32486187292 96.5 6314612381477296 87.9
169838700 32486204592 96.5 6314619263986096 87.9
169865800 32486230492 96.5 6314625988184496 87.9
177951800 32486473792 96.5 6314718552050096 87.9
177991400 32496319092 96.6 6322781525821872 88.0
177996400 32496347392 96.6 6322790638807472 88.0
178006100 32498165292 96.6 6324126352665008 88.0
178084500 32498218092 96.6 6324149085874608 88.0
178135000 32498281492 96.6 6324168154597808 88.0
178406100 32498341392 96.6 6324184064076208 88.0
178453400 32498385192 96.6 6324196951730608 88.0
178459700 32498413892 96.6 6324208695781808 88.0
178491100 32498436392 96.6 6324217963801008 88.0
178492400 32499264792 96.6 6324536803191216 88.0
178494100 32499311792 96.6 6324552451549616 88.0
183698300 32514746592 96.6 6337208516405680 88.2
183731000 32514779692 96.6 6337218855119280 88.2
183741300 32514832492 96.6 6337232773941680 88.2
184393800 32514859892 96.6 6337244610562480 88.2
184421600 32515069092 96.6 6337314611816880 88.2
184435000 32516958892 96.6 6338755705203120 88.2
184451300 32516997392 96.6 6338771038169520 88.2
184456100 32517038192 96.6 6338783478745520 88.2
184850400 32517927592 96.6 6339156372654512 88.2
184888900 32517946592 96.6 6339163283016112 88.2
184906500 32517986892 96.6 6339178752993712 88.2
185054800 32518034292 96.6 6339199914158512 88.2
185113600 32518071792 96.6 6339210556558768 88.2
192704300 32518274592 96.6 6339290325134768 88.2
193130900 32518380092 96.6 6339322417704368 88.2
193162500 32518431792 96.6 6339342359080368 88.2
193294900 32535078992 96.7 6353089071951280 88.4
193985900 32537184892 96.7 6354660088884656 88.4
194035600 32537267292 96.7 6354683712359856 88.4
202496000 32537657792 96.7 6354836092947888 88.4
202520400 32537788892 96.7 6354877340282288 88.4
202534300 32551582492 96.7 6366320330632624 88.6
203056400 32552332592 96.7 6366606207446448 88.6
203069100 32552387292 96.7 6366620419132848 88.6
203134900 32552437792 96.7 6366641269616048 88.6
203151800 32552488992 96.7 6366657311395248 88.6
203156200 32552527592 96.7 6366667723017648 88.6
203175700 32552553392 96.7 6366677484195248 88.6
211904600 32552571092 96.7 6366683759267248 88.6
212078200 32552606592 96.7 6366694212259248 88.6
212137800 32567164792 96.8 6378678712421808 88.8
212232000 32567209692 96.8 6378692063129008 88.8
212238400 32569275092 96.8 6380324745768368 88.8
212264700 32569440092 96.8 6380388789800368 88.8
212317000 32569448292 96.8 6380391687515568 88.8
212595800 32569955592 96.8 6380582572387760 88.8
212693500 32569996292 96.8 6380593118860720 88.8
212735700 32570077392 96.8 6380616098035120 88.8
212787900 32570296192 96.8 6380698582668720 88.8
212793800 32570337892 96.8 6380712643007920 88.8
213025100 32570355692 96.8 6380719548863920 88.8
221041500 32584098792 96.8 6391928300967344 89.0
221063300 32584104392 96.8 6391929637287344 89.0
221552500 32585903892 96.8 6393249863415216 89.0
221614500 32585963192 96.8 6393270594500016 89.0
221723400 32586453892 96.8 6393462899422640 89.0
222111700 32586500592 96.8 6393477075883440 89.0
222138900 32586579892 96.8 6393499263301040 89.0
222171900 32586587492 96.8 6393501725390256 89.0
222208300 32586679392 96.8 6393533762049456 89.0
222228300 32586891292 96.8 6393614643180976 89.0
228336200 32587001392 96.8 6393651351532976 89.0
228357700 32596799092 96.9 6401673683547568 89.1
228388400 32596839092 96.9 6401687265883568 89.1
228392300 32596869692 96.9 6401694934209968 89.1
228568000 32596914492 96.9 6401709996635568 89.1
228580200 32603061292 96.9 6406771955332528 89.2
228591100 32603063592 96.9 6406773765559728 89.2
228599800 32603115792 96.9 6406791980676528 89.2
228609800 32603131292 96.9 6406797510276528 89.2
228613400 32603133892 96.9 6406798348318128 89.2
228630000 32603194692 96.9 6406824570910128 89.2
228640800 32603278892 96.9 6406854426496432 89.2
228674600 32603344192 96.9 6406877493530032 89.2
228678700 32603388392 96.9 6406896299085232 89.2
228691500 32603493192 96.9 6406931864448432 89.2
228698800 32603536192 96.9 6406945692749232 89.2
228712000 32603598892 96.9 6406970523909552 89.2
228745800 32603751692 96.9 6407022462213552 89.2
228848100 32603804792 96.9 6407042417925552 89.2
228848400 32603808092 96.9 6407044215250352 89.2
228860800 32603843992 96.9 6407056672415152 89.2
228879200 32603884192 96.9 6407072024632752 89.2
228889500 32605155492 96.9 6408042911702448 89.2
228922900 32606594892 96.9 6409157751545264 89.2
228939200 32613622992 96.9 6414934541802928 89.3
228979900 32613650692 96.9 6414945786961328 89.3
228981900 32613678692 96.9 6414957697719728 89.3
229010900 32614972792 96.9 6415947608382896 89.3
229013000 32614980292 96.9 6415950205656496 89.3
229016400 32614985292 96.9 6415952638680496 89.3
229021800 32614989392 96.9 6415954735832496 89.3
229029100 32614993692 96.9 6415955903397296 89.3
229088200 32615013592 96.9 6415962404158896 89.3
229113800 32615017392 96.9 6415964939173296 89.3
229118200 32615042292 96.9 6415972715838896 89.3
229120400 32615046892 96.9 6415974470974896 89.3
229146000 32615052092 96.9 6415976553995696 89.3
229159700 32615138392 96.9 6416008882384304 89.3
229184300 32615142392 96.9 6416010521398704 89.3
229188700 32615146592 96.9 6416012483177904 89.3
229192900 32615151392 96.9 6416015091101104 89.3
229212000 32615159392 96.9 6416018884816304 89.3
229218900 32615162492 96.9 6416019926838704 89.3
229221000 32615174992 96.9 6416026126339504 89.3
229221600 32615187692 96.9 6416030735773104 89.3
229232600 32615205592 96.9 6416037116317104 89.3
229233800 32615215692 96.9 6416040958979504 89.3
229259700 32615256092 96.9 6416055520054704 89.3
229264700 32615264192 96.9 6416059691625904 89.3
229279000 32615270392 96.9 6416062134480304 89.3
229291200 32615338592 96.9 6416082891668912 89.3
229297300 32615343092 96.9 6416084458388912 89.3
229323600 32615385592 96.9 6416096213908912 89.3
229323700 32622555392 96.9 6421996586188208 89.4
229329000 32622589692 96.9 6422009517260208 89.4
229335600 32622599192 96.9 6422013532159408 89.4
229338700 32622603392 96.9 6422015444786608 89.4
229371200 32622710492 96.9 6422057051135408 89.4
229373700 32622718592 96.9 6422059618098608 89.4
229381400 32622834792 96.9 6422105585458608 89.4
229405100 32622837192 96.9 6422106659429808 89.4
229408000 32622887992 96.9 6422127512575408 89.4
229413800 32622913592 96.9 6422136582143408 89.4
229414000 32622918592 96.9 6422138771455408 89.4
229423600 32622949792 96.9 6422149674393008 89.4
229428400 32622974992 96.9 6422160589004208 89.4
229442700 32623077392 96.9 6422198772006320 89.4
229452800 32623100892 96.9 6422210743180720 89.4
229465200 32623714892 96.9 6422464518036912 89.4
229488600 32623717792 96.9 6422465400315312 89.4
229506100 32623757492 96.9 6422480515988912 89.4
229510800 32623807192 96.9 6422495455944112 89.4
229513900 32623810392 96.9 6422496723860912 89.4
229517300 32623814992 96.9 6422498182856112 89.4
229569000 32623826992 96.9 6422504522440112 89.4
229571800 32623847392 96.9 6422511373614512 89.4
229576900 32623878092 96.9 6422523355438512 89.4
229581700 32623966192 96.9 6422555298708912 89.4
229613800 32623972792 96.9 6422560848993712 89.4
229616100 32624002292 96.9 6422574133960112 89.4
229617500 32624011692 96.9 6422579824123312 89.4
229647900 32624036392 96.9 6422590122286512 89.4
229699900 32624089092 96.9 6422607576776112 89.4
229700100 32624104192 96.9 6422613636193712 89.4
229715400 32624109192 96.9 6422615523016112 89.4
229746100 32624167592 96.9 6422638925716912 89.4
229758600 32624178992 96.9 6422641446190512 89.4
229764200 32624253092 96.9 6422670166183344 89.4
229808500 32624260592 96.9 6422673398336944 89.4
229818500 32624271492 96.9 6422676703399344 89.4
229854000 32624338092 96.9 6422702083239344 89.4
229869900 32624348792 96.9 6422705253543344 89.4
229877200 32624355192 96.9 6422707505933744 89.4
229902000 32624372192 96.9 6422714171149744 89.4
229920200 32624420592 96.9 6422733078900144 89.4
229958200 32624425692 96.9 6422737344474544 89.4
229960100 32624505292 96.9 6422766665076144 89.4
229969100 32624518092 96.9 6422771201396144 89.4
229992000 32624522092 96.9 6422773172800944 89.4
229994300 32625803292 96.9 6423747895954864 89.4
230018100 32625808392 96.9 6423749716012464 89.4
230041500 32625810992 96.9 6423751024070064 89.4
230058700 32625820092 96.9 6423754737503664 89.4
230101700 32625825692 96.9 6423756906335664 89.4
230102200 32625870792 96.9 6423773376146864 89.4
230154800 32625877692 96.9 6423776172486064 89.4
230159300 32625920392 96.9 6423787648863664 89.4
230200400 32625944092 96.9 6423798100831664 89.4
230266800 32626023392 96.9 6423823814086064 89.4
230276600 32626033392 96.9 6423828452396464 89.4
230363400 32626089192 96.9 6423846164114864 89.4
239597600 32626228292 96.9 6423895287033264 89.4
240201000 32626231392 96.9 6423897071660464 89.4
240286300 32626235692 96.9 6423898948652464 89.4
240346100 32626239992 96.9 6423900285382064 89.4
240402900 32632432992 97.0 6428970034998704 89.5
240525900 32632813492 97.0 6429103697718704 89.5
240545000 32632935192 97.0 6429149293571504 89.5
240880600 32633030292 97.0 6429182027165104 89.5
240959100 32633053692 97.0 6429190699625904 89.5
241074600 32633222992 97.0 6429255058845104 89.5
241110200 32633297692 97.0 6429276135814576 89.5
241141800 32633303892 97.0 6429278084896176 89.5
241169800 32633304192 97.0 6429278718004144 89.5
241180200 32633337192 97.0 6429291171277744 89.5
241199500 32634733992 97.0 6430332109581232 89.5
248826400 32646401392 97.0 6439843498159024 89.6
248935500 32646407192 97.0 6439845950024624 89.6
248972200 32646427592 97.0 6439852852399024 89.6
248984100 32646460692 97.0 6439865434696624 89.6
249180000 32646746292 97.0 6439978259835824 89.6
249285200 32646958392 97.0 6440064549858224 89.6
249579300 32646981692 97.0 6440072963247024 89.6
249625200 32647142892 97.0 6440137446984624 89.6
249678800 32647200692 97.0 6440163082415024 89.6
249862600 32647213892 97.0 6440167779503024 89.6
249897300 32648791792 97.0 6441362302340016 89.6
249930300 32649040992 97.0 6441443939339184 89.6
249963200 32649046792 97.0 6441446844631984 89.6
250018200 32649268392 97.0 6441534759537584 89.6
261230700 32649338192 97.0 6441558334679984 89.6
261333500 32649339092 97.0 6441560023684528 89.6
261342100 32661417192 97.1 6451463340610992 89.8
261394600 32661585992 97.1 6451515965609392 89.8
262004900 32661633992 97.1 6451533224310192 89.8
262044300 32662294092 97.1 6451795825620400 89.8
262413600 32662472792 97.1 6451851929146800 89.8
262415400 32662649892 97.1 6451921181242800 89.8
263100600 32662665192 97.1 6451928048801200 89.8
263165000 32664173492 97.1 6453103678789040 89.8
263247000 32664183892 97.1 6453107473118640 89.8
275441200 32678194092 97.1 6464610015245744 90.0
275443500 32678224992 97.1 6464618793178544 90.0
275490800 32678299292 97.1 6464640580007344 90.0
275492600 32678305892 97.1 6464643884996016 90.0
275498000 32678328392 97.1 6464651146589616 90.0
275506100 32678371492 97.1 6464664355165616 90.0
275510100 32678378292 97.1 6464667251447216 90.0
275511100 32678458392 97.1 6464695883101616 90.0
275833800 32678591592 97.1 6464746372855216 90.0
276180200 32678594792 97.1 6464747550045616 90.0
276231300 32679339092 97.1 6465049523156400 90.0
276541900 32680808192 97.1 6466127741875632 90.0
276596200 32680835592 97.1 6466136656000432 90.0
285631900 32680944892 97.1 6466180406605232 90.0
285722700 32680963892 97.1 6466187643213232 90.0
285870700 32681109892 97.1 6466246844339632 90.0
285971400 32681187292 97.1 6466278419379632 90.0
285979600 32681196292 97.1 6466281744102832 90.0
285980600 32681287792 97.1 6466321299584432 90.0
286001000 32681293892 97.1 6466323628570032 90.0
286576300 32681303792 97.1 6466328018458032 90.0
286646200 32691315792 97.1 6474466622870960 90.1
286683300 32691324892 97.1 6474470121469360 90.1
286728000 32691331492 97.1 6474471901386160 90.1
286740600 32691359292 97.1 6474486253974960 90.1
286777900 32691381292 97.1 6474495342589360 90.1
286781100 32691381392 97.1 6474495553592464 90.1
286840000 32691381892 97.1 6474496608771792 90.1
286844400 32691512192 97.1 6474548264656592 90.1
286848100 32691514292 97.1 6474550393962192 90.1
286871500 32691520792 97.1 6474555381661392 90.1
286885500 32691545292 97.1 6474561838186192 90.1
286949300 32691610892 97.1 6474581636406992 90.1
287467100 32691695192 97.1 6474613561654992 90.1
287576600 32691697792 97.1 6474614329040592 90.1
287593500 32691712492 97.1 6474619963498192 90.1
287594000 32691750992 97.1 6474631991197392 90.1
287595900 32691862492 97.1 6474673944272592 90.1
287603500 32691868792 97.1 6474676240490192 90.1
287608800 32693017692 97.1 6475558442213072 90.1
287630100 32693024992 97.1 6475562107928272 90.1
287813600 32693027992 97.1 6475563661336272 90.1
287839400 32693147592 97.1 6475620091928272 90.1
287851600 32693152992 97.1 6475623039614672 90.1
287929600 32693204192 97.1 6475643948261072 90.1
287960200 32693225592 97.1 6475652627480272 90.1
288000500 32693265192 97.1 6475666441445072 90.1
288147100 32693284992 97.1 6475673212337872 90.1
288154100 32693288992 97.1 6475674843365072 90.1
288322000 32699766392 97.2 6480955411807952 90.2
288380300 32699774292 97.2 6480960305982672 90.2
288384200 32699776692 97.2 6480961411493072 90.2
288405400 32699779592 97.2 6480962690673872 90.2
288451900 32699782292 97.2 6480963699518672 90.2
288461900 32699790992 97.2 6480967330622672 90.2
288470700 32699793592 97.2 6480968647486672 90.2
288590400 32699875392 97.2 6481005944024272 90.2
288645700 32699883692 97.2 6481008375409872 90.2
288658700 32699888392 97.2 6481011199397072 90.2
288681700 32699893392 97.2 6481013049150672 90.2
288683700 32699918392 97.2 6481020213669072 90.2
288740800 32699923492 97.2 6481022774693072 90.2
288779600 32699932092 97.2 6481026236222672 90.2
288789800 32699945592 97.2 6481032420977872 90.2
288792900 32700011192 97.2 6481052599717072 90.2
288898100 32700013692 97.2 6481053946686672 90.2
288949800 32700049792 97.2 6481067730023632 90.2
289070000 32701090292 97.2 6481841855542480 90.2
289123700 32701205192 97.2 6481884124419280 90.2
289145500 32701207192 97.2 6481884678198480 90.2
289159500 32701209292 97.2 6481885861123280 90.2
289185800 32701222592 97.2 6481889702556880 90.2
289197800 32701227292 97.2 6481891514217680 90.2
289203900 32701233492 97.2 6481893870236880 90.2
289313200 32701238992 97.2 6481896595305680 90.2
289326900 32701242292 97.2 6481898028496080 90.2
289360600 32701244692 97.2 6481898628560080 90.2
289384500 32701247992 97.2 6481899739600080 90.2
289385600 32701254392 97.2 6481901612700880 90.2
289423300 32701257192 97.2 6481902885942480 90.2
289487900 32701301192 97.2 6481918383568080 90.2
289514000 32701334292 97.2 6481929417987280 90.2
289557900 32701341092 97.2 6481932104741328 90.2
289624500 32701345592 97.2 6481934059966928 90.2
289681400 32701348492 97.2 6481935851557328 90.2
289682100 32701350992 97.2 6481937202008528 90.2
289701800 32701357692 97.2 6481940720267728 90.2
289758000 32706927492 97.2 6486507548717520 90.3
289759700 32706966492 97.2 6486520196551120 90.3
289770900 32707001992 97.2 6486531470176720 90.3
289825900 32707004592 97.2 6486532181856720 90.3
289969100 32708064492 97.2 6487364462318032 90.3
290013000 32708075292 97.2 6487367995937232 90.3
290022800 32708082692 97.2 6487371317588432 90.3
290079700 32708167192 97.2 6487404071047632 90.3
290282600 32708176792 97.2 6487408214561232 90.3
290380900 32708214292 97.2 6487422213050832 90.3
290406400 32708250192 97.2 6487436152148432 90.3
290453800 32708262192 97.2 6487440442481360 90.3
290468700 32708353092 97.2 6487470888755920 90.3
290507100 32708363292 97.2 6487474381415120 90.3
290555500 32708365092 97.2 6487474734080720 90.3
290573600 32708469092 97.2 6487511456973520 90.3
290586900 32708470892 97.2 6487512260199120 90.3
290639900 32708477092 97.2 6487514522419920 90.3
290897500 32708496392 97.2 6487521858151120 90.3
295474800 32708530592 97.2 6487533791847120 90.3
295674000 32715748892 97.2 6493442905580240 90.4
296294700 32715751292 97.2 6493443791135440 90.4
296302700 32715751592 97.2 6493444424255952 90.4
296442600 32716091492 97.2 6493571032639952 90.4
297310800 32716099592 97.2 6493573767743952 90.4
297433900 32716736892 97.2 6494030117947856 90.4
298334000 32717278792 97.2 6494242498005456 90.4
309905700 32717337192 97.2 6494264237730256 90.4
310260800 32717347192 97.2 6494267875592656 90.4
310352900 32717352092 97.2 6494270026083536 90.4
310439300 32724381492 97.2 6499966543129808 90.5
310768200 32724384192 97.2 6499967255424208 90.5
310833800 32724424292 97.2 6499978899328208 90.5
311167600 32724424792 97.2 6499979954504272 90.5
311178200 32724431992 97.2 6499983119483472 90.5
311233900 32724571592 97.2 6500027798651472 90.5
311371600 32724649092 97.2 6500057704776272 90.5
311666500 32724898092 97.2 6500161353851472 90.5
324838800 32724939592 97.2 6500175753749072 90.5
324955300 32725015492 97.2 6500205211566672 90.5
324980600 32736470592 97.3 6509519556985424 90.6
325695700 32736474892 97.3 6509521434387024 90.6
325771600 32736510192 97.3 6509531813855824 90.6
325774900 32736529492 97.3 6509538022163024 90.6
325781900 32736749192 97.3 6509609219449424 90.6
325792200 32738556792 97.3 6510815214232144 90.6
326730700 32738574992 97.3 6510822396977744 90.6
326840400 32738580092 97.3 6510823995032144 90.6
326952500 32738588692 97.3 6510827711128144 90.6
326952600 32738607692 97.3 6510835789464144 90.6
326954200 32738647492 97.3 6510845863780944 90.6
326960500 32738661392 97.3 6510849951998544 90.6
326970100 32739535092 97.3 6511475451044432 90.6
326973100 32739538492 97.3 6511477766103632 90.6
327888900 32739551992 97.3 6511481937674832 90.6
327942000 32739554192 97.3 6511482731684432 90.6
327966700 32739563592 97.3 6511486774641232 90.6
328001200 32739578392 97.3 6511492472177232 90.6
328033800 32740149292 97.3 6511716831593040 90.6
336220500 32740155792 97.3 6511719038927440 90.6
336296000 32740163892 97.3 6511722053378640 90.6
336669200 32740177892 97.3 6511729253122640 90.6
336692400 32740181992 97.3 6511730053276240 90.6
336775800 32750180692 97.3 6519808912450128 90.7
336807600 32750203592 97.3 6519816847835728 90.7
336857400 32750241692 97.3 6519830988251728 90.7
336917400 32750277892 97.3 6519844621992528 90.7
336922600 32750289492 97.3 6519847582786128 90.7
336942300 32750304192 97.3 6519852911886928 90.7
336968100 32750307492 97.3 6519854416757328 90.7
336979500 32751335992 97.3 6520614046433872 90.7
337101200 32751338392 97.3 6520614978069072 90.7
337130300 32751340292 97.3 6520616168776272 90.7
337155500 32751378092 97.3 6520633553633872 90.7
337156600 32751426692 97.3 6520652035400272 90.7
337159200 32751461792 97.3 6520664763925072 90.7
337186200 32751465592 97.3 6520666067477072 90.7
337188500 32751466592 97.3 6520666426081872 90.7
337220900 32751468492 97.3 6520667368571472 90.7
337257900 32751473092 97.3 6520669966459472 90.7
337532300 32751481692 97.3 6520673723925072 90.7
337653600 32751486492 97.3 6520675196232272 90.7
337725200 32751603292 97.3 6520720019374672 90.7
337746400 32751649092 97.3 6520734976123472 90.7
337826100 32751660492 97.3 6520738748744272 90.7
337924000 32751668792 97.3 6520741725512272 90.7
337927600 32751670892 97.3 6520742310216272 90.7
337981500 32751679992 97.3 6520745843835472 90.7
338051800 32751697692 97.3 6520755163873872 90.7
338057800 32751731892 97.3 6520767614689872 90.7
338094700 32751734292 97.3 6520768499630672 90.7
338109200 32751744892 97.3 6520772367893072 90.7
338177000 32751746692 97.3 6520772961608272 90.7
338182800 32751763092 97.3 6520781658969680 90.7
338218300 32751784692 97.3 6520788810380880 90.7
338250300 32751832592 97.3 6520803660633680 90.7
338330500 32751834592 97.3 6520804748736080 90.7
338496000 32751836192 97.3 6520805248652880 90.7
338515300 32752158992 97.3 6521041913828944 90.8
338693100 32752254492 97.3 6521075228788304 90.8
338919300 32752296692 97.3 6521090311693904 90.8
339549800 32752323792 97.3 6521099521140304 90.8
341656400 32752344092 97.3 6521106227725904 90.8
342073300 32752354292 97.3 6521109296653904 90.8
342125600 32752360792 97.3 6521112220788304 90.8
342153500 32752363792 97.3 6521113374221904 90.8
342225200 32752414992 97.3 6521129245812304 90.8
342252700 32757657492 97.3 6525392186713680 90.8
342260100 32757692092 97.3 6525405666928208 90.8
342303500 32757703292 97.3 6525410084054608 90.8
342357800 32757704492 97.3 6525410363811408 90.8
342390600 32757706992 97.3 6525411717539408 90.8
342463400 32757724892 97.3 6525418473072208 90.8
342468300 32757726192 97.3 6525418909091408 90.8
342559800 32757736292 97.3 6525422248969808 90.8
342734900 32757741192 97.3 6525424268912208 90.8
343102100 32757753392 97.3 6525429167933008 90.8
343160200 32757797092 97.3 6525444362249808 90.8
343292800 32757802792 97.3 6525446805309008 90.8
343311100 32757832192 97.3 6525456202147408 90.8
343320400 32757838292 97.3 6525458416649808 90.8
343381300 32757845892 97.3 6525460908861008 90.8
343427000 32757855992 97.3 6525465139619408 90.8
343442000 32757874192 97.3 6525471528150608 90.8
343444000 32757895692 97.3 6525480280073808 90.8
343465200 32757920892 97.3 6525488433571408 90.8
343485200 32758344192 97.3 6525814460229200 90.8
343496600 32758350192 97.3 6525817065060688 90.8
343638000 32758353992 97.3 6525817973758288 90.8
343647600 32758376292 97.3 6525825971812688 90.8
343756100 32758403492 97.3 6525833903716688 90.8
343784700 32758419692 97.3 6525843113572688 90.8
343807900 32758452592 97.3 6525858923108688 90.8
343850200 32758454092 97.3 6525859534027088 90.8
343865900 32758456792 97.3 6525861024766288 90.8
343869600 32758462792 97.3 6525863805950288 90.8
343918100 32758472692 97.3 6525868468631888 90.8
343972100 32758489392 97.3 6525873792817488 90.8
344001900 32758491392 97.3 6525874528254288 90.8
344048600 32758495392 97.3 6525876571339088 90.8
344370100 32758500092 97.3 6525878720510288 90.8
344545300 32758501992 97.3 6525879206910288 90.8
344572700 32758503192 97.3 6525879402494288 90.8
344640800 32758523292 97.3 6525887165028688 90.8
344713400 32758535692 97.3 6525890996017488 90.8
344727300 32758547992 97.3 6525897604708688 90.8
344755700 32758554292 97.3 6525900449995088 90.8
344778000 32758633992 97.3 6525936486652240 90.8
344941700 32758637992 97.3 6525938991970640 90.8
345027900 32758639592 97.3 6525939498850640 90.8
345060700 32758665892 97.3 6525949680073040 90.8
345098100 32758667092 97.3 6525950495791440 90.8
345608400 32758717392 97.3 6525972748949840 90.8
345638500 32758754092 97.3 6525985882569040 90.8
345814600 32758767192 97.3 6525990683081040 90.8
345854600 32758774992 97.3 6525993922197840 90.8
345933400 32758776992 97.3 6525994194581840 90.8
346159000 32758805392 97.3 6526002665519440 90.8
346223500 32763449192 97.4 6529775719315792 90.9
346241700 32764295992 97.4 6530453620554064 90.9
346243300 32764296192 97.4 6530454042627664 90.9
346273300 32764296992 97.4 6530454809793232 90.9
346412800 32764317792 97.4 6530461529690832 90.9
346643800 32764363192 97.4 6530476690625232 90.9
346657800 32764365492 97.4 6530477897716432 90.9
346751700 32764421992 97.4 6530498114753232 90.9
346940200 32764438092 97.4 6530505938932432 90.9
346984600 32764455492 97.4 6530511480206032 90.9
347267700 32764618792 97.4 6530579235828432 90.9
361481700 32771092792 97.4 6535804324115152 91.0
362446100 32771583892 97.4 6535994521973456 91.0
362504100 32771670892 97.4 6536025369860816 91.0
363019900 32771845292 97.4 6536103335992016 91.0
363113400 32772080692 97.4 6536193144478416 91.0
364002500 32772766892 97.4 6536737706629840 91.0
364043000 32772784992 97.4 6536744155167440 91.0
364108600 32772853592 97.4 6536765457330896 91.0
364158500 32772862992 97.4 6536770021708496 91.0
380252000 32773136992 97.4 6536879048012496 91.0
380345000 32781536892 97.4 6543692991607504 91.1
380357100 32781565592 97.4 6543701283932368 91.1
381117200 32781575092 97.4 6543705393449168 91.1
381138000 32781592992 97.4 6543710547445968 91.1
381247100 32781963592 97.4 6543853362677968 91.1
381335700 32782007892 97.4 6543865787074768 91.1
381424800 32782025292 97.4 6543871512668368 91.1
381446400 32783096692 97.4 6544650409011408 91.1
382151200 32783116192 97.4 6544657273588944 91.1
382464200 32783379592 97.4 6544762177473744 91.1
389992400 32783444992 97.4 6544788002753744 91.1
390024400 32787170792 97.4 6547843046231248 91.1
390106700 32787174892 97.4 6547843807472848 91.1
390160500 32787179192 97.4 6547845960535248 91.1
390327600 32787182392 97.4 6547847863127248 91.1
390420200 32787257392 97.4 6547875400535248 91.1
390428600 32787269992 97.4 6547880440458448 91.1
390516500 32787273892 97.4 6547881787632848 91.1
390771200 32787282392 97.4 6547884948311248 91.1
391163700 32787294792 97.4 6547889997040848 91.1
391202100 32787299992 97.4 6547891794365648 91.1
391331400 32787300692 97.4 6547891887959248 91.1
391480100 32787365192 97.4 6547913058100432 91.1
391581900 32787374192 97.4 6547919118337232 91.1
391603300 32787380792 97.4 6547921252558032 91.1
391657900 32788077792 97.4 6548455812113616 91.1
391711400 32788082892 97.4 6548457709380816 91.1
391739300 32788083892 97.4 6548458091742416 91.1
391940800 32788143192 97.4 6548477967582416 91.1
392210600 32788146392 97.4 6548479021278416 91.1
392324700 32788207292 97.4 6548504987460816 91.1
392985600 32788415792 97.4 6548585566840016 91.1
393002700 32788549492 97.4 6548633469764816 91.1
393272600 32788553592 97.4 6548634522232016 91.1
393416800 32788585492 97.4 6548645809784016 91.1
393818300 32788651692 97.4 6548669912900816 91.1
393822400 32788654892 97.4 6548670356088016 91.1
393919900 32788657492 97.4 6548671538603216 91.1
393992400 32788685892 97.4 6548684657476816 91.1
394087500 32788707892 97.4 6548692617621200 91.1
394100300 32788723992 97.4 6548699171792592 91.1
394114000 32788727892 97.4 6548700483310416 91.1
394119300 32795647692 97.5 6554289270707024 91.2
394189800 32795655892 97.5 6554292543820624 91.2
394241100 32795675892 97.5 6554298793497424 91.2
394298600 32795680192 97.5 6554299843916624 91.2
394303800 32795680892 97.5 6554300153983824 91.2
394305700 32795684492 97.5 6554302498534224 91.2
394321200 32795685792 97.5 6554302905062224 91.2
394865300 32795693492 97.5 6554305561523024 91.2
394959500 32796447192 97.5 6554836823110480 91.2
395136100 32796517192 97.5 6554865450054480 91.2
395143800 32796531492 97.5 6554871325356880 91.2
395206500 32796539192 97.5 6554874512659280 91.2
395336600 32796544892 97.5 6554877092115280 91.2
395425700 32796592292 97.5 6554896790188880 91.2
395776500 32796613292 97.5 6554906715001680 91.2
404415800 32801787692 97.5 6559096920642384 91.3
404422800 32801787792 97.5 6559097131679088 91.3
405622800 32802257092 97.5 6559280086072688 91.3
406551400 32803222492 97.5 6559914336992624 91.3
424797300 32809258092 97.5 6564783008005488 91.4
425955100 32809849592 97.5 6565025360952688 91.4
426153100 32810105992 97.5 6565125206646128 91.4
426210200 32810115992 97.5 6565129665961328 91.4
426263300 32810129192 97.5 6565136945986928 91.4
427433400 32810141192 97.5 6565140608425328 91.4
427460400 32810702392 97.5 6565555266231664 91.4
427468200 32810705292 97.5 6565556315217264 91.4
427711400 32810720392 97.5 6565562264862064 91.4
445844200 32813994092 97.5 6568235399134576 91.4
445848400 32814016792 97.5 6568247923883376 91.4
445951600 32814026692 97.5 6568252013124976 91.4
446483500 32820277692 97.5 6573240359124336 91.5
446864500 32820889292 97.5 6573732191567216 91.5
446986200 32820915092 97.5 6573740766748016 91.5
446988800 32820916492 97.5 6573741484981616 91.5
446991000 32820992892 97.5 6573771829378416 91.5
447114600 32820996992 97.5 6573772930588016 91.5
447143600 32821023792 97.5 6573783690575216 91.5
447275400 32821025392 97.5 6573784291253616 91.5
447353400 32821055692 97.5 6573794512821616 91.5
447714700 32821063992 97.5 6573797180956016 91.5
447818000 32821065392 97.5 6573797820136816 91.5
447884600 32821069392 97.5 6573799042997616 91.5
447889700 32821069492 97.5 6573799254033008 91.5
448081700 32821616892 97.5 6574008102519408 91.5
448169400 32821617692 97.5 6574008966980208 91.5
448233200 32821629192 97.5 6574012660548208 91.5
448359300 32821631492 97.5 6574014616593008 91.5
448477500 32821633292 97.5 6574015029060208 91.5
448548100 32822238592 97.5 6574487746191984 91.5
448562300 32822244692 97.5 6574491075830384 91.5
448644100 32822361192 97.5 6574525562307184 91.5
448789800 32822366792 97.5 6574527521628784 91.5
448981500 32822394692 97.5 6574538979779184 91.5
449053100 32822516592 97.5 6574588095529584 91.5
468046900 32822550192 97.5 6574600358953584 91.5
468092300 32827935492 97.5 6578950298894960 91.6
468102700 32828054192 97.5 6578986587611760 91.6
468103300 32828054292 97.5 6578986798647360 91.6
468115200 32828055692 97.5 6578989753179712 91.6
469383300 32828596392 97.5 6579209537691200 91.6
469436400 32828647492 97.6 6579227682223680 91.6
470513100 32829397292 97.6 6579791460578880 91.6
492884400 32829771492 97.6 6579945189389888 91.6
494180600 32829774592 97.6 6579945936500288 91.6
494208500 32835922992 97.6 6584893459904064 91.6
494264000 32836054692 97.6 6584935932761664 91.6
494852700 32836581892 97.6 6585331778131520 91.6
495190300 32839753292 97.6 6587901441807936 91.7
495235500 32839841392 97.6 6587929810103872 91.7
496545900 32840269292 97.6 6588098682449472 91.7
497866500 32840821592 97.6 6588517863976512 91.7
515220800 32845984992 97.6 6592657343966784 91.7
515225700 32845985592 97.6 6592658610178624 91.7
515251000 32846088192 97.6 6592691646671424 91.7
516622300 32846685692 97.6 6592926668188224 91.8
539422700 32846696192 97.6 6592932017769024 91.8
539439900 32850769392 97.6 6596204466178624 91.8
539484200 32850778992 97.6 6596208906857024 91.8
539522700 32850799092 97.6 6596215635970624 91.8
539753700 32851392592 97.6 6596671259216448 91.8
539789700 32851394892 97.6 6596671989533248 91.8
539814000 32851402992 97.6 6596675723651648 91.8
539846200 32851464392 97.6 6596699908893248 91.8
539857000 32851518192 97.6 6596716107549248 91.8
540033900 32851538192 97.6 6596726278326848 91.8
541091100 32854185592 97.6 6598862709328448 91.8
541133900 32854185992 97.6 6598862811523648 91.8
541158100 32854188092 97.6 6598863570512448 91.8
541363500 32854206492 97.6 6598879019721280 91.8
541373900 32854239292 97.6 6598891395990080 91.8
541484000 32854637192 97.6 6599048266646080 91.8
541547300 32854642092 97.6 6599050597270080 91.8
541583700 32854650292 97.6 6599054085698112 91.8
541739100 32854662292 97.6 6599060159246912 91.8
541739500 32854814992 97.6 6599175977103936 91.8
541767500 32854882292 97.6 6599200902902336 91.8
543248500 32855031792 97.6 6599262814761536 91.8
543255500 32855032092 97.6 6599263447867712 91.8
543333400 32855262992 97.6 6599445132124480 91.8
567183000 32858584192 97.6 6602111235957056 91.9
567726000 32859065592 97.6 6602493677478208 91.9
569345900 32859547392 97.6 6602683379818816 91.9
569411600 32859625892 97.6 6602709264695616 91.9
600962700 32861807192 97.6 6604478772216128 91.9
601076300 32861837892 97.6 6604488720376128 91.9
601730700 32865135392 97.7 6607132605145408 91.9
601740200 32865135692 97.7 6607133238251200 91.9
602417500 32865481992 97.7 6607406664158912 92.0
602743600 32865809492 97.7 6607534821445312 92.0
602776500 32865861192 97.7 6607552734686912 92.0
602787700 32866211292 97.7 6607688966827712 92.0
604299500 32866571192 97.7 6607970769071808 92.0
631009800 32869528992 97.7 6610339006803648 92.0
631028700 32869529392 97.7 6610339640729024 92.0
632823700 32869801292 97.7 6610442183679424 92.0
633887000 32870101992 97.7 6610667206614464 92.0
633955800 32871642692 97.7 6611912774916944 92.0
662142200 32873172692 97.7 6613137713535824 92.0
663034800 32873427292 97.7 6613241674931024 92.0
664419800 32873712092 97.7 6613441808800592 92.0
666274200 32873884492 97.7 6613507137542992 92.0
681678500 32875588692 97.7 6614867449289552 92.1
681716200 32875614892 97.7 6614874536188752 92.1
682456100 32875783492 97.7 6614994712329040 92.1
682499300 32875783592 97.7 6614994923364432 92.1
683380000 32875958492 97.7 6615063048241232 92.1
713937500 32877267292 97.7 6616105922412624 92.1
714019100 32877292492 97.7 6616115901907024 92.1
715671900 32877447692 97.7 6616237517684816 92.1
717694300 32877575292 97.7 6616284872155216 92.1
726259600 32878309192 97.7 6616876533981264 92.1
726303800 32878326292 97.7 6616880967082064 92.1
727350700 32878407192 97.7 6616934552649808 92.1
759888400 32878908992 97.7 6617334611591248 92.1
761099600 32879004692 97.7 6617368540397648 92.1
761184600 32879016592 97.7 6617372885024848 92.1
762767600 32879074292 97.7 6617420526325840 92.1
762813700 32879076192 97.7 6617421205442640 92.1
787388400 32879342092 97.7 6617635548287056 92.1
789439900 32879380492 97.7 6617654920114256 92.1
789987000 32879384492 97.7 6617659746447440 92.1
793263900 32879386192 97.7 6617661210170192 92.1