# 71320764416 13583154048663552 950340 2577617500 2247727692365900 0 0
0 46647808000 65.4 -6485370552188928 -47.7
1552700 53242423296 74.7 -615968640335872 -4.5
2619600 55138659072 77.3 877601539227648 6.5
3582400 56233043840 78.8 1711986513543168 12.6
4483800 56992153280 79.9 2281455086469120 16.8
5340000 57572891584 80.7 2712930218934272 20.0
6158000 58041923392 81.4 3060309354872832 22.5
6946800 58434821312 81.9 3350710280257536 24.7
7713600 58772451200 82.4 3600375789649920 26.5
8461000 59067869312 82.8 3818158196523008 28.1
9189100 59330542112 83.2 4011719554760704 29.5
9894500 59566946400 83.5 4185909318647808 30.8
10575900 59781824704 83.8 4343563240341504 32.0
11228600 59979706496 84.1 4487418270973952 33.0
11848800 60164777504 84.4 4620050971492352 34.0
12482900 60339548800 84.6 4742534177751040 34.9
13241500 60494431104 84.8 4856138436706304 35.8
13907700 60637630592 85.0 4962117820088320 36.5
14529500 60771542096 85.2 5061442478800896 37.3
15164700 60897151696 85.4 5154639267758080 37.9
15771500 61015454400 85.6 5242633844686848 38.6
16993100 61233128192 85.9 5404618083270656 39.8
16997200 61233128992 85.9 5404619138991040 39.8
18171300 61428903184 86.1 5550470171788224 40.9
18173800 61428903884 86.1 5550470384037024 40.9
19333900 61606894688 86.4 5683623874710688 41.8
20481600 61606894988 86.4 5683623875325088 41.8
20481800 61770155180 86.6 5805092160679072 42.7
21459700 61921938284 86.8 5917189011942560 43.6
21625400 61923568084 86.8 5918341510081696 43.6
22682700 62059030692 87.0 6019398802222240 44.3
22752000 62061631092 87.0 6021543461268640 44.3
23780000 62187487492 87.2 6115443098135712 45.0
23846100 62189810492 87.2 6117560955186336 45.0
24869100 62307054492 87.4 6205133861956768 45.7
24935100 62309193692 87.4 6207052535966880 45.7
25934000 62418665484 87.5 6288948779429024 46.3
25994600 62420703684 87.5 6290768625937568 46.3
26987200 62523454884 87.7 6367744313273504 46.9
27050100 62525476684 87.7 6369488518392992 46.9
28465000 62526990984 87.7 6370254295542944 46.9
28528100 62669977880 87.9 6477243910597792 47.7
28545300 62673120680 87.9 6479735600327840 47.7
30039300 62805378480 88.1 6578946157194400 48.4
30042900 62805378680 88.1 6578946579221408 48.4
30149800 62807104580 88.1 6580428218551200 48.4
31581800 62928120884 88.2 6671249538272160 49.1
31682200 62930460384 88.2 6673387419716512 49.1
33059300 63042565488 88.4 6757668687039392 49.8
33135800 63044809688 88.4 6759619983690656 49.8
34521500 63149264584 88.5 6838287124777888 50.3
34521700 63149264684 88.5 6838287335804192 50.3
34608600 63151419584 88.5 6840129767066912 50.4
35795800 63154715184 88.6 6842076326907168 50.4
35976600 63252154592 88.7 6915547044105504 50.9
37386900 63344297496 88.8 6985298408525088 51.4
37485900 63345553196 88.8 6986388276530464 51.4
39197400 63345554596 88.8 6986389333435744 51.4
39200400 63461053300 89.0 7074208051586400 52.1
39291100 63463421800 89.0 7076265723651424 52.1
40971600 63571766600 89.1 7159044188628320 52.7
40973500 63571766900 89.1 7159044400055424 52.7
41085900 63574040900 89.1 7161053975381120 52.7
41087000 63574041200 89.1 7161054608386688 52.7
42713200 63576615900 89.1 7162952832281216 52.7
42806900 63576616400 89.1 7162953254914720 52.7
42807600 63678443296 89.3 7241045767965344 53.3
42911900 63679019496 89.3 7241517705480864 53.3
44606300 63774993400 89.4 7314969061771936 53.9
44730100 63776596700 89.4 7316336004844192 53.9
46364000 63866998404 89.5 7385741334170272 54.4
46364800 63866998904 89.5 7385741756816480 54.4
46487100 63866999104 89.5 7385742178856576 54.4
46488100 63868963504 89.6 7387476379119232 54.4
48408100 63870078004 89.6 7388289971269248 54.4
48471600 63976161204 89.7 7469796949765760 55.0
48472600 63976161904 89.7 7469798426808064 55.0
48570600 63978511304 89.7 7471822408462080 55.0
50551500 64078333504 89.8 7548626263551744 55.6
50699900 64079232404 89.8 7549423908957952 55.6
50701100 64079232604 89.8 7549423909367552 55.6
52646600 64172285308 90.0 7621254334934784 56.1
52744400 64172285408 90.0 7621254335139584 56.1
52745600 64174368208 90.0 7623078953979648 56.1
54589900 64261875208 90.1 7690897397747456 56.6
54700300 64263881708 90.1 7692595761090304 56.6
56926600 64362442716 90.2 7768953384177408 57.2
57092600 64364808316 90.2 7770950968512256 57.2
59212300 64456943420 90.4 7842442100051712 57.7
59428900 64456943520 90.4 7842442311052608 57.7
59433100 64459122620 90.4 7844379165666624 57.8
61551000 64545423220 90.5 7911738618359104 58.2
61601100 64547799520 90.5 7913638183660864 58.3
63899100 64547799620 90.5 7913638183865664 58.3
63899300 64630745120 90.6 7978326863359296 58.7
63900000 64630745320 90.6 7978327074590192 58.7
63902100 64630745520 90.6 7978327285795696 58.7
63902400 64630745720 90.6 7978327497026592 58.7
66698900 64630745820 90.6 7978327708027088 58.7
66699500 64630745920 90.6 7978327708231888 58.7
66700000 64722798120 90.7 8049819561191632 59.3
66704200 64722798720 90.7 8049820827302096 59.3
66707100 64722799120 90.7 8049821460577296 59.3
69184000 64722799220 90.7 8049821671577792 59.3
69184300 64722799420 90.7 8049821882808688 59.3
69184400 64722799520 90.7 8049822093834784 59.3
69191700 64808011424 90.9 8116749126367776 59.8
71718500 64809147224 90.9 8117703789083168 59.8
71959400 64888665424 91.0 8180166551239200 60.2
71968000 64888665824 91.0 8180167395280288 60.2
71970500 64888665924 91.0 8180167606293792 60.2
72049100 64888940924 91.0 8180402267018528 60.2
72050400 64888941024 91.0 8180402267223328 60.2
72051600 64888941124 91.0 8180402478237120 60.2
74729200 64971960924 91.1 8245399615030720 60.7
74970600 64971961024 91.1 8245399615235520 60.7
74971600 64971961124 91.1 8245399826261616 60.7
74971800 64971961224 91.1 8245400037287824 60.7
74972000 64973014024 91.1 8246311966467984 60.7
74972200 64973014124 91.1 8246311966672784 60.7
77615200 65050479524 91.2 8307132738504592 61.2
77744300 65052464924 91.2 8308815464171408 61.2
80587300 65133614620 91.3 8372729111578512 61.6
80770900 65135727520 91.3 8374585567356816 61.7
80771500 65135727620 91.3 8374585567561616 61.7
83879500 65211367820 91.4 8434150841599888 62.1
84067700 65211368020 91.4 8434151263650704 62.1
84069400 65211368220 91.4 8434151685710416 62.1
84079700 65213532520 91.4 8435959335051856 62.1
84079900 65213532620 91.4 8435959546078064 62.1
84344200 65214995020 91.4 8437213942997872 62.1
84344600 65214995120 91.4 8437213944021872 62.1
87531100 65293250120 91.5 8498927129527152 62.6
87531300 65293250220 91.5 8498927340553152 62.6
87731500 65295282320 91.6 8500710306153408 62.6
90369100 65295282420 91.6 8500710306358208 62.6
90370200 65295282520 91.6 8500710517361216 62.6
90376900 65295282820 91.6 8500711150439936 62.6
90377300 65368289020 91.7 8558613819149824 63.0
90652900 65370176820 91.7 8560252244315648 63.0
93803000 65444863716 91.8 8619297479183872 63.5
94068600 65446843416 91.8 8621001321991680 63.5
97214100 65516204712 91.9 8675833420434944 63.9
97439200 65518085812 91.9 8677495996403584 63.9
100490800 65588730612 92.0 8733370832375680 64.3
100872400 65590438512 92.0 8734788255936384 64.3
100875400 65590438612 92.0 8734788256141184 64.3
104114100 65590438812 92.0 8734788678156096 64.3
104117300 65656237112 92.1 8786865165008704 64.7
104374200 65658198312 92.1 8788544282787648 64.7
107469300 65658199112 92.1 8788545970851904 64.7
107469600 65724865312 92.2 8841621230538816 65.1
107711000 65726738812 92.2 8843235574763584 65.1
107716100 65726739812 92.2 8843237684850240 65.1
107716300 65726739912 92.2 8843237895876240 65.1
110826400 65726740112 92.2 8843238107107136 65.1
110828400 65726740412 92.2 8843238740178048 65.1
110833000 65788876912 92.2 8892762951103616 65.5
111188600 65790745212 92.2 8894393016628352 65.5
111190600 65790745312 92.2 8894393227654848 65.5
114298000 65790745512 92.2 8894393438885744 65.5
114300000 65853481812 92.3 8944422954391408 65.8
114540700 65855445212 92.3 8946120651233136 65.9
114542100 65855445312 92.3 8946120862259136 65.9
118314900 65918121812 92.4 8996184183855040 66.2
118717000 65919492312 92.4 8997360069040064 66.2
122175400 65981784812 92.5 9047359825958848 66.6
122284500 65983613812 92.5 9048941496293312 66.6
125505600 65983613912 92.5 9048941707320704 66.6
125506400 66041682112 92.6 9095343909035392 67.0
125752600 66043545812 92.6 9096941035249024 67.0
126186600 66044464012 92.6 9097780840291712 67.0
129667600 66102010812 92.7 9144010232487296 67.3
129669200 66102011312 92.7 9144011287618304 67.3
132765900 66160966712 92.8 9191395887604480 67.7
132783700 66160967412 92.8 9191397364711552 67.7
132785000 66160968012 92.8 9191398630868992 67.7
133246800 66162099012 92.8 9192404453148672 67.7
133255900 66162099212 92.8 9192404875197056 67.7
136778000 66162099512 92.8 9192405297415968 67.7
136778400 66162099612 92.8 9192405508442672 67.7
136785700 66219047612 92.8 9238478356630064 68.0
136879800 66220743012 92.8 9240003634285104 68.0
136885600 66220743212 92.8 9240004056337616 68.0
140396600 66277220412 92.9 9285460367002832 68.4
140444400 66277220512 92.9 9285460578020336 68.4
140460700 66277816412 92.9 9285987160894448 68.4
140983400 66279355512 92.9 9287353705901040 68.4
144194300 66336016412 93.0 9333007597644784 68.7
147215200 66392870912 93.1 9379325388991472 69.1
150747200 66449196212 93.2 9425060339854320 69.4
151023800 66449333312 93.2 9425188807822320 69.4
151744000 66449888712 93.2 9425692695809008 69.4
151766600 66449888812 93.2 9425692906846704 69.4
154407700 66451625912 93.2 9427179970984432 69.4
154637400 66505754712 93.2 9470886334134768 69.7
154644100 66505754812 93.2 9470886334339568 69.7
154915300 66505754912 93.2 9470886334544368 69.7
154923000 66505755112 93.2 9470886756571472 69.7
154940400 66506022412 93.2 9471116848961872 69.7
154942200 66506022612 93.2 9471117270989264 69.7
158560500 66506153412 93.2 9471233359616464 69.7
158561800 66506154212 93.2 9471235047752400 69.7
158587400 66559647912 93.3 9514488245715664 70.0
158588700 66559648212 93.3 9514488878755792 70.0
158589900 66559649112 93.3 9514490777822544 70.0
158689700 66561318212 93.3 9515950245012816 70.1
159380700 66561536412 93.3 9516145710130512 70.1
163143800 66616680312 93.4 9560749146826064 70.4
163144900 66616680912 93.4 9560750412916816 70.4
163145100 66616681012 93.4 9560750413121616 70.4
163147800 66616681312 93.4 9560751046184144 70.4
163186500 66616681512 93.4 9560751468200752 70.4
163190800 66616744812 93.4 9560814146831152 70.4
163192700 66616745912 93.4 9560816468120112 70.4
163196500 66616746012 93.4 9560816468324912 70.4
163198100 66616746312 93.4 9560817101387632 70.4
163198300 66616746512 93.4 9560817523417040 70.4
163928400 66618111112 93.4 9562080879763408 70.4
167183200 66672855312 93.5 9606545703100368 70.7
167256300 66672916312 93.5 9606603861393360 70.7
167766700 66673907312 93.5 9607477609955280 70.7
168794700 66675146012 93.5 9608584308916176 70.7
172115500 66729219512 93.6 9652565914877904 71.1
172248900 66729273712 93.6 9652622317002704 71.1
172267500 66729327112 93.6 9652667358257104 71.1
172268100 66729327212 93.6 9652667569283200 71.1
172886600 66730216812 93.6 9653466177282176 71.1
172946800 66731217812 93.6 9654372145176704 71.1
176219400 66786438012 93.6 9699392575381632 71.4
176637400 66786617412 93.6 9699559995285632 71.4
176801900 66787021412 93.6 9699895680213120 71.4
176818900 66787022012 93.6 9699896946267904 71.4
176819100 66787022712 93.6 9699898212629888 71.4
177422900 66788062112 93.6 9700775553219968 71.4
182052600 66788062912 93.6 9700777241318016 71.4
182067200 66788063012 93.6 9700777452337120 71.4
182080700 66788166012 93.6 9700870693582816 71.4
182148300 66842319912 93.7 9744950416898016 71.7
182201000 66842320112 93.7 9744950838915808 71.7
182213400 66842603312 93.7 9745207554388704 71.7
182840400 66843038512 93.7 9745593389789920 71.7
182951600 66844325612 93.7 9746757998719712 71.8
187475300 66844325812 93.7 9746758420737504 71.8
187476900 66844325912 93.7 9746758631754400 71.8
187485000 66844326012 93.7 9746758842786896 71.8
187485400 66899360212 93.8 9791706480845904 72.1
187486400 66899360512 93.8 9791706903078096 72.1
187486800 66899360612 93.8 9791707114078992 72.1
188100200 66900919212 93.8 9793101064930064 72.1
193874600 66956227612 93.9 9838172606923536 72.4
193884100 66956227912 93.9 9838173239929936 72.4
194073800 66958234112 93.9 9839985327238224 72.4
200238700 66959018012 93.9 9840677483539536 72.4
200894900 67012737012 94.0 9884537727315024 72.8
200929800 67012792812 94.0 9884586679307344 72.8
201027100 67012792912 94.0 9884586890333344 72.8
201028100 67013013612 94.0 9884778404236448 72.8
201706300 67013395512 94.0 9885129631124640 72.8
206972000 67067174712 94.0 9928963903769760 73.1
207685600 67068465512 94.0 9930123591732384 73.1
207687600 67068465612 94.0 9930123802758688 73.1
208389400 67070470612 94.0 9931893029785120 73.1
216491100 67124521712 94.1 9976199190990368 73.4
216495600 67124522712 94.1 9976201301123232 73.4
216675000 67126810312 94.1 9978185318719648 73.5
224602700 67180882212 94.2 10022509699981472 73.8
224602900 67180882312 94.2 10022509911008272 73.8
225392900 67182039112 94.2 10023506936783888 73.8
225987800 67188475612 94.2 10026148336165904 73.8
226012100 67188475812 94.2 10026148758207600 73.8
226015500 67188476012 94.2 10026149180265104 73.8
234278400 67188476112 94.2 10026149391287408 73.8
234281800 67188476212 94.2 10026149602325104 73.8
234296700 67233270012 94.3 10067174358184560 74.1
234917200 67238401112 94.3 10070190410625648 74.1
234919200 67238401412 94.3 10070191043704944 74.1
235414100 67245628012 94.3 10073248592230512 74.2
245247000 67291593012 94.4 10115254030891120 74.5
245253700 67291593512 94.4 10115255086043696 74.5
246245300 67296094812 94.4 10117694946759216 74.5
246248700 67296094912 94.4 10117695157785216 74.5
246250100 67296095012 94.4 10117695368785824 74.5
247226100 67298118812 94.4 10119412930375584 74.5
247852900 67305175512 94.4 10122437753630624 74.5
257896400 67351608112 94.4 10164783434231712 74.8
257905200 67351608612 94.4 10164784489300384 74.8
258697800 67357068612 94.4 10167977567060384 74.9
259208000 67357068812 94.4 10167977989064576 74.9
259228900 67364302512 94.5 10171168930613120 74.9
270943200 67364302712 94.5 10171169352683232 74.9
270946200 67364302812 94.5 10171169563702336 74.9
270956500 67415005512 94.5 10216133496632384 75.2
270980700 67415005612 94.5 10216133707669888 75.2
270982300 67415005712 94.5 10216133918692192 75.2
270983300 67415006512 94.5 10216135606783840 75.2
271963200 67417167812 94.5 10217941865582432 75.2
271963600 67417168212 94.5 10217942709687648 75.2
272677200 67424461212 94.5 10221099353625952 75.2
284631100 67471180712 94.6 10263540047795552 75.6
284712600 67473840812 94.6 10264360086328672 75.6
284714900 67473841012 94.6 10264360508380864 75.6
285732200 67473841212 94.6 10264360930433376 75.6
285733400 67473841812 94.6 10264362196580960 75.6
285736900 67476621312 94.6 10266694260800096 75.6
286444600 67484240012 94.6 10270055171799648 75.6
298708900 67536122912 94.7 10317313816836704 76.0
298785500 67538772812 94.7 10318137528597088 76.0
299868800 67538773412 94.7 10318138794642016 76.0
299884700 67538773612 94.7 10318139216704992 76.0
299885300 67541360312 94.7 10320330816042464 76.0
300572100 67549117912 94.7 10323834459993568 76.0
313684600 67600956012 94.8 10370993859409376 76.4
314842800 67604142312 94.8 10373621610001888 76.4
314945900 67606819312 94.8 10374440936617440 76.4
314946100 67606819412 94.8 10374441147654640 76.4
316107300 67608921212 94.8 10376180843766256 76.4
316137300 67608921312 94.8 10376181054783760 76.4
329986600 67664822012 94.9 10426290215928080 76.8
330792600 67672479612 94.9 10429777419518224 76.8
330797200 67672480512 94.9 10429779318734480 76.8
330850800 67672480912 94.9 10429780162845392 76.8
330864900 67672481212 94.9 10429780795907280 76.8
330868600 67672481612 94.9 10429781429190480 76.8
330869600 67675224712 94.9 10430621928980304 76.8
330871500 67675224812 94.9 10430622140015504 76.8
331746800 67679539112 94.9 10434147087885200 76.8
331767200 67679539812 94.9 10434148564970384 76.8
331768100 67679539912 94.9 10434148775996480 76.8
346227800 67679540012 94.9 10434148987023872 76.8
346229800 67734937912 95.0 10483718882308608 77.2
347031700 67742644312 95.0 10487390088966656 77.2
347113800 67745456712 95.0 10488230664581632 77.2
347113900 67745457212 95.0 10488231719710016 77.2
347118800 67745458012 95.0 10488233407835840 77.2
347123600 67745459512 95.0 10488236573051840 77.2
348338100 67745460112 95.0 10488237839209408 77.2
348339800 67745461112 95.0 10488239949379264 77.2
348364100 67748973612 95.0 10491112214001344 77.2
348369400 67748973912 95.0 10491112847079616 77.2
363464200 67808252912 95.1 10544399638100160 77.6
363471100 67808253212 95.1 10544400271192256 77.6
364237200 67815859112 95.1 10548217054539968 77.7
364339000 67818764312 95.1 10549040281137344 77.7
365609900 67818764812 95.1 10549041336267968 77.7
365642600 67822799412 95.1 10552250011071680 77.7
381341100 67876648212 95.2 10600953077937344 78.0
381383300 67876648812 95.2 10600954344052288 78.0
381387900 67876649512 95.2 10600955821245248 78.0
382249000 67883533612 95.2 10604393894331200 78.1
383557200 67883533812 95.2 10604394316393792 78.1
383573700 67883534212 95.2 10604395160494016 78.1
383606600 67883534312 95.2 10604395371519712 78.1
383607600 67885824712 95.2 10605073297399520 78.1
383607700 67889839712 95.2 10608369745092320 78.1
383608000 67889839812 95.2 10608369956123520 78.1
383616000 67889839912 95.2 10608370167123520 78.1
383617400 67889840312 95.2 10608371011160128 78.1
383624700 67889840512 95.2 10608371433160736 78.1
383635800 67889841112 95.2 10608372699213984 78.1
383663600 67889841212 95.2 10608372910227888 78.1
383663800 67889841312 95.2 10608373121228784 78.1
383665200 67889841512 95.2 10608373543247984 78.1
399149600 67936050812 95.3 10650130767192176 78.4
399157300 67936050912 95.3 10650130978219568 78.4
400014000 67942052112 95.3 10653084639602224 78.4
401594700 67942052812 95.3 10653086116780464 78.4
401606300 67945261012 95.3 10655755130673584 78.4
401612700 67945261212 95.3 10655755552678576 78.4
401627400 67945261612 95.3 10655756396693488 78.4
417790700 67983734612 95.3 10690802751014896 78.7
417907300 67985645912 95.3 10691384792483824 78.7
418608100 67990837312 95.3 10693926266505200 78.7
419779800 67993725812 95.3 10696359841794032 78.7
419784700 67993727312 95.3 10696363007013872 78.7
419817400 67995326212 95.3 10696845280375792 78.8
421546900 67997098212 95.3 10698377136403440 78.8
435769700 68030135012 95.4 10728331391759344 79.0
435802500 68030136012 95.4 10728333501889904 79.0
436670500 68034584612 95.4 10730536880930160 79.0
436686700 68034584812 95.4 10730537302962064 79.0
436700800 68034585712 95.4 10730539202153232 79.0
436703700 68034586112 95.4 10730540046258832 79.0
436710000 68034586212 95.4 10730540257275824 79.0
436712400 68035970112 95.4 10730958655877040 79.0
438259500 68038111812 95.4 10732784534581168 79.0
451476500 68067136412 95.4 10759281905397680 79.2
452044900 68071003912 95.4 10761266026409904 79.2
452149400 68072215112 95.4 10761624716406704 79.2
452985500 68074073612 95.4 10763215581835184 79.2
464755500 68100239712 95.5 10786989049999280 79.4
464834500 68100239812 95.5 10786989261033984 79.4
465381300 68100240012 95.5 10786989683109184 79.4
465423600 68103655912 95.5 10788663215910208 79.4
465435100 68104730112 95.5 10788996425903424 79.4
465438500 68104730312 95.5 10788996847963232 79.4
465979300 68106452812 95.5 10790408356301920 79.4
473018600 68106595512 95.5 10790537968397408 79.4
473096500 68106619612 95.5 10790563784875104 79.4
473214800 68131755312 95.5 10813407531031648 79.6
473509100 68134978412 95.5 10814982306061408 79.6
475138400 68135622912 95.5 10815557887253600 79.6
475369300 68137292112 95.5 10816445409582176 79.6
480129200 68137292412 95.5 10816446042653088 79.6
480173600 68138919412 95.5 10817921266532768 79.6
480197100 68163793112 95.6 10840441449398688 79.8
480436700 68166897412 95.6 10842029543571872 79.8
480468400 68167887112 95.6 10842313699279264 79.8
488115400 68192939712 95.6 10864994221998496 80.0
488515100 68192940112 95.6 10864995066014688 80.0
488526500 68196061412 95.6 10866585334148064 80.0
488526700 68196061612 95.6 10866585756149856 80.0
488584100 68196061912 95.6 10866586389177760 80.0
488590500 68197063812 95.6 10866887011198368 80.0
490513200 68198446612 95.6 10868103699228064 80.0
490519800 68198447012 95.6 10868104543256480 80.0
503400600 68198447512 95.6 10868105598276896 80.0
503423800 68224424212 95.7 10891830651589920 80.2
504240500 68227725112 95.7 10893504878810400 80.2
504280800 68228751812 95.7 10893821245658400 80.2
504301500 68228752612 95.7 10893822933768736 80.2
505234000 68230738212 95.7 10895520919886368 80.2
505260600 68230738712 95.7 10895521974933856 80.2
520843100 68258167912 95.7 10920381895760224 80.4
521438100 68258168112 95.7 10920382317812128 80.4
521467800 68261763712 95.7 10922203050891680 80.4
521534000 68262908112 95.7 10922559329556896 80.4
521551600 68262908612 95.7 10922560384572000 80.4
523500400 68262908812 95.7 10922560806602688 80.4
523500500 68262908912 95.7 10922561017628896 80.4
523504900 68262909012 95.7 10922561228633504 80.4
523505300 68262909112 95.7 10922561439651104 80.4
523506100 68262909212 95.7 10922561650668704 80.4
523506900 68262909312 95.7 10922561861694800 80.4
523513600 68262909712 95.7 10922562705761296 80.4
523518000 68262909912 95.7 10922563127792592 80.4
523530300 68262910012 95.7 10922563338806288 80.4
523544800 68262910912 95.7 10922565237955472 80.4
523546900 68264778212 95.7 10924129859361680 80.4
523560000 68264778312 95.7 10924130070375184 80.4
543015600 68295199412 95.8 10951494280096528 80.6
543052100 68295199812 95.8 10951495124163536 80.6
543079100 68295200312 95.8 10951496179211920 80.6
544090500 68299219012 95.8 10953534763785872 80.6
544156700 68300468412 95.8 10953912280637072 80.6
546179300 68302966012 95.8 10955978492305040 80.7
546236400 68302966212 95.8 10955978914340432 80.7
546244400 68302967012 95.8 10955980602554576 80.7
548365100 68305221112 95.8 10957812831697104 80.7
571144400 68305221212 95.8 10957813042710400 80.7
571185200 68341530912 95.8 10990304973621120 80.9
572290900 68346082912 95.8 10992716140316544 80.9
572365800 68347478012 95.8 10993148010694528 80.9
572387500 68347479312 95.8 10993150753890944 80.9
572395500 68347479812 95.8 10993151809045952 80.9
574726500 68350871612 95.8 10995868770125248 81.0
599701400 68350872112 95.8 10995869825198528 81.0
599739600 68393661212 95.9 11033881690859968 81.2
599742000 68393661612 95.9 11033882534964672 81.2
601123500 68398383612 95.9 11036494352969152 81.3
601139600 68398384012 95.9 11036495097015040 81.3
601186300 68398385212 95.9 11036497629037824 81.3
601212200 68398385312 95.9 11036497840038720 81.3
601212600 68398385512 95.9 11036498262091808 81.3
601214800 68398386812 95.9 11036501005437216 81.3
601239300 68399994012 95.9 11036953469880608 81.3
601262000 68399994112 95.9 11036953680902912 81.3
603255000 68403840212 95.9 11040094699485952 81.3
628267600 68442167712 96.0 11074591232981760 81.5
628268800 68442167812 96.0 11074591443995456 81.5
628284700 68442169112 96.0 11074594187170112 81.5
628293200 68442169512 96.0 11074595031270080 81.5
628317800 68442169612 96.0 11074595242305184 81.5
628319000 68442169712 96.0 11074595453340192 81.5
629455800 68446584112 96.0 11076968728431136 81.5
629521900 68447818312 96.0 11077329570073120 81.6
629542300 68447820812 96.0 11077334845439520 81.6
632262600 68450057412 96.0 11079205676727840 81.6
632273400 68450057712 96.0 11079206309751648 81.6
654877500 68478675612 96.0 11104916040608608 81.8
655597400 68482240812 96.0 11106843225779040 81.8
655600500 68482240912 96.0 11106843436804736 81.8
657759400 68485364012 96.0 11108909294578304 81.8
657822500 68485364112 96.0 11108909505595904 81.8
676264000 68485418012 96.0 11108960041331200 81.8
676932000 68485419412 96.0 11108962995443968 81.8
676984000 68508154612 96.1 11129448273975552 81.9
678147400 68510975312 96.1 11131008104044800 81.9
678178800 68511732812 96.1 11131235731052800 81.9
679317500 68513398212 96.1 11132673737038080 82.0
679374300 68513398712 96.1 11132674792089280 82.0
679410200 68513418412 96.1 11132691557631680 82.0
686168700 68514981412 96.1 11134092228937408 82.0
686190700 68514982112 96.1 11134093706148032 82.0
687222200 68535364012 96.1 11152460666124480 82.1
687324200 68537780012 96.1 11153767213971648 82.1
687346300 68538468712 96.1 11153976626477248 82.1
688993700 68538865712 96.1 11154317386840256 82.1
696392600 68538866512 96.1 11154319075017408 82.1
696393300 68538866812 96.1 11154319708049280 82.1
696393600 68538947812 96.1 11154393269751680 82.1
696447900 68538948412 96.1 11154394535854848 82.1
696448000 68538948612 96.1 11154394957916544 82.1
696693500 68542105112 96.1 11155902925678976 82.1
699543700 68562443412 96.1 11174309828012416 82.3
699686000 68563831312 96.1 11175484162746752 82.3
712443500 68585973612 96.2 11195417827387776 82.4
713141200 68588714612 96.2 11196876846311808 82.4
713159100 68589500912 96.2 11197118367967616 82.4
713187000 68589501112 96.2 11197118790009328 82.4
713203000 68589501412 96.2 11197119423095728 82.4
713221200 68589501912 96.2 11197120478175536 82.4
713222800 68589502112 96.2 11197120900226640 82.4
714398600 68589502212 96.2 11197121111253440 82.4
714398900 68591888912 96.2 11199087084560832 82.4
740510900 68618297212 96.2 11222874521854400 82.6
741564900 68621672712 96.2 11224709955707328 82.6
744694900 68621673012 96.2 11224710588741120 82.6
744702300 68622695112 96.2 11225560022922752 82.6
744734900 68622695212 96.2 11225560233936352 82.6
744739700 68622695412 96.2 11225560655957952 82.6
744746700 68622697012 96.2 11225564032354240 82.6
744783500 68623656212 96.2 11225857605584832 82.6
744827300 68623656312 96.2 11225857816622528 82.6
744841400 68623657112 96.2 11225859504848064 82.6
746429800 68626533612 96.2 11227476757953728 82.7
778766000 68659213612 96.3 11256595969326272 82.9
778783800 68659214012 96.3 11256596813450176 82.9
778817200 68659214112 96.3 11256597024463472 82.9
782163100 68662895812 96.3 11259564557195888 82.9
782216500 68662896612 96.3 11259566245276144 82.9
782229000 68662897912 96.3 11259568988667632 82.9
782328000 68664119212 96.3 11259936208371440 82.9
782330600 68664119712 96.3 11259937263444720 82.9
782361900 68664120112 96.3 11259938107503344 82.9
783483800 68668408312 96.3 11262383708386032 82.9
817473100 68668409512 96.3 11262386240589808 82.9
817538100 68668409712 96.3 11262386662618416 82.9
817538200 68702251912 96.3 11292337271026992 83.1
817545800 68702252012 96.3 11292337482053088 83.1
820740800 68702252112 96.3 11292337693080480 83.1
820747500 68705680612 96.3 11295162368342944 83.2
820905800 68706755012 96.3 11295478639967136 83.2
820912800 68706755112 96.3 11295478850989040 83.2
820937900 68706756312 96.3 11295481383130608 83.2
822750500 68709503112 96.3 11297027093992944 83.2
826173100 68709503312 96.3 11297027516046736 83.2
826211800 68711496712 96.3 11298670302109072 83.2
862511100 68737928912 96.4 11322204495715728 83.4
862571600 68738677712 96.4 11322431394045328 83.4
862583000 68738677812 96.4 11322431605060432 83.4
862674500 68738678012 96.4 11322432027098032 83.4
863155900 68738678112 96.4 11322432238116336 83.4
863196200 68741167012 96.4 11323890852552176 83.4
864295400 68743072512 96.4 11325511257546224 83.4
883769800 68762553612 96.4 11343184766950896 83.5
883907600 68763128312 96.4 11343355557666288 83.5
885031200 68764579212 96.4 11344629653528048 83.5
885276500 68766575312 96.4 11345798752460272 83.5
901361800 68766575812 96.4 11345799807545968 83.5
901409400 68767125312 96.4 11345967854957168 83.5
901446700 68767125412 96.4 11345968065957472 83.5
901465600 68767126212 96.4 11345969754077920 83.5
901466000 68767126412 96.4 11345970176130208 83.5
901476000 68784964512 96.4 11362189546552480 83.6
901977100 68787062512 96.4 11363464924036256 83.7
905909400 68787062712 96.4 11363465346085952 83.7
905940600 68788540612 96.4 11364729316111424 83.7
931290400 68807655612 96.5 11381813455549504 83.8
931301700 68807655712 96.5 11381813666571600 83.8
931328000 68807657712 96.5 11381817886770512 83.8
931334300 68807658912 96.5 11381820418940496 83.8
931358300 68807660312 96.5 11381823373395792 83.8
931419200 68808315612 96.5 11382017391380304 83.8
931455200 68808315812 96.5 11382017813407120 83.8
931482700 68808315912 96.5 11382018024407520 83.8
932951000 68811039612 96.5 11383660426035680 83.8
935099500 68811040312 96.5 11383661903214304 83.8
935127000 68811040912 96.5 11383663169331040 83.8
935151000 68811041512 96.5 11383664435400032 83.8
935158000 68811041712 96.5 11383664857407648 83.8
935172700 68813636812 96.5 11385762161975456 83.8
968807700 68813637112 96.5 11385762794998368 83.8
968864700 68813637212 96.5 11385763006015872 83.8
968867200 68839561512 96.5 11408889358084480 84.0
972649100 68839563712 96.5 11408894000363392 84.0
972653200 68839564612 96.5 11408895899439232 84.0
972654200 68839564812 96.5 11408896321466528 84.0
972670800 68839565012 96.5 11408896743466720 84.0
972726000 68839565312 96.5 11408897376481248 84.0
972768300 68839566612 96.5 11408900119633632 84.0
972774700 68841681112 96.5 11410623134080736 84.0
972778800 68841681312 96.5 11410623556112736 84.0
972779300 68841681412 96.5 11410623767126432 84.0
972780900 68841681512 96.5 11410623978127136 84.0
972782700 68841681612 96.5 11410624189140832 84.0
972796800 68841682312 96.5 11410625666249568 84.0
972858500 68842540312 96.5 11410878028854112 84.0
972859500 68842540412 96.5 11410878239868016 84.0
974568200 68845892912 96.5 11412838407603312 84.0
1016794900 68845894012 96.5 11412840728764528 84.0
1016847900 68872179512 96.6 11436635516575856 84.2
1021218800 68872181012 96.6 11436638682042736 84.2
1021225800 68872181212 96.6 11436639104096336 84.2
1021255000 68874685712 96.6 11438682953963600 84.2
1023609100 68874687512 96.6 11438686752350544 84.2
1023612100 68874687612 96.6 11438686963351152 84.2
1023641500 68874687912 96.6 11438687596364144 84.2
1023656300 68874689112 96.6 11438690128489584 84.2
1023656900 68874689212 96.6 11438690339495792 84.2
1023659100 68877502412 96.6 11440205844815728 84.2
1023714100 68877502612 96.6 11440206266864112 84.2
1063373800 68877502912 96.6 11440206899869104 84.2
1063374800 68877503012 96.6 11440207110869712 84.2
1063404200 68897244512 96.6 11458118319870672 84.4
1063419600 68897244612 96.6 11458118530892176 84.4
1064553400 68899020912 96.6 11459609723535760 84.4
1064567500 68900837012 96.6 11460689115414928 84.4
1064614300 68900838612 96.6 11460692491630224 84.4
1064651000 68901279312 96.6 11460822195156624 84.4
1085652700 68902580312 96.6 11461966782183056 84.4
1085676500 68917463012 96.6 11475335610283664 84.5
1085689700 68917463112 96.6 11475335821297072 84.5
1085712100 68917463212 96.6 11475336032297472 84.5
1085712300 68917463612 96.6 11475336876373952 84.5
1085749600 68917464012 96.6 11475337720392960 84.5
1085756100 68917872112 96.6 11475462111202560 84.5
1085788100 68917872312 96.6 11475462533253952 84.5
1086925500 68919538012 96.6 11476447538350912 84.5
1091305200 68920483512 96.6 11477212984740672 84.5
1111588400 68935610512 96.7 11490792937327424 84.6
1111603500 68935613112 96.7 11490798423593280 84.6
1111668100 68936127212 96.7 11490948956180800 84.6
1113467200 68938434012 96.7 11492357351952704 84.6
1116513100 68941051912 96.7 11494480351351104 84.6
1165649100 68941054212 96.7 11494485204556096 84.6
1165656100 68941054812 96.7 11494486470642112 84.6
1165692000 68941055212 96.7 11494487314688000 84.6
1165741300 68963502512 96.7 11514390239275008 84.8
1170389800 68965148412 96.7 11515725079406592 84.8
1172895100 68965150512 96.7 11515729510669824 84.8
1172928300 68967437912 96.7 11517114156195328 84.8
1172940500 68967438712 96.7 11517115844257408 84.8
1172955600 68967439312 96.7 11517117110337792 84.8
1173095600 68968103212 96.7 11517311966363904 84.8
1173155400 68968103512 96.7 11517312599385792 84.8
1224561000 68968104212 96.7 11517314076415168 84.8
1224641500 68987945112 96.7 11534857663059136 84.9
1229695000 68989468212 96.7 11536132729771200 84.9
1229798600 68989468512 96.7 11536133362845888 84.9
1229799000 68989468612 96.7 11536133573863088 84.9
1230957500 68991308112 96.7 11537300499490480 84.9
1258317900 68992922712 96.7 11538426526066352 84.9
1262335300 68992923012 96.7 11538427159116720 84.9
1262393800 69006097212 96.8 11550234305231792 85.0
1262398400 69006097312 96.8 11550234516245088 85.0
1263594200 69006172412 96.8 11550292475873888 85.0
1265041900 69007547312 96.8 11551146496395872 85.0
1289106800 69020156212 96.8 11562464498584160 85.1
1291425200 69020157512 96.8 11562467241758048 85.1
1291451600 69020157612 96.8 11562467452771552 85.1
1291481000 69022275612 96.8 11564000568138976 85.1
1292979300 69024163612 96.8 11565194612432096 85.1
1293023200 69024165912 96.8 11565199465814240 85.1
1293149900 69024601312 96.8 11565329155168480 85.1
1350956500 69024602212 96.8 11565331054276576 85.1
1351023900 69043139912 96.8 11581803957792736 85.3
1356422600 69045068812 96.8 11583339813613536 85.3
1358233000 69047183912 96.8 11584706150477792 85.3
1364483600 69049155512 96.8 11586008263372768 85.3
1412588900 69049175012 96.8 11586024612351968 85.3
1413234400 69049783212 96.8 11586547576721376 85.3
1414945100 69050492312 96.8 11587010979024864 85.3
1419181800 69050503712 96.8 11587021899370464 85.3
1419283400 69064846012 96.8 11599859556618208 85.4
1419296400 69064849512 96.8 11599866942054368 85.4
1419346300 69064850512 96.8 11599869052254816 85.4
1419361500 69064859712 96.8 11599875007838816 85.4
1419389300 69064860212 96.8 11599876062948832 85.4
1420818400 69064860412 96.8 11599876484982944 85.4
1420859500 69064860712 96.8 11599877118028960 85.4
1420864600 69066107712 96.8 11600682604227744 85.4
1421113700 69066109512 96.8 11600683760733344 85.4
1443396100 69066109812 96.8 11600684393754656 85.4
1443467500 69066109912 96.8 11600684604768160 85.4
1443467700 69066110312 96.8 11600685448825568 85.4
1443493900 69076287712 96.9 11609845061126880 85.5
1445105200 69077642112 96.9 11610686769269472 85.5
1445141700 69077642212 96.9 11610686980286272 85.5
1445229900 69077935512 96.9 11610767847491392 85.5
1451131700 69077935612 96.9 11610768058504992 85.5
1451175300 69077935912 96.9 11610768485878784 85.5
1451254900 69079856612 96.9 11612315803159552 85.5
1505952200 69093912412 96.9 11624899928361984 85.6
1505974100 69093912612 96.9 11624900350383680 85.6
1505996000 69093914212 96.9 11624903726594368 85.6
1506007700 69093914312 96.9 11624903937629968 85.6
1509046800 69095667812 96.9 11626087279501072 85.6
1509095500 69095668312 96.9 11626088334577360 85.6
1515536000 69097800712 96.9 11627554462977744 85.6
1515553100 69097801012 96.9 11627555096072656 85.6
1581572800 69097801412 96.9 11627555940201360 85.6
1581592300 69109840812 96.9 11638302845957008 85.7
1583138900 69110917612 96.9 11638963054179216 85.7
1583688600 69112088012 96.9 11639836504159120 85.7
1608494500 69120168612 96.9 11647283820163984 85.7
1608564200 69120172012 96.9 11647290994438032 85.7
1615420600 69121386912 96.9 11648253083692944 85.8
1616928400 69121387612 96.9 11648254560907024 85.8
1616971500 69122633512 96.9 11648997527400208 85.8
1688633300 69122633812 96.9 11648998160475984 85.8
1688663100 69134716512 96.9 11659879017621328 85.8
1688679800 69134716812 96.9 11659879650730256 85.8
1688699900 69134717112 96.9 11659880283755344 85.8
1695922500 69136384112 96.9 11661061994042192 85.8
1699313600 69137579212 96.9 11661798547510096 85.9
1699395600 69137774912 96.9 11661853172380496 85.9
1753280700 69145788312 97.0 11669285806224208 85.9
1756628000 69146721012 97.0 11669827762729808 85.9
1756768400 69147565912 97.0 11670538283266896 85.9
1756858400 69147566012 97.0 11670538494285200 85.9
1807017900 69147566912 97.0 11670540393441040 85.9
1807072500 69154790712 97.0 11677283585943312 86.0
1810658400 69155819512 97.0 11677929547556624 86.0
1815405100 69157228212 97.0 11679012534347536 86.0
1815437700 69157229712 97.0 11679015699730960 86.0
1815487100 69157230312 97.0 11679016965838224 86.0
1815539800 69157230512 97.0 11679017387865232 86.0
1815607300 69157388712 97.0 11679058872562832 86.0
1823267500 69157893212 97.0 11679439214736528 86.0
1893938500 69157900712 97.0 11679443241514128 86.0
1894382400 69158166112 97.0 11679680508458128 86.0
1895074600 69158216712 97.0 11679722561066128 86.0
1895723400 69158235012 97.0 11679739934864528 86.0
1897732900 69158258012 97.0 11679756649821328 86.0
1902366500 69158258612 97.0 11679757067818128 86.0
1902820400 69158278412 97.0 11679769928329360 86.0
1902977100 69158279712 97.0 11679770786850960 86.0
1903424400 69158280712 97.0 11679772897158160 86.0
1903451100 69158297812 97.0 11679782860876816 86.0
1903940600 69158299812 97.0 11679784082304016 86.0
1904273900 69158307712 97.0 11679786838993424 86.0
1904352500 69158309212 97.0 11679787699767824 86.0
1904390700 69166562812 97.0 11687337182726672 86.0
1904454900 69166563112 97.0 11687337815775760 86.0
1906092700 69166574812 97.0 11687343715152912 86.0
1906140100 69166580012 97.0 11687347645264912 86.0
1906167000 69166673512 97.0 11687375128196112 86.0
1906173000 69166677912 97.0 11687377075229712 86.0
1906772400 69166714012 97.0 11687398075927568 86.0
1907441900 69166733512 97.0 11687412147417104 86.0
1907722200 69166847612 97.0 11687481079238672 86.0
1908400700 69167545812 97.0 11687908987047952 86.0
1943670800 69172832912 97.0 11692675101036560 86.1
1952217000 69173787312 97.0 11693448227983376 86.1
1952229000 69173788812 97.0 11693451393367568 86.1
1954489500 69174667912 97.0 11693978757201424 86.1
1954555200 69174822012 97.0 11694018497412624 86.1
2037141300 69174829112 97.0 11694022391889424 86.1
2038278800 69174839512 97.0 11694033496350224 86.1
2038992100 69174878112 97.0 11694064738180624 86.1
2039078400 69174896212 97.0 11694076714783248 86.1
2039276300 69174897612 97.0 11694077219000848 86.1
2039433900 69174930412 97.0 11694098538066448 86.1
2040365200 69181620912 97.0 11700075572261392 86.1
2040389200 69181622812 97.0 11700079581803536 86.1
2040415700 69181623412 97.0 11700080847995920 86.1
2040790300 69181651912 97.0 11700113073890320 86.1
2041704300 69181692912 97.0 11700136260643856 86.1
2042074000 69181733212 97.0 11700163460520976 86.1
2042323800 69181752212 97.0 11700177435509776 86.1
2042713700 69181767712 97.0 11700185049625104 86.1
2042779300 69181768912 97.0 11700185093042704 86.1
2045958800 69181769512 97.0 11700185102463504 86.1
2046010400 69181774012 97.0 11700189614412304 86.1
2046425300 69181775212 97.0 11700191776690704 86.1
2046909500 69181784112 97.0 11700195998267408 86.1
2046917000 69181784912 97.0 11700196359944208 86.1
2047082500 69181788712 97.0 11700198331297424 86.1
2047328900 69181789812 97.0 11700199900475024 86.1
2047800100 69181881012 97.0 11700234598968976 86.1
2047901100 69181882512 97.0 11700236299218576 86.1
2048196200 69181884012 97.0 11700237337964176 86.1
2048314300 69181884412 97.0 11700237342264976 86.1
2048625300 69181888112 97.0 11700242317880976 86.1
2048873200 69181888712 97.0 11700242420485776 86.1
2049135000 69181889212 97.0 11700242705976976 86.1
2049691500 69181889812 97.0 11700242832338576 86.1
2050213300 69181891112 97.0 11700242857528976 86.1
2050289600 69182542412 97.0 11700747176414864 86.1
2053097200 69182554612 97.0 11700756024838800 86.1
2053337300 69183065312 97.0 11701066768239248 86.1
2055477600 69183066512 97.0 11701067627453648 86.1
2056592100 69183139312 97.0 11701126613949648 86.1
2056836000 69183158612 97.0 11701141744164048 86.1
2057089500 69183159112 97.0 11701142257597648 86.1
2078136700 69187024112 97.0 11704620993936592 86.2
2087198900 69187029112 97.0 11704624746878160 86.2
2087358500 69187032212 97.0 11704631288428752 86.2
2087364100 69187369512 97.0 11704905385605328 86.2
2091511500 69187960712 97.0 11705270352476368 86.2
2091957600 69188085712 97.0 11705314244819152 86.2
2179024400 69188099612 97.0 11705327885523152 86.2
2181302900 69188128212 97.0 11705354258233552 86.2
2182256500 69188128412 97.0 11705354961311952 86.2
2182344300 69188131312 97.0 11705358336620752 86.2
2182360800 69188139212 97.0 11705363826489552 86.2
2182722900 69188140512 97.0 11705364560789648 86.2
2182759000 69188145012 97.0 11705368994095248 86.2
2183444600 69188217612 97.0 11705420925776016 86.2
2183483700 69188220312 97.0 11705422688489616 86.2
2183624000 69188223912 97.0 11705426482000016 86.2
2183690200 69188225312 97.0 11705428751184016 86.2
2183792300 69188228912 97.0 11705432247734416 86.2
2184124400 69188231012 97.0 11705433546371216 86.2
2184582200 69188232712 97.0 11705434677891216 86.2
2184639400 69188238712 97.0 11705438400745616 86.2
2184681200 69188241312 97.0 11705441264668816 86.2
2184736400 69188242412 97.0 11705441774416016 86.2
2185036400 69188243212 97.0 11705442473731920 86.2
2186632000 69188244812 97.0 11705442863056720 86.2
2186927000 69188245812 97.0 11705443329674320 86.2
2187026400 69188246012 97.0 11705443352407120 86.2
2187420200 69188248312 97.0 11705445225507920 86.2
2187658900 69188249812 97.0 11705448075504720 86.2
2187849000 69192312212 97.0 11709128991976528 86.2
2187852600 69192316812 97.0 11709134827547728 86.2
2187877400 69192316912 97.0 11709135038561232 86.2
2188169600 69192324712 97.0 11709142690708432 86.2
2188404700 69192329112 97.0 11709146058644432 86.2
2188445900 69192330412 97.0 11709148801819856 86.2
2188482200 69192369412 97.0 11709183780701392 86.2
2188962100 69192369612 97.0 11709183998608592 86.2
2190247800 69192372812 97.0 11709186156816080 86.2
2190636300 69192375512 97.0 11709187898844880 86.2
2190999500 69192376912 97.0 11709189086161872 86.2
2191455800 69192377412 97.0 11709189757701072 86.2
2191744500 69192381112 97.0 11709193078328272 86.2
2191781900 69192386212 97.0 11709195298812368 86.2
2191969700 69192387412 97.0 11709196332642768 86.2
2192917300 69192390312 97.0 11709199461577168 86.2
2193113300 69192937712 97.0 11709636647023056 86.2
2193270000 69192938812 97.0 11709636955042256 86.2
2193505500 69192939712 97.0 11709638168891856 86.2
2194004300 69192941912 97.0 11709638509474256 86.2
2194022100 69192942112 97.0 11709638794146256 86.2
2194141400 69192942512 97.0 11709638909653456 86.2
2194339500 69192943312 97.0 11709639362466256 86.2
2194377400 69192943712 97.0 11709640208085456 86.2
2194418900 69192944112 97.0 11709640235938256 86.2
2194643000 69192945212 97.0 11709641699234256 86.2
2195420300 69192966712 97.0 11709654228322768 86.2
2196116200 69192968912 97.0 11709655734421968 86.2
2196228400 69192969212 97.0 11709656397154768 86.2
2196378200 69192971812 97.0 11709657277589968 86.2
2196469300 69192976512 97.0 11709658897781072 86.2
2196737800 69192977212 97.0 11709659121627472 86.2
2196777400 69192980512 97.0 11709660625678672 86.2
2197208600 69192983712 97.0 11709662798811472 86.2
2197845100 69192999212 97.0 11709675011035472 86.2
2198253300 69193001312 97.0 11709675991617872 86.2
2198306600 69193017112 97.0 11709687384221008 86.2
2198340300 69193025912 97.0 11709697699997008 86.2
2198473400 69193041112 97.0 11709702730114896 86.2
2198825900 69193042012 97.0 11709702889449296 86.2
2199780900 69193043712 97.0 11709704392886096 86.2
2200158100 69193052412 97.0 11709710697654096 86.2
2201604400 69193067012 97.0 11709730297423696 86.2
2202695700 69193112612 97.0 11709766319286096 86.2
2205239300 69195741812 97.0 11712109103359824 86.2
2214846100 69195956712 97.0 11712260152371024 86.2
2214849500 69195956912 97.0 11712260574430416 86.2
2312397000 69195957412 97.0 11712261021099216 86.2
2312775700 69195960212 97.0 11712263102481616 86.2
2315022500 69198636512 97.0 11714631089341648 86.2
2315389400 69199015712 97.0 11714849937442000 86.2
2317100800 69199016712 97.0 11714850562286800 86.2
2317634900 69199018912 97.0 11714852175906000 86.2
2325642600 69199304012 97.0 11715084395971792 86.2
2325775800 69199304112 97.0 11715084415632592 86.2
2327756700 69199317112 97.0 11715096970486992 86.2
2327785200 69199318312 97.0 11715099502699472 86.2
2327906600 69199549412 97.0 11715258950394832 86.2
2330181100 69199550812 97.0 11715260189025232 86.2
2371198700 69201538112 97.0 11717029476082640 86.3
2371261700 69201591612 97.0 11717045588313040 86.3
2371264700 69201594512 97.0 11717051707761104 86.3
2373471600 69201923512 97.0 11717246700855760 86.3
2380200000 69202309112 97.0 11717568924787152 86.3
2483950800 69203977912 97.0 11719084284355024 86.3
2484133300 69204017012 97.0 11719096788009424 86.3
2487621400 69204104712 97.0 11719147308822992 86.3
2497421500 69204179312 97.0 11719203839971792 86.3
2497981000 69204185912 97.0 11719206905622992 86.3
2570674200 69204537012 97.0 11719522641490384 86.3