# 196338384896 38452730531938304 950340 4497000900 3774865983991900 0 0
0 138116186112 70.3 -9063617945141248 -23.6
3507700 156162287616 79.5 6614868111130624 17.2
5791700 161007914496 82.0 10465752431722496 27.2
7818000 163762653696 83.4 12611166039703552 32.8
9695100 165647474688 84.4 14061422682046464 36.6
11463100 167074173568 85.1 15151005620502528 39.4
13149200 168216838656 85.7 16021704073543680 41.7
14770900 169168607360 86.2 16745336336809984 43.5
16329100 169983056768 86.6 17363869206839296 45.2
17850500 170693004544 86.9 17903544464048128 46.6
19320100 171321406208 87.3 18381467218345984 47.8
20758300 171883733312 87.5 18810111531155456 48.9
22168600 172392739520 87.8 19197482248437760 49.9
23547600 172856490208 88.0 19551008556318720 50.8
24901800 173282233408 88.3 19875418609811456 51.7
26227700 173675276800 88.5 20175475259211776 52.5
27536200 174039825920 88.6 20454240379994112 53.2
28817700 174379864416 88.8 20714601750462464 53.9
30075700 174698183008 89.0 20958102404726784 54.5
31328500 174997028608 89.1 21187154973556736 55.1
32554800 175278708608 89.3 21403049859743744 55.7
32555400 175278708808 89.3 21403050070989440 55.7
34955300 175796258920 89.5 21799949710088832 56.7
34955500 175796259820 89.5 21799951609368960 56.7
37306800 175796260020 89.5 21799952031442752 56.7
37307100 176262649428 89.8 22158236827543360 57.6
39596900 176262649928 89.8 22158237882616000 57.6
39597900 176686060232 90.0 22484234859415744 58.5
41863500 177073234440 90.2 22782682238257344 59.2
41863700 177073234540 90.2 22782682449298848 59.2
44083700 177429160140 90.4 23057503481480608 60.0
44084100 177429160540 90.4 23057504325616160 60.0
46241800 177429160640 90.4 23057504536652960 60.0
46242800 177757854752 90.5 23311830790204576 60.6
48383400 178062827168 90.7 23548542476905632 61.2
48383800 178062827768 90.7 23548543743006624 61.2
50458500 178062828168 90.7 23548544587081376 61.2
50459300 178346850568 90.8 23769005258385056 61.8
52542700 178612174568 91.0 23974932917986976 62.3
52542900 178612174868 91.0 23974933551034144 62.3
54523500 178861212868 91.1 24168428404387616 62.9
54524200 178861213068 91.1 24168428621976720 62.9
54524800 178861213468 91.1 24168429466051920 62.9
57524300 178861213568 91.1 24168429677088624 62.9
57525300 179208049280 91.3 24438542535921520 63.6
57526900 179208049480 91.3 24438542747163120 63.6
60478500 179208049680 91.3 24438543169234320 63.6
60479000 179208050180 91.3 24438544013583440 63.6
60479500 179526498980 91.4 24686528345269328 64.2
63343700 179820467972 91.6 24915866948854864 64.8
63347300 179820468072 91.6 24915867159868864 64.8
66173500 179820468272 91.6 24915867581932768 64.8
66176100 180092768688 91.7 25128765268813024 65.3
68993400 180092768788 91.7 25128765479853920 65.3
68994800 180346410676 91.9 25327237965422432 65.9
71730000 180583649268 92.0 25512830800371552 66.3
74411300 180583649368 92.0 25512831011407648 66.3
74412100 180583649468 92.0 25512831222442848 66.3
74414200 180808904476 92.1 25688051442936672 66.8
74415900 180808904576 92.1 25688051653973472 66.8
77919300 181086596992 92.2 25905607501321696 67.4
77920500 181086597092 92.2 25905607712357392 67.4
77922500 181086597392 92.2 25905608345454800 67.4
81395800 181343361008 92.4 26107328195397840 67.9
81396800 181343361108 92.4 26107328406435136 67.9
81398000 181343361208 92.4 26107328617471936 67.9
81399600 181343361408 92.4 26107329039554432 67.9
84773300 181582204304 92.5 26295568429995904 68.4
84774800 181582204404 92.5 26295568430200704 68.4
84775800 181582204704 92.5 26295569063293408 68.4
88122600 181805184192 92.6 26471203999789536 68.8
88124800 181805184492 92.6 26471204632876128 68.8
91431300 182013792188 92.7 26635972329034848 69.3
91433900 182013792288 92.7 26635972540048256 69.3
91434600 182013792788 92.7 26635973595178304 69.3
91436900 182013792888 92.7 26635973806215104 69.3
95338500 182013793288 92.7 26635974439533312 69.3
95338700 182013793488 92.7 26635974861604800 69.3
95339800 182013793888 92.7 26635975705738176 69.3
95344400 182257054592 92.8 26828184921029568 69.8
95345000 182257054892 92.8 26828185554106752 69.8
99436800 182257055092 92.8 26828185976178656 69.8
99437700 182482761876 92.9 27006957111216096 70.2
99437800 182482762176 92.9 27006957744260000 70.2
99441500 182482762376 92.9 27006958166301600 70.2
103247500 182482762476 92.9 27006958377314592 70.2
103248200 182482763076 92.9 27006959627300384 70.2
103249000 182482763376 92.9 27006959838735584 70.2
103250100 182693218384 93.1 27173682063781088 70.7
103253300 182693219184 93.1 27173683541234144 70.7
107191500 182890229184 93.2 27330018958299616 71.1
107195200 182890229384 93.2 27330019380382624 71.1
107196600 182890229784 93.2 27330020224454304 71.1
107200500 182890230084 93.2 27330020857557600 71.1
111611200 182890230284 93.2 27330021068775600 71.1
111615800 182890230784 93.2 27330022123847472 71.1
111616100 183109861984 93.3 27504416318111536 71.5
111618700 183109862084 93.3 27504416529148240 71.5
116086400 183314020292 93.4 27666864506759504 72.0
116089000 183314020492 93.4 27666864717977600 72.0
116095000 183314020892 93.4 27666865562018112 72.0
120279500 183504558188 93.5 27818784527966528 72.3
120280900 183504558588 93.5 27818785372022144 72.3
120281300 183504558688 93.5 27818785583063552 72.3
120281800 183504558888 93.5 27818786005141856 72.3
124478900 183504559088 93.5 27818786427218656 72.3
124479100 183504559388 93.5 27818787060329824 72.3
124479300 183504559988 93.5 27818788326460384 72.3
124481600 183684045188 93.6 27961134733052896 72.7
129440700 183880783092 93.7 28116349599861728 73.1
129444900 183880783792 93.7 28116351076916576 73.1
129451600 183880783992 93.7 28116351498977376 73.1
134328700 184061181704 93.7 28260484142202976 73.5
134330900 184061181904 93.7 28260484564220864 73.5
134331800 184061182204 93.7 28260485197239488 73.5
134332200 184061182504 93.7 28260485830294720 73.5
134337000 184061182804 93.7 28260486463412032 73.5
134340600 184061182904 93.7 28260486674425632 73.5
139016500 184061183204 93.7 28260487307469856 73.5
139019300 184061183404 93.7 28260487729524960 73.5
139023800 184061183804 93.7 28260488573629856 73.5
139024500 184229681500 93.8 28395527529575840 73.8
139026700 184229681700 93.8 28395527951654048 73.8
139034000 184229681800 93.8 28395528162690848 73.8
144296400 184229682000 93.8 28395528584743328 73.8
144310700 184229682100 93.8 28395528795780624 73.8
144311500 184409113700 93.9 28539926720345616 74.2
144323700 184409113800 93.9 28539926931359024 74.2
149599200 184409113900 93.9 28539927142394416 74.2
149601200 184409114200 93.9 28539927353840816 74.2
149607800 184576339704 94.0 28674060482729136 74.6
155096300 184576339804 94.0 28674060693763936 74.6
155099500 184751444892 94.1 28815167532529504 74.9
160635600 184751445492 94.1 28815168798636768 74.9
160637500 184751445692 94.1 28815169220709664 74.9
160640200 184751445792 94.1 28815169431746464 74.9
160646000 184751445992 94.1 28815169853795968 74.9
160665300 184915095800 94.2 28946831530995328 75.3
166704900 184915096200 94.2 28946832375091584 75.3
166705800 184915096500 94.2 28946832586536480 75.3
166706100 184915096900 94.2 28946833430610656 75.3
166707700 185084005000 94.3 29083040107254272 75.6
166708100 185084005600 94.3 29083041373405568 75.6
172663800 185240434896 94.3 29209098311221632 76.0
172664200 185240434996 94.3 29209098522235232 76.0
172667400 185240435096 94.3 29209098733248832 76.0
172667900 185240435396 94.3 29209099366288640 76.0
172669200 185240435896 94.3 29209100421355840 76.0
172694600 185240436096 94.3 29209100843404448 76.0
178913500 185400567904 94.4 29338897766599840 76.3
178914300 185400568004 94.4 29338897977636640 76.3
178917200 185400568804 94.4 29338899244129696 76.3
178918300 185400569104 94.4 29338899877235680 76.3
185156600 185400569204 94.4 29338900088271776 76.3
185157200 185400569404 94.4 29338900510310368 76.3
185161600 185400569504 94.4 29338900721327264 76.3
185162100 185549339712 94.5 29459541118180512 76.6
191336300 185700619312 94.6 29582438503570592 76.9
191338800 185700619612 94.6 29582439136598816 76.9
191339000 185700620012 94.6 29582439769907616 76.9
197653200 185841484620 94.7 29696691579068832 77.2
197667300 185841484820 94.7 29696692001144832 77.2
204208200 185841485020 94.7 29696692423227136 77.2
204209500 185841485120 94.7 29696692634240544 77.2
204215200 185983836512 94.7 29812167007520288 77.5
204217700 185983836712 94.7 29812167429602592 77.5
204218400 185983837212 94.7 29812168484669600 77.5
204221000 185983837712 94.7 29812169539849888 77.5
210802100 185983837812 94.7 29812169750891392 77.5
210803500 185983838012 94.7 29812170172964992 77.5
210806500 185983838112 94.7 29812170384001184 77.5
210810100 186116620512 94.8 29920284433238176 77.8
217399800 186116620612 94.8 29920284644275072 77.8
217407000 186250300812 94.9 30029049246839680 78.1
217408200 186250301012 94.9 30029049668911776 78.1
217408600 186250301112 94.9 30029049879948272 78.1
223839200 186250301412 94.9 30029050513057456 78.1
223840500 186250301612 94.9 30029050935083952 78.1
223841700 186250302012 94.9 30029051779231152 78.1
223842300 186250302412 94.9 30029052623378736 78.1
223842600 186384127308 94.9 30138063641303344 78.4
230930700 186517302708 95.0 30246627831634224 78.7
230934800 186517303108 95.0 30246628675768432 78.7
230945400 186517303408 95.0 30246629308879600 78.7
230947200 186517303608 95.0 30246629730952592 78.7
230949000 186517304008 95.0 30246630575108560 78.7
230949700 186517304308 95.0 30246631208135760 78.7
236624300 186517304508 95.0 30246631630213968 78.7
236624900 186517304608 95.0 30246631841248864 78.7
236627100 186517304808 95.0 30246632263278464 78.7
236627500 186641790216 95.1 30348433281015680 78.9
236629700 186641790416 95.1 30348433703088768 78.9
243261300 186766122616 95.1 30450112138097280 79.2
243264300 186766122816 95.1 30450112560167488 79.2
243265100 186766123216 95.1 30450113404310080 79.2
243267700 186766123316 95.1 30450113615351680 79.2
243269200 186766123516 95.1 30450114037446784 79.2
250175000 186766123616 95.1 30450114248483680 79.2
250177600 186766123716 95.1 30450114459524576 79.2
250177800 186890009108 95.2 30551515734924768 79.5
250180200 186890009208 95.2 30551515945950464 79.5
251235600 186893812608 95.2 30555811565722880 79.5
257472500 187011994504 95.2 30651060728290560 79.7
257472700 187011994604 95.2 30651060728495360 79.7
257473500 187011994704 95.2 30651060728700160 79.7
257473700 187011994904 95.2 30651061150781952 79.7
257827800 187017060304 95.3 30656911853588992 79.7
263760100 187017060404 95.3 30656912064606096 79.7
263762600 187134077908 95.3 30751305043898256 80.0
264137900 187139022708 95.3 30757036171292560 80.0
270846300 187139022808 95.3 30757036382327152 80.0
270846700 187255372208 95.4 30850868012749168 80.2
271463900 187255372308 95.4 30850868223783376 80.2
271465700 187260390208 95.4 30856605606457808 80.2
278072900 187260390308 95.4 30856605817471104 80.2
278079200 187260390808 95.4 30856606872656128 80.2
278084400 187260391208 95.4 30856607716728832 80.2
278084600 187375426808 95.4 30949444793786368 80.5
278089300 187375427608 95.4 30949446481895808 80.5
279036800 187380312108 95.4 30955117991977344 80.5
284645700 187380312208 95.4 30955118203014448 80.5
284647300 187493928112 95.5 31046862395444528 80.7
284652400 187493928312 95.5 31046862817526832 80.7
285027900 187493928412 95.5 31046863028562336 80.7
285033200 187498790212 95.5 31052492655896992 80.8
292904000 187611205308 95.6 31143413103798688 81.0
292918000 187611205408 95.6 31143413314834784 81.0
292927900 187611205708 95.6 31143413947897952 81.0
293171000 187616015308 95.6 31148868510750816 81.0
301101600 187726749308 95.6 31238368448551008 81.2
301104300 187726749608 95.6 31238369081660128 81.2
301104800 187726749908 95.6 31238369714747936 81.2
301121700 187726750008 95.6 31238369925785632 81.2
301553700 187726750108 95.6 31238370136822432 81.2
301581300 187731608408 95.6 31243802300519072 81.3
310148700 187844747104 95.7 31335373645681312 81.5
310161800 187844747404 95.7 31335374278730208 81.5
310167400 187844747504 95.7 31335374489767008 81.5
310167900 187844747704 95.7 31335374911838208 81.5
310169600 187844747904 95.7 31335375333864800 81.5
310341000 187849776304 95.7 31341114950530400 81.5
318614400 187960786304 95.7 31430986914706784 81.7
318619200 187960786904 95.7 31430988180786272 81.7
319932400 187960787004 95.7 31430988391801376 81.7
319933600 187960787204 95.7 31430988813837184 81.7
319934300 187960787504 95.7 31430989446946304 81.7
319942000 187960787804 95.7 31430989869202016 81.7
319942600 187963240604 95.7 31433837384546912 81.7
319943400 187963240904 95.7 31433838017665632 81.7
329120300 187963242004 95.7 31433840338829920 81.7
329126700 187963242204 95.7 31433840760903520 81.7
329129500 187968361104 95.7 31439610381522784 81.8
329141200 187968361304 95.7 31439610803582976 81.8
329141500 187968361404 95.7 31439611014598080 81.8
329398900 188076907500 95.8 31527674545884608 82.0
338827800 188186684700 95.8 31616653878283712 82.2
338839300 188186684800 95.8 31616654089301808 82.2
339620400 188191839700 95.9 31622479230447408 82.2
339629200 188191839900 95.9 31622479652525296 82.2
339629500 188191840000 95.9 31622479863526000 82.2
339633700 188191840100 95.9 31622480074568000 82.2
339638900 188191840500 95.9 31622480918608896 82.2
339641900 188191841400 95.9 31622482817666048 82.2
339644000 188191841600 95.9 31622483239667456 82.2
339644300 188191841700 95.9 31622483450708864 82.2
339650900 188191842200 95.9 31622484505712256 82.2
349506600 188298911208 95.9 31709387053651584 82.5
349513600 188298911408 95.9 31709387475725376 82.5
349923800 188298911508 95.9 31709387686760672 82.5
349926300 188298912108 95.9 31709388952972000 82.5
349929500 188304292808 95.9 31715375472585440 82.5
359869500 188411797000 96.0 31802837364517600 82.7
360386700 188417152100 96.0 31808707559828192 82.7
360390500 188417153400 96.0 31808710302850016 82.7
360390700 188417153600 96.0 31808710724867520 82.7
360392100 188417153800 96.0 31808711146875904 82.7
360392700 188417153900 96.0 31808711357880096 82.7
360395000 188417154000 96.0 31808711568915392 82.7
360395200 188417154100 96.0 31808711779928688 82.7
373468300 188417154300 96.0 31808712201934192 82.7
373472700 188524871796 96.0 31896443510789488 82.9
373474300 188524871896 96.0 31896443721826480 82.9
373769500 188524871996 96.0 31896443722031280 82.9
373769700 188530480296 96.0 31902686904213680 83.0
373770500 188530480396 96.0 31902686904418480 83.0
373775700 188530480596 96.0 31902687326464496 83.0
373777100 188530480796 96.0 31902687748480496 83.0
373779100 188530481096 96.0 31902688381577968 83.0
375206200 188534256196 96.0 31906766746102512 83.0
386169100 188534256296 96.0 31906766957106912 83.0
386171000 188534256696 96.0 31906767590388704 83.0
386172500 188639206496 96.1 31992256624325600 83.2
386174800 188639206796 96.1 31992257257370912 83.2
386178600 188639206996 96.1 31992257679379296 83.2
386187000 188639207096 96.1 31992257679584096 83.2
386189000 188639207196 96.1 31992257890604800 83.2
386193800 188639207296 96.1 31992258101617904 83.2
386820100 188645019296 96.1 31998637185541360 83.2
398850900 188645019396 96.1 31998637396545760 83.2
398852900 188645019596 96.1 31998637818563648 83.2
398854300 188645020396 96.1 31998639506673728 83.2
398856400 188749951300 96.1 32084125730426944 83.4
398856700 188749951400 96.1 32084125941452736 83.4
398865400 188749951500 96.1 32084125941657536 83.4
398866600 188749951600 96.1 32084126152670944 83.4
400601100 188755810500 96.1 32090496953368288 83.5
414907000 188859937900 96.2 32175759595552480 83.7
414909900 188859938100 96.2 32175760017561280 83.7
414910400 188859939400 96.2 32175762760717504 83.7
414913100 188859939600 96.2 32175763182787392 83.7
414914600 188859940700 96.2 32175765503943488 83.7
414915000 188859941000 96.2 32175766136969792 83.7
415887700 188865901400 96.2 32182181511060032 83.7
430338500 188969471896 96.2 32266869625870912 83.9
430339900 188969472196 96.2 32266870258883328 83.9
430354000 188969472296 96.2 32266870469918832 83.9
430379000 188969472496 96.2 32266870891991632 83.9
430379600 188969472796 96.2 32266871525017424 83.9
430384100 188969473096 96.2 32266872158124048 83.9
430386300 188969473596 96.2 32266873213294288 83.9
430393100 188969473696 96.2 32266873424298288 83.9
432076900 188969473896 96.2 32266873846306672 83.9
432114400 188975678996 96.2 32273400958752624 83.9
447788700 188975679096 96.2 32273401169766032 83.9
447809000 188975679196 96.2 32273401380802128 83.9
447812000 188975679396 96.2 32273401802874832 83.9
447813300 188975679496 96.2 32273402013888032 83.9
447814400 189078787696 96.3 32357720274972192 84.1
447815000 189078787996 96.3 32357720908012192 84.1
447816600 189078788696 96.3 32357722385105952 84.1
447824700 189078788796 96.3 32357722596119360 84.1
447835000 189078789296 96.3 32357723651240960 84.1
447838900 189078789496 96.3 32357724073267648 84.1
448816600 189085446996 96.3 32364690894000576 84.2
465211100 189085447396 96.3 32364691738111424 84.2
465211300 189085447496 96.3 32364691949124832 84.2
465213700 189085447596 96.3 32364692160161728 84.2
465214000 189189343692 96.4 32449875932653504 84.4
465214100 189189343892 96.4 32449876354680320 84.4
465253600 189189344192 96.4 32449876987720320 84.4
467075600 189193563792 96.4 32454128492851840 84.4
467090000 189193563892 96.4 32454128703865248 84.4
467108800 189193563992 96.4 32454128914878656 84.4
467123200 189193564292 96.4 32454129547976896 84.4
485003000 189193564492 96.4 32454129759217792 84.4
485014700 189296591196 96.4 32538553280555136 84.6
485030400 189296591296 96.4 32538553491572640 84.6
486948900 189296591396 96.4 32538553702614048 84.6
486950800 189296591496 96.4 32538553913627456 84.6
486951100 189296591596 96.4 32538554124668960 84.6
486951900 189296591696 96.4 32538554335682160 84.6
486978200 189302999896 96.4 32544907899887216 84.6
487116500 189306152596 96.4 32545865720061552 84.6
508181800 189406864900 96.5 32630252314746480 84.9
508205900 189406865000 96.5 32630252525750880 84.9
508206400 189406865100 96.5 32630252736755280 84.9
508213200 189406865200 96.5 32630252947768784 84.9
508228500 189406865300 96.5 32630253158799680 84.9
509870000 189414715000 96.5 32637885321976128 84.9
509880600 189414715300 96.5 32637885955083072 84.9
509961900 189417985100 96.5 32638874564070208 84.9
531187400 189417985300 96.5 32638874986097024 84.9
531191400 189417985400 96.5 32638875197132128 84.9
531199100 189417985600 96.5 32638875619206304 84.9
531204500 189518291704 96.5 32723023146951840 85.1
533251200 189518291904 96.5 32723023569022144 85.1
533251600 189525669004 96.5 32730173094685888 85.1
533253600 189525669204 96.5 32730173516712704 85.1
533263500 189525669804 96.5 32730174782958592 85.1
533274800 189525669904 96.5 32730174994000000 85.1
555972900 189525670304 96.5 32730175627255712 85.1
555975100 189632196304 96.6 32817762073239456 85.3
557695200 189632196404 96.6 32817762284275264 85.3
557711500 189632196904 96.6 32817763339428352 85.3
557712700 189632197104 96.6 32817763761502336 85.3
557714100 189632197504 96.6 32817764605604608 85.3
557721400 189640841504 96.6 32826136233489152 85.4
579886000 189640841804 96.6 32826136866529280 85.4
579903900 189751743804 96.6 32917759659024384 85.6
582172900 189759136704 96.6 32924948753752064 85.6
582183700 189759137004 96.6 32924949386864000 85.6
582194000 189759137104 96.6 32924949597877600 85.6
582195900 189759137404 96.6 32924950230918368 85.6
582220900 189759137604 96.6 32924950652991552 85.6
582333200 189762434904 96.7 32925942019602496 85.6
606605200 189874747800 96.7 33020449880881216 85.9
609053000 189874751200 96.7 33020457055342144 85.9
609056400 189874752300 96.7 33020459376670784 85.9
609057900 189874752400 96.7 33020459587706384 85.9
609067700 189883769800 96.7 33029253400600080 85.9
609098600 189887218600 96.7 33030276638809616 85.9
634452800 190002820792 96.8 33128100030291472 86.2
637015700 190013165392 96.8 33137871900876304 86.2
637026600 190013165592 96.8 33137872322946704 86.2
637043600 190013165992 96.8 33137873167011920 86.2
637055300 190013166092 96.8 33137873378048816 86.2
637129700 190016721292 96.8 33138838554442544 86.2
662037600 190132428988 96.8 33236529682742064 86.4
663960900 190132429188 96.8 33236530104811568 86.4
663962300 190132430588 96.8 33236533059005232 86.4
663963000 190132430788 96.8 33236533270237632 86.4
663966100 190132430888 96.8 33236533276791232 86.4
663974700 190143617188 96.8 33246928804729280 86.5
664020600 190146413788 96.8 33247752392954304 86.5
687618300 190247969788 96.9 33333303804580288 86.7
690339800 190247970188 96.9 33333304648725952 86.7
690341600 190247970388 96.9 33333305070808640 86.7
690350500 190247970588 96.9 33333305492886048 86.7
690359300 190256564588 96.9 33341458424517152 86.7
690362300 190256564688 96.9 33341458635532752 86.7
690364100 190256564788 96.9 33341458846567552 86.7
690374200 190256565088 96.9 33341459479631424 86.7
690430300 190258881488 96.9 33342137041393216 86.7
717423000 190347192384 96.9 33416370417276480 86.9
719098700 190354926984 97.0 33424043707176512 86.9
719129100 190354927384 97.0 33424044551342400 86.9
719131500 190354927484 97.0 33424044762369408 86.9
722185500 190359499984 97.0 33428392611188096 86.9
722392400 190361299984 97.0 33428935076613504 86.9
724162600 190369952184 97.0 33433460638354816 86.9
750524900 190369952584 97.0 33433461482457216 86.9
750526000 190369952784 97.0 33433461904535616 86.9
750561700 190369953184 97.0 33433462748597696 86.9
750581300 190438057384 97.0 33493360307981760 87.1
752351500 190439761384 97.0 33493856247762368 87.1
752359500 190445287284 97.0 33499141049306560 87.1
753610800 190453281384 97.0 33503249827253696 87.1
774652900 190513325584 97.0 33556250067619264 87.3
774659800 190513326084 97.0 33556251122700480 87.3
774663400 190513328184 97.0 33556255554013888 87.3
774670900 190513328584 97.0 33556256398160000 87.3
774674300 190513328884 97.0 33556257031200192 87.3
777187000 190517958284 97.0 33560771119947200 87.3
777247600 190519474784 97.0 33561221336997312 87.3
799925400 190519475184 97.0 33561222181062016 87.3
799934000 190575151084 97.1 33610392317232512 87.4
800308100 190582291484 97.1 33614120332854656 87.4
800348700 190582291684 97.1 33614120544095056 87.4
800382900 190582291784 97.1 33614120755126064 87.4
801427300 190586307884 97.1 33618133442354992 87.4
801523000 190587647384 97.1 33618535777492784 87.4
802620700 190594227284 97.1 33621948751077168 87.4
820301500 190594227384 97.1 33621948962115376 87.4
820305600 190594228484 97.1 33621951283280176 87.4
820321400 190647816684 97.1 33669075324713264 87.6
820337000 190647816884 97.1 33669075746779440 87.6
820346400 190647817184 97.1 33669076379879536 87.6
821917700 190651517284 97.1 33672738484635760 87.6
821939900 190652752784 97.1 33673103049934960 87.6
822504400 190659144984 97.1 33676395375675504 87.6
834338600 190662815884 97.1 33680045348931696 87.6
834346900 190662816584 97.1 33680046826025456 87.6
834371400 190715364184 97.1 33726245012599280 87.7
834377300 190716644584 97.1 33726623847969264 87.7
855546400 190769748584 97.2 33773326718366192 87.8
855923700 190769748784 97.2 33773327140438576 87.8
855924100 190769749084 97.2 33773327773543856 87.8
855980700 190776120384 97.2 33776657893371312 87.8
857140500 190780030484 97.2 33780559742971312 87.8
857183100 190781300884 97.2 33780946050231728 87.9
858180400 190787732484 97.2 33784253423824304 87.9
876161200 190841927984 97.2 33831762217151920 88.0
876163800 190841928884 97.2 33831764116468912 88.0
876185300 190841928984 97.2 33831764327505808 88.0
876205700 190841929084 97.2 33831764538542608 88.0
879678900 190841929284 97.2 33831764960603792 88.0
879723000 190845922184 97.2 33835694062169744 88.0
879778300 190847259884 97.2 33836096618491536 88.0
881335600 190853960284 97.2 33839612423564944 88.0
906735300 190910358684 97.2 33889081844297360 88.1
906746300 190910359784 97.2 33889084165469584 88.1
907066200 190915276484 97.2 33893686287414672 88.1
907141900 190916741384 97.2 33894124271056272 88.1
908314600 190923847384 97.2 33897935457105296 88.2
938242600 190982773784 97.3 33949538050520464 88.3
941921800 190982773884 97.3 33949538261569072 88.3
941924000 190982774084 97.3 33949538683641968 88.3
941943700 190984585284 97.3 33951246466998384 88.3
942029300 190986144084 97.3 33951713999872112 88.3
942057500 190986144184 97.3 33951714210876512 88.3
945986900 190992248584 97.3 33957368605052000 88.3
947837600 190999877584 97.3 33961525220346976 88.3
981468700 190999877784 97.3 33961525642397888 88.3
981471300 190999878484 97.3 33961527119653440 88.3
981490400 191064359984 97.3 34018219320617536 88.5
981494200 191064360084 97.3 34018219531652832 88.5
981592200 191066055784 97.3 34018712982933216 88.5
984558500 191073404084 97.3 34025356894162656 88.5
986687300 191081519784 97.3 34029877563248352 88.5
1025047000 191081520284 97.3 34029878618434400 88.5
1025066500 191155895884 97.4 34094642665171808 88.7
1025068500 191155896084 97.4 34094643087247712 88.7
1025072200 191155896184 97.4 34094643298281920 88.7
1025079500 191155896384 97.4 34094643720355904 88.7
1025092100 191155896484 97.4 34094643931386304 88.7
1029441500 191161577784 97.4 34099690661614016 88.7
1029507700 191161578184 97.4 34099691505667136 88.7
1029518700 191163575684 97.4 34100257761152064 88.7
1031350500 191172349984 97.4 34105370729401408 88.7
1073346200 191172350584 97.4 34105371995638976 88.7
1073354800 191255983784 97.4 34177938437672128 88.9
1073361400 191255984184 97.4 34177939281724928 88.9
1074373600 191255984984 97.4 34177940969856256 88.9
1074391000 191255985284 97.4 34177941602962368 88.9
1074406500 191264154484 97.4 34185422338132928 88.9
1079160100 191267981184 97.4 34187943392185280 88.9
1080753000 191275748484 97.4 34192338589977536 88.9
1124016100 191275748584 97.4 34192338800978240 88.9
1124019900 191275748984 97.4 34192339644981056 88.9
1124024700 191275750184 97.4 34192342177015616 88.9
1124028800 191275751184 97.4 34192344287036224 88.9
1124031700 191346254984 97.5 34253586083103552 89.1
1124032500 191346258284 97.5 34253593046129472 89.1
1124037200 191346260884 97.5 34253598532152640 89.1
1124058100 191346261884 97.5 34253600642206528 89.1
1124062200 191346262084 97.5 34253601064281440 89.1
1126153600 191352930584 97.5 34258922909918560 89.1
1127800200 191359335984 97.5 34262496155198816 89.1
1163179400 191360888384 97.5 34263986514486624 89.1
1167710000 191360888484 97.5 34263986725508032 89.1
1167736600 191360916684 97.5 34264017963856832 89.1
1168228300 191360916784 97.5 34264018174891728 89.1
1168242100 191360917084 97.5 34264018807936400 89.1
1168248200 191415703784 97.5 34311794509993360 89.2
1172472500 191417225784 97.5 34313181794129296 89.2
1172487200 191417225984 97.5 34313182216201904 89.2
1173692800 191423571384 97.5 34316464500254384 89.2
1201721000 191427006984 97.5 34319702655510192 89.3
1204505400 191473851884 97.5 34360727260374704 89.4
1204530300 191473851984 97.5 34360727471379008 89.4
1204532100 191473852084 97.5 34360727682415712 89.4
1206587400 191474714484 97.5 34360986619133024 89.4
1206668300 191474769684 97.5 34361038714723424 89.4
1233157800 191477981784 97.5 34364069452995680 89.4
1233283600 191478775284 97.5 34364300119858272 89.4
1234936600 191522776584 97.5 34402631578901600 89.5
1235421600 191522776984 97.5 34402632216108704 89.5
1235433900 191527722184 97.5 34405322178191008 89.5
1235438500 191527722684 97.5 34405323233212512 89.5
1236028000 191532630584 97.6 34407993538689120 89.5
1262769000 191577242884 97.6 34446819774609504 89.6
1262779100 191577243184 97.6 34446820407729504 89.6
1267795100 191580155084 97.6 34449639182916960 89.6
1267807600 191580156784 97.6 34449642769998176 89.6
1267859200 191581028984 97.6 34449912478589280 89.6
1299482800 191628040784 97.6 34490802949611872 89.7
1299840200 191633321084 97.6 34493805890658656 89.7
1303954500 191633321284 97.6 34493806312693760 89.7
1303965100 191633321384 97.6 34493806523713152 89.7
1303973700 191638025584 97.6 34498129159784064 89.7
1304101200 191639090084 97.6 34498451862718080 89.7
1306445700 191645066384 97.6 34501890662467200 89.7
1357497500 191698342884 97.6 34548408455005824 89.8
1357522500 191698342984 97.6 34548408666019328 89.8
1357556100 191698343084 97.6 34548408877053824 89.8
1357558500 191698343484 97.6 34548409721193344 89.8
1362514700 191698343784 97.6 34548410354295616 89.8
1362541700 191698344184 97.6 34548411198437568 89.8
1362548300 191704701884 97.6 34554060525893824 89.9
1362548900 191704701984 97.6 34554060736898128 89.9
1362633000 191705990584 97.6 34554426125755472 89.9
1365304400 191712931984 97.6 34558525246841936 89.9
1419816800 191712932084 97.6 34558525457877632 89.9
1419840600 191779726084 97.7 34616323478702720 90.0
1419841200 191779726484 97.7 34616324322728448 90.0
1425467800 191779726684 97.7 34616324744745856 90.0
1425486800 191779726784 97.7 34616324955761664 90.0
1425511400 191786712484 97.7 34622651750345728 90.0
1425515100 191786713184 97.7 34622653227614720 90.0
1425580400 191787947184 97.7 34623013240422912 90.0
1427392000 191794455784 97.7 34626839190946304 90.1
1483862400 191794455884 97.7 34626839401981904 90.1
1483867400 191856796584 97.7 34680700430968784 90.2
1487499400 191862217184 97.7 34685609172789200 90.2
1487514200 191862217484 97.7 34685609805901584 90.2
1487533700 191862218484 97.7 34685611916061328 90.2
1487637900 191863027384 97.7 34685864899455632 90.2
1490061600 191868069684 97.7 34688708871400080 90.2
1536256700 191868069984 97.7 34688709504447248 90.2
1536276700 191913045784 97.7 34727734634263312 90.3
1540054500 191913045984 97.7 34727735056336400 90.3
1540074000 191913046084 97.7 34727735267373904 90.3
1540106200 191916725684 97.7 34731072955822928 90.3
1540114000 191917373284 97.7 34731270639514448 90.3
1575684900 191955661384 97.8 34764496605082448 90.4
1575690500 191955661784 97.8 34764497449135376 90.4
1577350200 191962581984 97.8 34769403417472272 90.4
1577364400 191963198984 97.8 34769610969165072 90.4
1577381300 191963200884 97.8 34769614978354960 90.4
1578605700 191967183784 97.8 34771833391091472 90.4
1612462500 192005123984 97.8 34804745337507600 90.5
1612472900 192005124584 97.8 34804746393711248 90.5
1617965800 192008370584 97.8 34807750719926928 90.5
1617970000 192008370784 97.8 34807751141962832 90.5
1617970400 192008371284 97.8 34807752197155152 90.5
1617991400 192008371484 97.8 34807752619163760 90.5
1620365600 192013577284 97.8 34810525786800240 90.5
1673879000 192055491684 97.8 34847027199705200 90.6
1673886600 192055491884 97.8 34847027621766000 90.6
1673894300 192055492084 97.8 34847028043838800 90.6
1678963600 192055493084 97.8 34847030153960400 90.6
1678971300 192055493684 97.8 34847031420178256 90.6
1678975100 192055494384 97.8 34847032897293264 90.6
1678991000 192060441384 97.8 34851357520677840 90.6
1679028400 192060441984 97.8 34851358786792912 90.6
1679028600 192060442184 97.8 34851359208845200 90.6
1679045000 192061380684 97.8 34851624667328400 90.6
1682295900 192066755284 97.8 34854888038477712 90.6
1749489500 192122630684 97.9 34903108630359952 90.8
1754566100 192122630784 97.9 34903108841385648 90.8
1754567700 192122631284 97.9 34903109896582256 90.8
1754573500 192128821884 97.9 34908608791655536 90.8
1754738400 192129583184 97.9 34908825995048048 90.8
1757710300 192134337584 97.9 34911688187573360 90.8
1820755000 192180466084 97.9 34951421622088816 90.9
1820783200 192180468384 97.9 34951426475464304 90.9
1828420300 192183373384 97.9 34953965899519600 90.9
1828439500 192183373484 97.9 34953966110545296 90.9
1828439700 192183373684 97.9 34953966532617392 90.9
1828446600 192183883184 97.9 34954124175336624 90.9
1877595500 192217474984 97.9 34983236258489520 91.0
1878415400 192217475284 97.9 34983236891595120 91.0
1878421700 192223845884 97.9 34987871608000880 91.0
1878424900 192223846084 97.9 34987872030070576 91.0
1878425200 192224278084 97.9 34988004429485872 91.0
1881018200 192227446884 97.9 34989788878952240 91.0
1924020700 192258684184 97.9 35016757477726000 91.1
1927898800 192261269984 97.9 35019132839745328 91.1
1927900500 192261271384 97.9 35019135793937200 91.1
1927900800 192261271484 97.9 35019136004962992 91.1
1927908600 192261271584 97.9 35019136215988784 91.1
1927910200 192261271884 97.9 35019136849095664 91.1
1930077500 192265591684 97.9 35021541899971568 91.1
1991167500 192301454084 97.9 35052578002643952 91.2
1994155100 192301454184 97.9 35052578213659648 91.2
1994171000 192305593484 97.9 35056226156348416 91.2
1994173300 192305594184 97.9 35056227423382784 91.2
1994200300 192305595384 97.9 35056229955588864 91.2
1994204200 192305595484 97.9 35056230166602064 91.2
2003765500 192305597184 97.9 35056233753867344 91.2
2003777800 192309242484 97.9 35059365771211856 91.2
2003860500 192309956584 97.9 35059560943957072 91.2
2003890900 192309956684 97.9 35059561154970672 91.2
2006736900 192314327184 98.0 35062323520963632 91.2
2088993700 192314327584 98.0 35062324365110320 91.2
2088998900 192359569184 98.0 35101328166890544 91.3
2096341500 192363220384 98.0 35104566362516528 91.3
2096450800 192363659984 98.0 35104684781358128 91.3
2099131500 192366825384 98.0 35106587526581296 91.3
2161107500 192369046484 98.0 35108623595752496 91.3
2161210300 192369375684 98.0 35108726101593136 91.3
2162277700 192372093284 98.0 35110308921035824 91.3
2162309700 192372094084 98.0 35110310609133616 91.3
2162323700 192402419084 98.0 35136522953924656 91.4
2206060800 192429089584 98.0 35159639950598192 91.4
2206064000 192429089784 98.0 35159640372668400 91.4
2206068600 192429090384 98.0 35159641638757488 91.4
2206091300 192429090984 98.0 35159642904969584 91.4
2213870300 192432329184 98.0 35162443102536048 91.4
2213941600 192432778084 98.0 35162572134318448 91.4
2217442700 192436154384 98.0 35164685192561008 91.4
2297789800 192469199884 98.0 35193229467615600 91.5
2297810900 192469199984 98.0 35193229678653296 91.5
2308170100 192474011484 98.0 35197288485924720 91.5
2308295500 192474553684 98.0 35197444911755120 91.5
2311549200 192478153684 98.0 35199647582482288 91.5
2407027000 192513532184 98.1 35230044915724144 91.6
2407037400 192513532484 98.1 35230045548829360 91.6
2407042600 192513532784 98.1 35230045971516656 91.6
2407053600 192513532884 98.1 35230046182562752 91.6
2411930000 192516129184 98.1 35232363886795712 91.6
2412040000 192516421084 98.1 35232449178196928 91.6
2476088900 192539738784 98.1 35252716631841728 91.7
2476130000 192539740184 98.1 35252719586031808 91.7
2481314300 192544424084 98.1 35256173232568512 91.7
2481328100 192544724584 98.1 35256267027364032 91.7
2484871200 192547278284 98.1 35257855326664896 91.7
2557801400 192571283984 98.1 35278573145798848 91.7
2557820600 192571284084 98.1 35278573356833344 91.7
2568132900 192575326184 98.1 35281905914600000 91.8
2568154000 192575326384 98.1 35281906336629408 91.8
2568228300 192575774284 98.1 35282018182619808 91.8
2571863900 192578826884 98.1 35283960777532064 91.8
2677651000 192607915284 98.1 35308922387161760 91.8
2685217800 192610618984 98.1 35311260426691232 91.8
2685308500 192610815884 98.1 35311318152848032 91.8
2685352300 192610816084 98.1 35311318574876928 91.8
2687451800 192612679484 98.1 35312452904339712 91.8
2740622800 192612679584 98.1 35312453115374208 91.8
2740625100 192630844484 98.1 35328145121274496 91.9
2745411600 192630844584 98.1 35328145332287904 91.9
2745425600 192632734684 98.1 35329763541432736 91.9
2745541000 192632946284 98.1 35329829431941536 91.9
2745567500 192632946884 98.1 35329830698021536 91.9
2748958000 192635054484 98.1 35331154250887840 91.9
2841183600 192635057184 98.1 35331159947910816 91.9
2841197300 192655704884 98.1 35348931276873376 91.9
2852500500 192658939684 98.1 35351609825992352 91.9
2852518800 192658940284 98.1 35351611092212512 91.9
2856185900 192661250684 98.1 35353023733668640 91.9
2961817800 192681296584 98.1 35370399265037088 92.0
2961849500 192681296884 98.1 35370399898145184 92.0
2970301500 192681297284 98.1 35370400742163104 92.0
2970320500 192683010484 98.1 35371870394040992 92.0
2970397400 192683155884 98.1 35371910742712992 92.0
2973110000 192684659584 98.1 35372833845781152 92.0
3052944400 192699698184 98.1 35385791219999392 92.0
3052961100 192699698384 98.1 35385791642069984 92.0
3052964800 192699698884 98.1 35385792697136608 92.0
3052965000 192699698984 98.1 35385792908150112 92.0
3052983400 192699699584 98.1 35385794174265952 92.0
3052985800 192699700484 98.1 35385796073436128 92.0
3061480900 192701992984 98.1 35387660514964448 92.0
3061517200 192701993784 98.1 35387662203034720 92.0
3061654600 192702215184 98.1 35387723925412960 92.0
3066440000 192704198884 98.1 35389012557159520 92.0
3197559400 192704199084 98.1 35389012979194720 92.0
3197593500 192724066184 98.2 35406112842029920 92.1
3210471300 192725979084 98.2 35407743248079712 92.1
3210476300 192725979684 98.2 35407744514304864 92.1
3210494200 192725979784 98.2 35407744725337568 92.1
3210539200 192726099284 98.2 35407781420377568 92.1
3213614600 192727337184 98.2 35408549225670112 92.1
3295011100 192739664584 98.2 35419205082523104 92.1
3300818800 192740984484 98.2 35420368694650336 92.1
3300842600 192740985684 98.2 35420371226791904 92.1
3300999900 192741143784 98.2 35420417598836704 92.1
3305478900 192742592984 98.2 35421367240445920 92.1
3438373800 192757339084 98.2 35434029603049440 92.1
3452060600 192758947684 98.2 35435426079920096 92.2
3452112500 192758947884 98.2 35435426501992704 92.2
3452204400 192759039284 98.2 35435453790363904 92.2
3454894300 192759981484 98.2 35436053685018880 92.2
3549099400 192769535584 98.2 35444275286843648 92.2
3549116800 192769535684 98.2 35444275497847456 92.2
3557095000 192769535984 98.2 35444276130861088 92.2
3557106200 192769536184 98.2 35444276552878304 92.2
3557123300 192770411484 98.2 35445047333243104 92.2
3557124100 192770411584 98.2 35445047544280000 92.2
3557152800 192770411684 98.2 35445047755280304 92.2
3557165700 192770521284 98.2 35445080357392304 92.2
3562011400 192771507084 98.2 35445711243235248 92.2
3701495900 192781703684 98.2 35454489638916016 92.2
3713143600 192782870284 98.2 35455538148855728 92.2
3713160200 192782870384 98.2 35455538359891328 92.2
3713249700 192782934784 98.2 35455560403744128 92.2
3717146800 192783528684 98.2 35455919498950016 92.2
3816047700 192789719784 98.2 35461246096733568 92.2
3816070200 192789721284 98.2 35461249261919872 92.2
3824220100 192790247484 98.2 35461727098723968 92.2
3824237600 192790248084 98.2 35461728364840960 92.2
3824425500 192790318384 98.2 35461750389647360 92.2
3994260600 192796453184 98.2 35467001164376064 92.2
3998819600 192797023884 98.2 35467384136017920 92.2
4011935700 192797528384 98.2 35467839881226240 92.2
4011956200 192797528484 98.2 35467840092239232 92.2
4011956400 192797529384 98.2 35467841991339136 92.2
4012000000 192797529684 98.2 35467842624453312 92.2
4118199800 192800939784 98.2 35470769059822272 92.2
4122284100 192801271884 98.2 35470980061379264 92.2
4129871300 192801552984 98.2 35471244774390464 92.2
4129958400 192801577284 98.2 35471251879107264 92.2
4285191400 192803645484 98.2 35473033428474560 92.3
4290161100 192803815384 98.2 35473138973604544 92.3
4300336700 192803899584 98.2 35473228229950144 92.3
4301394900 192803914284 98.2 35473235943062208 92.3
4303319900 192803920584 98.2 35473240421219008 92.3
4377193700 192804108984 98.2 35473402742422208 92.3