# 98334253056 18351894892118016 950340 3007806800 2719535946876200 0 0
0 67954761728 69.1 -11496296011530240 -62.6
2399400 76777325568 78.1 -1139401136537600 -6.2
3913500 79094884352 80.4 1169938085576704 6.4
5268800 80404400128 81.8 2422582477324288 13.2
6532300 81305793472 82.7 3264817980768256 17.8
7724200 81994111808 83.4 3898705090445312 21.2
8860900 82549302720 83.9 4406859280678912 24.0
9959800 83015061440 84.4 4830546362368000 26.3
11022300 83415781824 84.8 5193610483990528 28.3
12051600 83767507840 85.2 5512136532951040 30.0
13051100 84080334528 85.5 5794605291274240 31.6
14036500 84360791136 85.8 6046883734618112 32.9
14996300 84615680432 86.0 6276019853983744 34.2
15933400 84848835440 86.3 6485179140931584 35.3
16866700 85063514848 86.5 6678408880717824 36.4
17765100 85262420656 86.7 6856340399980544 37.4
18657800 85447595760 86.9 7021505162510336 38.3
19532100 85620317056 87.1 7176294223577088 39.1
20390000 85782379264 87.2 7320662049816576 39.9
21234700 85934666672 87.4 7456124798238720 40.6
22065100 86078291568 87.5 7584014353301504 41.3
22068400 86078292168 87.5 7584015197771520 41.3
23705000 86078292468 87.5 7584015409206720 41.3
23705100 86342959764 87.8 7819575306474944 42.6
25320400 86342960164 87.8 7819575939753344 42.6
25327800 86581780260 88.0 8031489391256960 43.8
26920000 86799003268 88.3 8224962937546112 44.8
26926700 86799003568 88.3 8224963359779712 44.8
28456700 86997695968 88.5 8401234588969856 45.8
28457700 86997696468 88.5 8401234800824448 45.8
29951200 86997696868 88.5 8401235223285824 45.8
29952000 87180502772 88.7 8562845883600960 46.7
31437800 87180503272 88.7 8562846727878208 46.7
31441300 87349999176 88.8 8713003264063040 47.5
32925400 87349999576 88.8 8713003686524448 47.5
32926100 87507493768 89.0 8852249059620384 48.2
34391600 87507494168 89.0 8852249482058080 48.2
34392600 87654502360 89.1 8982260155373920 48.9
35781200 87792148472 89.3 9103807293643104 49.6
37172000 87921439372 89.4 9217940395817312 50.2
37172300 87921439772 89.4 9217940607457120 50.2
39245200 87921439972 89.4 9217941029529120 50.2
39245600 87921440172 89.4 9217941451569024 50.2
39249800 88101706380 89.6 9376664266471296 51.1
41295600 88267522988 89.8 9522326337484672 51.9
41297500 88267523188 89.8 9522326759489472 51.9
43284900 88420908276 89.9 9657118343774144 52.6
43290100 88420908576 89.9 9657118976823232 52.6
43293400 88420908876 89.9 9657119609862848 52.6
45209700 88420909076 89.9 9657120031886464 52.6
45210800 88420909176 89.9 9657120242901264 52.6
45211100 88563520776 90.1 9782231608434960 53.3
47144100 88563521776 90.1 9782233718575248 53.3
47146400 88563521876 90.1 9782233929610544 53.3
47146600 88696423572 90.2 9899096919504176 53.9
49004100 88821079268 90.3 10008626797999408 54.5
49006900 88821079768 90.3 10008627220647696 54.5
49008600 88821079968 90.3 10008627642656496 54.5
50860600 88821080068 90.3 10008627853671696 54.5
50861400 88821080168 90.3 10008628064704992 54.5
50864900 88939065664 90.4 10111713445435872 55.1
53378900 89086442864 90.6 10240813887674848 55.8
53380400 89086443064 90.6 10240814309710432 55.8
53383100 89086443164 90.6 10240814520715040 55.8
53384300 89086443264 90.6 10240814731719440 55.8
55713100 89086443364 90.6 10240814942724048 55.8
55714100 89223127460 90.7 10360818736504784 56.5
58057000 89223127560 90.7 10360818947518080 56.5
58064200 89223127760 90.7 10360819369535680 56.5
58064300 89223128360 90.7 10360820003180672 56.5
58070000 89350733160 90.9 10472897300598912 57.1
60409800 89469803864 91.0 10576997837115520 57.6
60410600 89469803964 91.0 10576998048130320 57.6
60417400 89469804464 91.0 10576999103215696 57.6
62742600 89469804964 91.0 10577000158293584 57.6
62746500 89581634660 91.1 10675059210939984 58.2
62751700 89581634860 91.1 10675059632969584 58.2
62752900 89581634960 91.1 10675059633174384 58.2
62753100 89581635060 91.1 10675059844187984 58.2
65440500 89581635160 91.1 10675060055201488 58.2
65446100 89581635260 91.1 10675060266214992 58.2
65446500 89581635360 91.1 10675060266419792 58.2
65447300 89712338256 91.2 10789147063273040 58.8
68112200 89712338356 91.2 10789147274304048 58.8
68113400 89712338456 91.2 10789147274508848 58.8
68113800 89834086456 91.4 10895331826465328 59.4
68121800 89834086756 91.4 10895332459532208 59.4
68124300 89834086856 91.4 10895332670564912 59.4
70856300 89947489956 91.5 10994727609649712 59.9
73498500 90053590356 91.6 11087279868299824 60.4
73507400 90053590656 91.6 11087280290526928 60.4
73510700 90053591056 91.6 11087281134597648 60.4
76560200 90172336656 91.7 11190622963463696 61.0
76565200 90172336756 91.7 11190623174477296 61.0
76566500 90172337556 91.7 11190624440912752 61.0
79567600 90172337756 91.7 11190624862945744 61.0
79570000 90172338656 91.7 11190626340478160 61.0
79574000 90282900448 91.8 11287199737093328 61.5
79576100 90282900948 91.8 11287200792126160 61.5
82571000 90386195748 91.9 11377431780336336 62.0
82575000 90386196248 91.9 11377432835378064 62.0
82587100 90386196448 91.9 11377433257386864 62.0
85572600 90386196648 91.9 11377433679391664 62.0
85573700 90386196948 91.9 11377434312448048 62.0
85575700 90483388444 92.0 11461779249305648 62.5
85585200 90483388644 92.0 11461779671325648 62.5
85588500 90483388744 92.0 11461779882341248 62.5
85589000 90483389144 92.0 11461780726402240 62.5
89084500 90483389544 92.0 11461781570441856 62.5
89085000 90483389944 92.0 11461782414488640 62.5
89086400 90483390244 92.0 11461783047531712 62.5
89088200 90483390344 92.0 11461783258544512 62.5
89090700 90483390544 92.0 11461783680573600 62.5
89093600 90590443848 92.1 11553194744602784 63.0
89094700 90590444348 92.1 11553195378036384 63.0
92415700 90590444648 92.1 11553196011100768 63.0
92416700 90590444848 92.1 11553196433152160 63.0
92418000 90688730144 92.2 11638690558974112 63.4
95762900 90688730344 92.2 11638690559383712 63.4
95763900 90780683248 92.3 11718958624364704 63.9
95773900 90780683648 92.3 11718959468436192 63.9
99569800 90780683948 92.3 11718959890650496 63.9
99574800 90879221748 92.4 11804692773033344 64.3
99581500 90879221948 92.4 11804693195038528 64.3
99583400 90879222148 92.4 11804693617039744 64.3
99585000 90879222348 92.4 11804694039092448 64.3
99602500 90879222448 92.4 11804694250112144 64.3
103471100 90971380544 92.5 11885003947754640 64.8
103473700 90971381044 92.5 11885005002790224 64.8
103474900 90971381244 92.5 11885005424799216 64.8
103488600 90971381444 92.5 11885005636023712 64.8
107189100 90971381744 92.5 11885006269074528 64.8
107196400 90971382744 92.5 11885008379229024 64.8
107200600 91068229640 92.6 11969616064066400 65.2
107205000 91068230140 92.6 11969617119131296 65.2
107206400 91068230240 92.6 11969617330135904 65.2
111482800 91159098240 92.7 12048400401785696 65.7
111493700 91159098940 92.7 12048401457279392 65.7
111502500 91159099240 92.7 12048402090303968 65.7
115710700 91159099440 92.7 12048402512329952 65.7
115711500 91159099540 92.7 12048402723364848 65.7
115717500 91159100140 92.7 12048403778609776 65.7
115731000 91253024236 92.8 12129753965634160 66.1
115732200 91253024336 92.8 12129754176659952 66.1
115745300 91253024436 92.8 12129754387664352 66.1
120030600 91253024736 92.8 12129754599091856 66.1
120035900 91253025436 92.8 12129756076216720 66.1
120036800 91253025736 92.8 12129756709267088 66.1
120038700 91253026136 92.8 12129757553356304 66.1
120068400 91340646440 92.9 12205711659232784 66.5
124546000 91430684136 93.0 12283945226726928 66.9
124547300 91430684336 93.0 12283945437936128 66.9
124549500 91430684436 93.0 12283945648953632 66.9
124562000 91430684536 93.0 12283945859958240 66.9
124563600 91430684936 93.0 12283946703976032 66.9
128917100 91430685136 93.0 12283947125994336 66.9
128922200 91430685536 93.0 12283947970038560 66.9
128940700 91430685836 93.0 12283948392287072 66.9
128940900 91514439932 93.1 12356669235039072 67.3
133356600 91599594428 93.2 12430655641914208 67.7
133358200 91599594528 93.2 12430655852948608 67.7
133361100 91599594728 93.2 12430656064179616 67.7
133361700 91599594828 93.2 12430656275184016 67.7
133362700 91599595028 93.2 12430656697256400 67.7
133363300 91599595128 93.2 12430656908260800 67.7
133366900 91599595228 93.2 12430657119274400 67.7
133377000 91599595328 93.2 12430657330278800 67.7
137574000 91679287424 93.2 12500041042162064 68.1
137577800 91679287924 93.2 12500041886397840 68.1
138032200 91682915824 93.2 12502070207247760 68.1
142725200 91682916024 93.2 12502070629256368 68.1
142728100 91682916624 93.2 12502071895296176 68.1
142729200 91682916924 93.2 12502072528309168 68.1
142735800 91759162524 93.3 12569336157932464 68.5
142736800 91759162924 93.3 12569337001963056 68.5
143092600 91759163124 93.3 12569337423989040 68.5
143098100 91763121624 93.3 12571590131190064 68.5
147404500 91763121724 93.3 12571590342194256 68.5
147408900 91833940924 93.4 12634318226306128 68.8
147410400 91833942124 93.4 12634320758445648 68.8
147416000 91833942524 93.4 12634321602489424 68.8
147419700 91833942924 93.4 12634322446507024 68.8
147420600 91833943224 93.4 12634323079563536 68.8
147778900 91837922624 93.4 12636532455147792 68.9
152269700 91837923724 93.4 12636534776275472 68.9
152272900 91837923824 93.4 12636534987292880 68.9
152283800 91837924124 93.4 12636535198724272 68.9
152284400 91908988620 93.5 12699166823559344 69.2
152582700 91913020220 93.5 12701457445433520 69.2
156565900 91913020320 93.5 12701457656438128 69.2
156567900 91913020920 93.5 12701458922496112 69.2
156569300 91983477016 93.5 12763786326073456 69.6
156890300 91987283216 93.5 12765970251407472 69.6
161100300 91987283416 93.5 12765970673434576 69.6
161107900 91987283516 93.5 12765970884439184 69.6
161108100 92057335716 93.6 12827754626526352 69.9
161110300 92057335816 93.6 12827754837557360 69.9
161115700 92057336116 93.6 12827755470592176 69.9
161117900 92057336916 93.6 12827757158714544 69.9
161119400 92057337216 93.6 12827757791739120 69.9
161119800 92057337816 93.6 12827759057831536 69.9
161124900 92057338016 93.6 12827759479864528 69.9
161514500 92061037716 93.6 12829926845955280 69.9
161514900 92061037916 93.6 12829927267982480 69.9
165648800 92126012416 93.7 12887057207483536 70.2
165653300 92126012616 93.7 12887057629509520 70.2
165654500 92126013116 93.7 12887058684575824 70.2
165658400 92126013416 93.7 12887059317615440 70.2
165672500 92126013516 93.7 12887059528629040 70.2
165914600 92129744516 93.7 12889196240911152 70.2
170346200 92194037616 93.8 12945714361482032 70.5
170696300 92197618416 93.8 12947768944835376 70.6
170697800 92197618716 93.8 12947769577866480 70.6
174559700 92197618916 93.8 12947769999884368 70.6
174562600 92261415116 93.8 13003876164304976 70.9
174564400 92261415216 93.8 13003876375318272 70.9
174565400 92261415316 93.8 13003876586331568 70.9
174566600 92261415516 93.8 13003877008357872 70.9
174568200 92261415816 93.8 13003877641397680 70.9
174576200 92261415916 93.8 13003877852412784 70.9
174924900 92264841716 93.8 13005921068546928 70.9
179232200 92328052216 93.9 13061554060950384 71.2
179662400 92331471416 93.9 13063571370310512 71.2
183890300 92393700116 94.0 13118357708897136 71.5
183906200 92397041516 94.0 13120358726138736 71.5
183920500 92397041616 94.0 13120358937143344 71.5
183921700 92397041716 94.0 13120358937348144 71.5
187836100 92397041816 94.0 13120359148386544 71.5
187836500 92397042416 94.0 13120360414413552 71.5
187847200 92458558616 94.0 13174499920020208 71.8
188162100 92464378216 94.0 13177206923297520 71.8
192958500 92470382616 94.0 13179985131176688 71.8
192996600 92528313216 94.1 13232565523022448 72.1
196947600 92528313616 94.1 13232566367066032 72.1
196950800 92528313816 94.1 13232566789110032 72.1
196957000 92585472516 94.2 13284425105045776 72.4
197227300 92589085216 94.2 13286483854653712 72.4
200309300 92594328216 94.2 13289056946649360 72.4
200330400 92594328316 94.2 13289057157664560 72.4
200330800 92594328516 94.2 13289057368894960 72.4
200340900 92597220816 94.2 13289893830422000 72.4
200368400 92653109216 94.2 13340700382686704 72.7
203123600 92658892116 94.2 13343524847447536 72.7
203663000 92658892316 94.2 13343525269478544 72.7
203664100 92658893016 94.2 13343526746587024 72.7
203667300 92658893316 94.2 13343527379632720 72.7
203668900 92658893516 94.2 13343527801663312 72.7
203672100 92713731716 94.3 13393175077662544 73.0
203678500 92713731816 94.3 13393175288693040 73.0
205743000 92769391916 94.3 13443732049183024 73.3
205777300 92769504816 94.3 13443805826318640 73.3
205777500 92769505016 94.3 13443806248369840 73.3
205909100 92769505116 94.3 13443806459405040 73.3
205909300 92770742716 94.3 13444592251183856 73.3
206571500 92771389116 94.3 13445028226048752 73.3
206601900 92771949416 94.3 13445358560355056 73.3
208512900 92772495516 94.3 13445720784610032 73.3
209043600 92772495616 94.3 13445720784814832 73.3
209045200 92830688716 94.4 13497166012138224 73.5
209053200 92830688816 94.4 13497166223173120 73.5
209449600 92830898616 94.4 13497302548604416 73.5
209457100 92833672216 94.4 13498121096914432 73.6
209667400 92835957816 94.4 13499649276896768 73.6
209764100 92841995816 94.4 13501474639046144 73.6
213636400 92842314016 94.4 13501673976210944 73.6
213765200 92842670916 94.4 13501917102794240 73.6
213771800 92842671316 94.4 13501917946821568 73.6
213807500 92849516516 94.4 13503958177266624 73.6
213823000 92851063216 94.4 13504979135282112 73.6
213908100 92852170116 94.4 13505304283560896 73.6
214418300 92852275716 94.4 13505382866656192 73.6
214497700 92853050516 94.4 13505872358644672 73.6
214545600 92901593716 94.5 13554236173425600 73.9
217185600 92950123716 94.5 13602891718826944 74.1
217587800 92950123816 94.5 13602891929846640 74.1
217589400 92952879916 94.5 13603683655713648 74.1
217594700 92952880016 94.5 13603683655918448 74.1
217594900 92952880416 94.5 13603684499991152 74.1
217595800 92952880916 94.5 13603685555057136 74.1
217597100 92953095016 94.5 13603828077326832 74.1
217600300 92953095116 94.5 13603828288340336 74.1
217905500 92959831116 94.5 13605841871192432 74.1
218227200 92959831216 94.5 13605842082212128 74.1
218230400 92961631416 94.5 13606984666458400 74.1
222171200 93009233916 94.6 13654726860220704 74.4
222172800 93009234116 94.6 13654727071460512 74.4
222174200 93009234216 94.6 13654727282474016 74.4
222185400 93009234416 94.6 13654727704503616 74.4
222355300 93009234516 94.6 13654727915516816 74.4
222355900 93009234616 94.6 13654728126530016 74.4
222362100 93012810216 94.6 13657026455699936 74.4
222362500 93012810316 94.6 13657026666719536 74.4
222371000 93013026216 94.6 13657159458425136 74.4
222374800 93013026716 94.6 13657160513505456 74.4
223014500 93017126216 94.6 13658821865523376 74.4
223093600 93017813716 94.6 13659260206860464 74.4
223272500 93024529616 94.6 13661310033873072 74.4
228929100 93024530316 94.6 13661311510972080 74.4
228943000 93074014616 94.7 13710943872026288 74.7
228943800 93074014716 94.7 13710944083046096 74.7
228950800 93074014816 94.7 13710944294082496 74.7
229103300 93074237916 94.7 13711089365669824 74.7
229123900 93074889216 94.7 13711510322960320 74.7
229451500 93080326516 94.7 13713194590820288 74.7
229801600 93084038716 94.7 13714690944161728 74.7
229991100 93084038816 94.7 13714691155175024 74.7
230016000 93084582016 94.7 13715047366502000 74.7
230260300 93085785916 94.7 13715833147008624 74.7
235168700 93088604516 94.7 13717656013416048 74.7
235180500 93088604616 94.7 13717656224429744 74.7
235306000 93095182716 94.7 13719777341109936 74.8
235806800 93145259116 94.7 13769883629156016 75.0
235820700 93145259616 94.7 13769884684239024 75.0
235830200 93145260016 94.7 13769885528282416 75.0
235868400 93145260216 94.7 13769885950326608 75.0
235869100 93147868416 94.7 13770671516858192 75.0
235872100 93147868516 94.7 13770671727862592 75.0
235880800 93147868616 94.7 13770671938876288 75.0
235944400 93148283716 94.7 13770942918046592 75.0
235970100 93148283916 94.7 13770943340073088 75.0
242412800 93148284116 94.7 13770943762101696 75.0
242457400 93199166316 94.8 13821936168170944 75.3
242477700 93201727016 94.8 13822707770160576 75.3
242486500 93201727716 94.8 13822709247280192 75.3
242491600 93201727916 94.8 13822709669307008 75.3
242494300 93201728316 94.8 13822710513377600 75.3
242496600 93201728616 94.8 13822710935609088 75.3
242497200 93201728716 94.8 13822711146623888 75.3
242500000 93201729016 94.8 13822711779663504 75.3
242820200 93208322216 94.8 13824870479928976 75.3
243164700 93212502516 94.8 13827436706111120 75.3
243167300 93212502616 94.8 13827436917124720 75.3
251056300 93212502716 94.8 13827437128138224 75.3
251074800 93265317616 94.8 13880259387407856 75.6
251084100 93265317816 94.8 13880259598625648 75.6
251100600 93265318016 94.8 13880260020652240 75.6
251923200 93271893516 94.9 13883378177394896 75.7
252140600 93271893616 94.9 13883378388395504 75.7
252159300 93278432016 94.9 13885514242549232 75.7
262352500 93332405516 94.9 13939371492468208 76.0
262456400 93334876416 94.9 13940116909352432 76.0
263192700 93339456416 94.9 13942772164093424 76.0
263521500 93339456516 94.9 13942772375106720 76.0
263528400 93345932416 94.9 13944908519322784 76.0
263549700 93345932516 94.9 13944908730323280 76.0
263558400 93345932716 94.9 13944909152324272 76.0
274707600 93348470216 94.9 13945672230832816 76.0
274726900 93348470316 94.9 13945672441846016 76.0
274755100 93403617716 95.0 14001096062982400 76.3
275533000 93409316916 95.0 14004129789958400 76.3
275848900 93415765616 95.0 14006365198014720 76.3
286344500 93473575216 95.1 14063878161357056 76.6
286350700 93473575516 95.1 14063878794401664 76.6
286407000 93476111816 95.1 14064640523655040 76.6
287490100 93481248316 95.1 14067287101691776 76.7
287938100 93486852316 95.1 14069163745761152 76.7
287941400 93486852516 95.1 14069164167770144 76.7
287947200 93486852616 95.1 14069164378774144 76.7
301110800 93486853016 95.1 14069165222814144 76.7
301116200 93486853116 95.1 14069165433818752 76.7
301116800 93486853216 95.1 14069165644823360 76.7
301124200 93549084416 95.1 14130731102747456 77.0
302002000 93549084716 95.1 14130731735769856 77.0
302019900 93555074916 95.1 14133871173362432 77.0
302091200 93557627116 95.1 14134627492160256 77.0
302393200 93557627216 95.1 14134627703175056 77.0
302399400 93564083416 95.1 14136809555081104 77.0
302406400 93564083716 95.1 14136810188103632 77.0
302409900 93564084716 95.1 14136812298234000 77.0
302422000 93564084816 95.1 14136812509238192 77.0
316465300 93624182916 95.2 14195810658849712 77.4
317333300 93624183116 95.2 14195811080871728 77.4
317341600 93624183216 95.2 14195811291884832 77.4
317344600 93624183316 95.2 14195811502889440 77.4
317353000 93629502216 95.2 14198495407086048 77.4
317386000 93629502316 95.2 14198495618099344 77.4
317453200 93629502516 95.2 14198496040116944 77.4
317474100 93629502816 95.2 14198496673139152 77.4
317495400 93632058716 95.2 14199253977205200 77.4
317979800 93632058916 95.2 14199254399214416 77.4
317985600 93632059116 95.2 14199254821232304 77.4
318001500 93637905216 95.2 14201283804913328 77.4
319016400 93643006316 95.2 14203884684959408 77.4
319018800 93643006516 95.2 14203885106968624 77.4
334083200 93643007016 95.2 14203886162017456 77.4
334083800 93643007116 95.2 14203886373052656 77.4
334096500 93704948916 95.3 14264023578190064 77.7
334138300 93707448316 95.3 14264776795496688 77.7
335165100 93713980816 95.3 14268063755411696 77.7
335560600 93713980916 95.3 14268063966442192 77.7
335567000 93720579916 95.3 14270308706562768 77.8
335576500 93720580116 95.3 14270309128591664 77.8
335591800 93720580216 95.3 14270309339607056 77.8
350936500 93720580316 95.3 14270309550611360 77.8
350946100 93720581316 95.3 14270311660767008 77.8
350946600 93720581616 95.3 14270312293814816 77.8
350948800 93720581716 95.3 14270312504819216 77.8
350957100 93720582016 95.3 14270313137865008 77.8
350963500 93720582316 95.3 14270313770926000 77.8
350976400 93778416216 95.4 14326397260939184 78.1
350984000 93778416316 95.4 14326397471953984 78.1
350991400 93780879216 95.4 14327133305836608 78.1
352050800 93786827616 95.4 14330139463914560 78.1
352051000 93786827716 95.4 14330139674918864 78.1
352060500 93786827816 95.4 14330139885932464 78.1
352063700 93786828116 95.4 14330140518945456 78.1
352481500 93793586516 95.4 14332528082457264 78.1
352495200 93793586716 95.4 14332528504465968 78.1
352502900 93793586816 95.4 14332528715479472 78.1
368423600 93793586916 95.4 14332528926510576 78.1
368424200 93855860916 95.4 14392195555905008 78.4
368427000 93855861016 95.4 14392195766905616 78.4
368434500 93855861316 95.4 14392196399950416 78.4
369526300 93855861616 95.4 14392197033007184 78.4
369545700 93863063916 95.5 14395953451407440 78.4
369548500 93863064016 95.5 14395953662420736 78.4
369564800 93863064616 95.5 14395954928528384 78.4
370156700 93872108416 95.5 14399088197348352 78.5
386453400 93940536320 95.5 14464682930187264 78.8
387633000 93946572620 95.5 14467918699146240 78.8
387647200 93946572820 95.5 14467919121174240 78.8
387728400 93946572920 95.5 14467919332189040 78.8
387741300 93949111520 95.5 14468669748880240 78.8
387757300 93949111920 95.5 14468670592939440 78.8
387767400 93949113520 95.5 14468673969165744 78.8
388157200 93949113720 95.5 14468674391184944 78.8
388163200 93949114020 95.5 14468675024206128 78.8
388168100 93949114120 95.5 14468675235227728 78.8
388168500 93949114220 95.5 14468675446231920 78.8
388168600 93955904920 95.5 14471151185810288 78.9
388179500 93955905520 95.5 14471152451908080 78.9
388179700 93955905620 95.5 14471152662922880 78.9
389433400 93961955120 95.6 14474430788322944 78.9
406986900 93961955220 95.6 14474430999326944 78.9
406988900 94032753124 95.6 14542036473114848 79.2
406993000 94032753324 95.6 14542036895134048 79.2
406998500 94032754324 95.6 14542039005269472 79.2
407009600 94032754424 95.6 14542039216286576 79.2
407011000 94032754524 95.6 14542039427290976 79.2
407011600 94032754624 95.6 14542039638295376 79.2
407013600 94032754824 95.6 14542040060325584 79.2
407074000 94035369324 95.6 14542821988560592 79.2
407689100 94035369424 95.6 14542822199575392 79.2
407714200 94035369624 95.6 14542822621612480 79.2
407714500 94035370124 95.6 14542823676668352 79.2
407720700 94035370324 95.6 14542824098703360 79.2
407724300 94035370724 95.6 14542824942756032 79.2
407726500 94035370924 95.6 14542825364777920 79.2
407732300 94041664124 95.6 14545193073503168 79.3
407736400 94041664424 95.6 14545193706529472 79.3
408842800 94050488924 95.6 14550003926246080 79.3
408874700 94050489024 95.6 14550004137250480 79.3
427326900 94050489124 95.6 14550004348263984 79.3
427332300 94050489224 95.6 14550004559283376 79.3
427337600 94050489524 95.6 14550005192318448 79.3
427353700 94050489724 95.6 14550005614349456 79.3
427360100 94050489924 95.6 14550006036398352 79.3
427368200 94125299028 95.7 14620953443533072 79.7
427379500 94125299328 95.7 14620954076565072 79.7
427395000 94128189628 95.7 14621764853747280 79.7
427832400 94128189728 95.7 14621765064760976 79.7
427852100 94135223728 95.7 14624524128788112 79.7
429156700 94142532928 95.7 14628591888801424 79.7
429182200 94142533128 95.7 14628592310827824 79.7
429185600 94142533228 95.7 14628592521862224 79.7
447796900 94142533328 95.7 14628592732877024 79.7
447805000 94142533728 95.7 14628593576934752 79.7
447819900 94142534128 95.7 14628594421023584 79.7
447824000 94142534328 95.7 14628594843042976 79.7
447842600 94217180728 95.8 14699113105769632 80.1
447935700 94220025328 95.8 14699873564411040 80.1
449401600 94227730928 95.8 14704279235642528 80.1
449875800 94227731228 95.8 14704279868665120 80.1
449900100 94234501728 95.8 14707015924051232 80.1
449903400 94234502028 95.8 14707016557116128 80.1
449914200 94234502728 95.8 14707018034241376 80.1
466546600 94299826128 95.9 14768936216354656 80.5
466564700 94299826228 95.9 14768936427358960 80.5
466570300 94299826328 95.9 14768936638376560 80.5
466578600 94299826428 95.9 14768936849391952 80.5
466578800 94299826728 95.9 14768937482417936 80.5
466600600 94299827028 95.9 14768938115441744 80.5
466652500 94301941128 95.9 14769534534853712 80.5
468126700 94308844028 95.9 14773365897864272 80.5
468144600 94308844128 95.9 14773366108864880 80.5
468708600 94308844328 95.9 14773366530878992 80.5
468721900 94314734628 95.9 14775643604626960 80.5
468739600 94314734728 95.9 14775643815627568 80.5
487594900 94368772628 96.0 14826798440598320 80.8
487601600 94368773228 96.0 14826799706679600 80.8
487618100 94368773528 96.0 14826800339717168 80.8
487629400 94368774328 96.0 14826802027829808 80.8
487637600 94368774428 96.0 14826802238847312 80.8
487681500 94370442428 96.0 14827287792810320 80.8
489226800 94375969628 96.0 14830412361595216 80.8
489908900 94380980228 96.0 14832264360327504 80.8
508476200 94380980728 96.0 14832265415372496 80.8
508485100 94426218228 96.0 14874755723964112 81.1
508488300 94426218428 96.0 14874756145982096 81.1
508597500 94427703228 96.0 14875203614124688 81.1
510023000 94432521028 96.0 14877979373316752 81.1
510439900 94432521528 96.0 14877980428444944 81.1
510440300 94436902928 96.0 14879648077030672 81.1
531268500 94436903028 96.0 14879648288056272 81.1
531268700 94475268528 96.1 14915505028047824 81.3
532941800 94476498428 96.1 14915864977581008 81.3
532965800 94480077628 96.1 14917932762244048 81.3
533381500 94483951128 96.1 14919410920956880 81.3
533389300 94483951628 96.1 14919411976042576 81.3
533561000 94484534528 96.1 14919584080328784 81.3
550330600 94484674028 96.1 14919624937928784 81.3
550523900 94518324628 96.1 14951323145042000 81.5
551644700 94518325128 96.1 14951324200108368 81.5
551663600 94521737828 96.1 14953373906927952 81.5
551992900 94525187628 96.1 14954664267120976 81.5
552031100 94525187828 96.1 14954664689164272 81.5
552177200 94525188328 96.1 14954665744236144 81.5
552186200 94525906028 96.1 14954888430026352 81.5
552186400 94525906228 96.1 14954888852077552 81.5
562270900 94530640828 96.1 14957092218010608 81.5
564068700 94560534928 96.2 14985290481859568 81.7
564069100 94560535028 96.2 14985290692886576 81.7
564465800 94560535528 96.2 14985291747928688 81.7
564470400 94561332528 96.2 14985532720130672 81.7
564471700 94561332728 96.2 14985533142151280 81.7
564476000 94561333328 96.2 14985534408219120 81.7
564476800 94561333428 96.2 14985534619220016 81.7
564651900 94564057928 96.2 14987212133333040 81.7
564809200 94564082928 96.2 14987229918019632 81.7
564809400 94564083028 96.2 14987230129039328 81.7
564816500 94564083128 96.2 14987230340052832 81.7
569210800 94564083428 96.2 14987230973105760 81.7
569233500 94564768128 96.2 14987701557827168 81.7
569272800 94566329828 96.2 14988782553699936 81.7
571107800 94566401028 96.2 14988831234659936 81.7
571176800 94566558428 96.2 14988961495651936 81.7
571185300 94567585628 96.2 14989661117552224 81.7
571205800 94567586528 96.2 14989663016627424 81.7
571217200 94567586828 96.2 14989663649655712 81.7
571340900 94594592728 96.2 15015172483836832 81.8
571420500 94595574928 96.2 15015475777956768 81.8
571435900 94598777228 96.2 15016613790673824 81.8
571440500 94598777728 96.2 15016614845746528 81.8
572915900 94598806928 96.2 15016635674725728 81.8
573092300 94598807228 96.2 15016636307757344 81.8
573097900 94602025028 96.2 15017833843939616 81.8
573669700 94628490928 96.2 15042968212756768 82.0
573669900 94628491028 96.2 15042968423782176 82.0
583142100 94656545128 96.3 15069498122196768 82.1
583162000 94656545928 96.3 15069499810268320 82.1
583797000 94656546028 96.3 15069500021272928 82.1
583799800 94656546128 96.3 15069500232290528 82.1
583817900 94660345128 96.3 15071624139167776 82.1
584061700 94663710628 96.3 15072897505089568 82.1
584079600 94663710728 96.3 15072897716106272 82.1
584093100 94663710828 96.3 15072897927121072 82.1
584127000 94664773728 96.3 15073226587244720 82.1
596646100 94665073128 96.3 15073406642456752 82.1
596860500 94696747728 96.3 15103057853057200 82.3
596902100 94696842428 96.3 15103115242830000 82.3
598729800 94699044828 96.3 15104535465097392 82.3
598773900 94699044928 96.3 15104535676101792 82.3
598797600 94699114628 96.3 15104576229368992 82.3
598953800 94699718028 96.3 15104947910960288 82.3
598977500 94699718628 96.3 15104949177068448 82.3
599597000 94703012028 96.3 15106275652840352 82.3
599597600 94703012128 96.3 15106275863857856 82.3
599604000 94703013028 96.3 15106277762919616 82.3
599605200 94703013128 96.3 15106277973924016 82.3
599629400 94703013228 96.3 15106278184938816 82.3
624338800 94739016928 96.3 15140383465368896 82.5
624359700 94739018528 96.3 15140386841534272 82.5
626316500 94739018828 96.3 15140387474556480 82.5
626348000 94743462328 96.3 15142662756025920 82.5
626773600 94743462428 96.3 15142662967047920 82.5
626774200 94743462528 96.3 15142663178052528 82.5
626774400 94747319928 96.4 15144196364329904 82.5
626782100 94747320128 96.4 15144196786338800 82.5
626788300 94747320228 96.4 15144196997343104 82.5
626790300 94747321128 96.4 15144198896373888 82.5
629046700 94753094628 96.4 15147123001020544 82.5
654416300 94753095528 96.4 15147124900093696 82.5
654422700 94753095728 96.4 15147125322130112 82.5
654435000 94753096328 96.4 15147126588270784 82.5
654435800 94793709728 96.4 15184830931757248 82.7
654441600 94793709828 96.4 15184831142761440 82.7
654620500 94794813128 96.4 15185168735704032 82.7
655225600 94794813528 96.4 15185169579721248 82.7
655259000 94794813628 96.4 15185169790740944 82.7
655265900 94794814028 96.4 15185170634834448 82.7
655269600 94799120728 96.4 15186845961880080 82.8
655272000 94799121128 96.4 15186846805936592 82.8
655274700 94799121328 96.4 15186847227958384 82.8
657461600 94799121528 96.4 15186847649967376 82.8
657499400 94799121728 96.4 15186848072019472 82.8
657505000 94804204428 96.4 15189705106861584 82.8
657512900 94804205428 96.4 15189707216950544 82.8
657513300 94804205528 96.4 15189707427972144 82.8
687809600 94804206028 96.4 15189708483092528 82.8
687832800 94804206328 96.4 15189709116134448 82.8
687841000 94852176928 96.5 15234188883776560 83.0
687859100 94852177228 96.5 15234189516834672 83.0
688732500 94852177328 96.5 15234189727839280 83.0
688736900 94852177428 96.5 15234189938870080 83.0
688741000 94852177528 96.5 15234190149883680 83.0
688756000 94853688628 96.5 15234619656050464 83.0
688756700 94856990628 96.5 15235979607086880 83.0
688759000 94856990928 96.5 15235980240132080 83.0
688759800 94856991028 96.5 15235980451162976 83.0
688781100 94856991328 96.5 15235981084194080 83.0
688799600 94856991428 96.5 15235981295207680 83.0
688799800 94856991528 96.5 15235981506221184 83.0
688800400 94856991728 96.5 15235981928265792 83.0
691105500 94863410928 96.5 15239698091571264 83.0
691125000 94863411228 96.5 15239698724626560 83.0
691139700 94863411728 96.5 15239699779721664 83.0
722573000 94863411828 96.5 15239699990747456 83.0
722573400 94863411928 96.5 15239700201765248 83.0
722582100 94863412028 96.5 15239700412769648 83.0
722586900 94921250428 96.5 15292832001959280 83.3
722590500 94921250628 96.5 15292832423978288 83.3
722596400 94921250828 96.5 15292832845995504 83.3
722602200 94921251028 96.5 15292833268030800 83.3
722611100 94921251228 96.5 15292833690056992 83.3
723576400 94921251328 96.5 15292833901072592 83.3
723578600 94921251428 96.5 15292834112088192 83.3
723579200 94921251728 96.5 15292834745111808 83.3
723580200 94921251828 96.5 15292834956144512 83.3
723597700 94921252028 96.5 15292835378176128 83.3
723598700 94921252328 96.5 15292836011194816 83.3
723603000 94921252828 96.5 15292837066296128 83.3
723608400 94921252928 96.5 15292837277309728 83.3
723608500 94921253128 96.5 15292837699345440 83.3
723612000 94926009128 96.5 15294852664220704 83.3
723614800 94926009228 96.5 15294852875221312 83.3
723616200 94926009328 96.5 15294853086234912 83.3
723618000 94926009428 96.5 15294853297239008 83.3
723618400 94926009628 96.5 15294853719258720 83.3
723619800 94926010528 96.5 15294855618379616 83.3
723619900 94926010628 96.5 15294855829383712 83.3
723726800 94927794728 96.5 15295340000340512 83.3
723756400 94927795228 96.5 15295341055372128 83.3
723756800 94927795328 96.5 15295341266387328 83.3
723763000 94927795428 96.5 15295341477391632 83.3
723763600 94927795528 96.5 15295341688395936 83.3
726145000 94934334228 96.5 15299164364216480 83.4
726154100 94934334828 96.5 15299165630272800 83.4
759628200 94934337028 96.5 15299170272480544 83.4
759642700 94986821428 96.6 15347570720312608 83.6
760443500 94991255228 96.6 15349431207267616 83.6
760469200 94991255328 96.6 15349431418271616 83.6
760521800 94991255428 96.6 15349431629291216 83.6
760558400 94992445528 96.6 15349777667366608 83.6
763048200 94992445728 96.6 15349778089406096 83.6
763050800 94992445928 96.6 15349778511425904 83.6
763051600 94992446028 96.6 15349778722430304 83.6
763060900 94992446728 96.6 15349780199489504 83.6
763067300 94997271728 96.6 15352566553231328 83.7
763067900 94997272628 96.6 15352568452393824 83.7
763069900 94997272728 96.6 15352568663396224 83.7
786973000 95034349928 96.6 15387012908601216 83.8
786989100 95034350028 96.6 15387013119614624 83.8
787465300 95034350828 96.6 15387014807726880 83.8
787504900 95037780528 96.6 15388425552702240 83.9
787510800 95037780828 96.6 15388426185733024 83.9
787527400 95037780928 96.6 15388426396746528 83.9
787527600 95037781028 96.6 15388426607771936 83.9
787569100 95038652028 96.6 15388683819172128 83.9
789138100 95042415028 96.7 15390932258372736 83.9
789139100 95042415428 96.7 15390933102399040 83.9
789144200 95042415728 96.7 15390933735421248 83.9
789146000 95042415928 96.7 15390934157429856 83.9
821597100 95070761128 96.7 15417297195175008 84.0
822469700 95072788228 96.7 15418364286602336 84.0
822563400 95075544528 96.7 15419483677133920 84.0
825494300 95077699328 96.7 15420814523108448 84.0
825499800 95077699528 96.7 15420814945125856 84.0
825529100 95077699828 96.7 15420815578156768 84.0
834203100 95077752628 96.7 15420853590675168 84.0
834591200 95080211928 96.7 15421850180832992 84.0
835075700 95081353528 96.7 15422337374015200 84.0
835094600 95081353628 96.7 15422337585030000 84.0
835102300 95081353828 96.7 15422338007049104 84.0
835102800 95104122028 96.7 15443719698523024 84.2
835124500 95104122128 96.7 15443719909536528 84.2
836246800 95105549628 96.7 15444277746070288 84.2
837313900 95106513228 96.7 15444937823351568 84.2
837931600 95106513628 96.7 15444938667406672 84.2
837957600 95106630528 96.7 15445022631925072 84.2
844808000 95106702728 96.7 15445066769499472 84.2
844816400 95106703128 96.7 15445067613534160 84.2
845442100 95127918528 96.7 15464936004319184 84.3
847587400 95129117128 96.7 15465735687894992 84.3
847640000 95129117728 96.7 15465736953977168 84.3
847650100 95132389828 96.7 15467008351590736 84.3
848220500 95133130828 96.7 15467511262894416 84.3
867728100 95133131528 96.7 15467512740001360 84.3
867734900 95158296528 96.8 15490862367454800 84.4
867736200 95158296628 96.8 15490862578469600 84.4
867752500 95158297028 96.8 15490863422524896 84.4
869268300 95158297228 96.8 15490863844552096 84.4
869284300 95161964528 96.8 15493073850068384 84.4
869757100 95165718628 96.8 15494612462595488 84.4
869767100 95165718728 96.8 15494612673608896 84.4
869770300 95165719328 96.8 15494613939689152 84.4
869797600 95165719528 96.8 15494614361715360 84.4
869805300 95165719628 96.8 15494614572728656 84.4
900723300 95165720428 96.8 15494616260837072 84.4
900737000 95165720528 96.8 15494616471850576 84.4
900765200 95165720628 96.8 15494616682869968 84.4
900770400 95197262828 96.8 15523856639866064 84.6
900774500 95197263128 96.8 15523857272917776 84.6
903879500 95197263228 96.8 15523857483931072 84.6
903896400 95197263828 96.8 15523858750028736 84.6
903908700 95197264028 96.8 15523859172062944 84.6
903909700 95200773628 96.8 15525891164501728 84.6
905176900 95200773728 96.8 15525891375523328 84.6
905191800 95200774328 96.8 15525892641626368 84.6
905200100 95200774428 96.8 15525892852641568 84.6
905211000 95203163428 96.8 15526933169205024 84.6
946455400 95241129828 96.9 15561534711295776 84.8
946547600 95241130028 96.9 15561535133315168 84.8
946557900 95242053828 96.9 15561821052727392 84.8
949744900 95247440628 96.9 15564894665699424 84.8
949762000 95247441228 96.9 15564895931864160 84.8
949770100 95247441328 96.9 15564896142880864 84.8
949770300 95247441428 96.9 15564896353897760 84.8
949770700 95247441528 96.9 15564896564932352 84.8
949778500 95247441628 96.9 15564896775945952 84.8
949780100 95247441728 96.9 15564896986950256 84.8
949780300 95247441928 96.9 15564897408988944 84.8
949780500 95247442728 96.9 15564899097090576 84.8
949793200 95247443028 96.9 15564899730167760 84.8
949793400 95247443128 96.9 15564899941185552 84.8
949799700 95247443228 96.9 15564900152216448 84.8
949800700 95247443328 96.9 15564900363234448 84.8
950415900 95251509328 96.9 15566711882214544 84.8
950417900 95251509428 96.9 15566712093228048 84.8
950428600 95251509628 96.9 15566712515274640 84.8
950513800 95252774328 96.9 15567075975341968 84.8
950523700 95252775128 96.9 15567077663431568 84.8
950525500 95252775228 96.9 15567077874445168 84.8
950535200 95252775328 96.9 15567078085445776 84.8
950535600 95252775728 96.9 15567078929486480 84.8
992054500 95299040928 96.9 15609298076324496 85.1
995414900 95299041128 96.9 15609298498363280 85.1
995422900 95299041228 96.9 15609298709376272 85.1
995423500 95299041628 96.9 15609299553434640 85.1
995434400 95299041828 96.9 15609299975452624 85.1
995434600 95304161828 96.9 15612357518997456 85.1
996750700 95304162128 96.9 15612358152028752 85.1
996763200 95306796828 96.9 15613534963368528 85.1
996814600 95306796928 96.9 15613535174394320 85.1
996814800 95307659128 96.9 15613788692021712 85.1
1032339400 95337554928 97.0 15641223881949648 85.2
1035791900 95341251728 97.0 15643423356355024 85.2
1035815900 95341252128 97.0 15643424200413840 85.2
1036553500 95343888128 97.0 15644586198258320 85.2
1036642900 95343888428 97.0 15644586831313744 85.2
1036652600 95344493628 97.0 15644764359949136 85.2
1065672300 95365678928 97.0 15664524225215312 85.4
1066313600 95368079128 97.0 15666083105536848 85.4
1066634200 95368570028 97.0 15666238916361040 85.4
1066682000 95370645428 97.0 15667093799074640 85.4
1066696300 95370645528 97.0 15667094010089744 85.4
1075758400 95372637128 97.0 15668518052319504 85.4
1075814100 95372637328 97.0 15668518474346704 85.4
1075842900 95374607328 97.0 15669335595086032 85.4
1075847500 95374608428 97.0 15669337916252112 85.4
1075983700 95375116528 97.0 15669488804290512 85.4
1075987100 95375116628 97.0 15669489015295920 85.4
1076001200 95375116828 97.0 15669489437323120 85.4
1076019800 95375116928 97.0 15669489648336720 85.4
1076022800 95375117128 97.0 15669490070368208 85.4
1076581500 95393404628 97.0 15686580038840272 85.5
1113533700 95415561428 97.0 15706934887100368 85.6
1114844900 95418613528 97.0 15708817880952784 85.6
1116384300 95420847828 97.0 15709818691760080 85.6
1120107500 95422121328 97.0 15710610799308752 85.6
1120221100 95422745328 97.0 15710802223607760 85.6
1120233400 95422747728 97.0 15710807287808976 85.6
1120233800 95422747828 97.0 15710807498835984 85.6
1120249700 95422748028 97.0 15710807920871792 85.6
1166733100 95422748228 97.0 15710808342905104 85.6
1166733300 95422750528 97.0 15710813196245776 85.6
1166749200 95422750728 97.0 15710813618250768 85.6
1166762100 95454265928 97.1 15739650141922320 85.8
1166772800 95454266028 97.1 15739650352957520 85.8
1167525400 95457331828 97.1 15741031857473616 85.8
1167530700 95457332028 97.1 15741032279483504 85.8
1167551200 95457332128 97.1 15741032490518096 85.8
1170460800 95462629828 97.1 15744139137042000 85.8
1170473800 95462629928 97.1 15744139348055504 85.8
1170509900 95462630128 97.1 15744139770108112 85.8
1170510300 95462630928 97.1 15744141458157136 85.8
1170525800 95462631128 97.1 15744141880184144 85.8
1170532000 95463473728 97.1 15744389926767952 85.8
1170536700 95463474528 97.1 15744391614865104 85.8
1170539300 95463475328 97.1 15744393302998352 85.8
1175023600 95466124928 97.1 15745996633898320 85.8
1228803900 95500425028 97.1 15777250108472656 86.0
1230379600 95503089828 97.1 15778460965764432 86.0
1230489500 95503089928 97.1 15778461176777536 86.0
1230492200 95503090028 97.1 15778461387791136 86.0
1230492400 95503090128 97.1 15778461598804736 86.0
1230494600 95503658828 97.1 15778628234324736 86.0
1230506900 95503664528 97.1 15778640262025024 86.0
1230509100 95503664628 97.1 15778640473025824 86.0
1231130700 95506613128 97.1 15780450275749152 86.0
1231131400 95506613228 97.1 15780450486762448 86.0
1231144000 95506613428 97.1 15780450908776336 86.0
1231144200 95506614028 97.1 15780452174843152 86.0
1275035900 95506738728 97.1 15780524663803152 86.0
1275051200 95507101828 97.1 15780764366540048 86.0
1276117500 95507101928 97.1 15780764577553344 86.0
1276118400 95507102028 97.1 15780764788566336 86.0
1276130600 95527780828 97.1 15799728537184576 86.1
1276136500 95527780928 97.1 15799728748185376 86.1
1279409500 95527847428 97.1 15799772834252576 86.1
1279439700 95528251328 97.1 15799899353548576 86.1
1279462500 95528251628 97.1 15799899986590496 86.1
1279545100 95528253628 97.1 15799904206848288 86.1
1279555900 95530212328 97.1 15800756688453920 86.1
1279572300 95530212628 97.1 15800757321512096 86.1
1280706600 95530581428 97.1 15801000832185504 86.1
1293912100 95532445328 97.2 15802265888142496 86.1
1293959800 95532844628 97.2 15802391524750496 86.1
1293973500 95532846228 97.2 15802394901037472 86.1
1295022000 95547998328 97.2 15816733143941536 86.2
1295208900 95549595428 97.2 15817411517039008 86.2
1295615200 95550929228 97.2 15818000671326624 86.2
1332074500 95550929428 97.2 15818001093348032 86.2
1332088000 95569431428 97.2 15835357155805888 86.3
1336705400 95571383528 97.2 15836500806322880 86.3
1336721500 95571385228 97.2 15836504393525184 86.3
1336724100 95571385528 97.2 15836505026565312 86.3
1336733200 95571387028 97.2 15836508191805632 86.3
1336735100 95571387128 97.2 15836508402840032 86.3
1397820800 95596949628 97.2 15859901607014880 86.4
1398992900 95596949828 97.2 15859902029046272 86.4
1399004100 95600023428 97.2 15861219667681792 86.4
1399018100 95600025328 97.2 15861223676929792 86.4
1402382500 95604468228 97.2 15863926202787584 86.4
1402382600 95604469428 97.2 15863928734947136 86.4
1402402900 95604469928 97.2 15863929790027456 86.4
1402409700 95604470128 97.2 15863930212043744 86.4
1402417500 95604470228 97.2 15863930423044352 86.4
1402523200 95605036428 97.2 15864095107442944 86.4
1402535200 95605036528 97.2 15864095318460544 86.4
1402535600 95605036928 97.2 15864096162524672 86.4
1402563700 95605037028 97.2 15864096373539568 86.4
1407524500 95607126728 97.2 15865379819029232 86.5
1464078400 95630049728 97.2 15886390461399792 86.6
1465561400 95632044728 97.3 15887334714049264 86.6
1465579600 95632045828 97.3 15887337035117552 86.6
1465618700 95632400928 97.3 15887444407866352 86.6
1465935200 95634206028 97.3 15888640241161200 86.6
1495293000 95648174328 97.3 15901516993516528 86.6
1495623200 95648176828 97.3 15901522268771312 86.6
1495632000 95649551928 97.3 15902155785360368 86.7
1495702800 95649872328 97.3 15902255978435568 86.7
1495718100 95649872728 97.3 15902256822470960 86.7
1499601600 95651904928 97.3 15903571274615088 86.7
1548552100 95667904028 97.3 15918269637314864 86.7
1549802700 95667904128 97.3 15918269848356656 86.7
1549809600 95667904228 97.3 15918270059396464 86.7
1549813100 95669431728 97.3 15918945365409136 86.7
1549817100 95669433728 97.3 15918949585545840 86.7
1549876800 95669930628 97.3 15919101767477872 86.7
1549880600 95669932328 97.3 15919105355129968 86.7
1554293100 95673908428 97.3 15921489599636592 86.8
1624824100 95698976828 97.3 15944288821159024 86.9
1626594300 95698977028 97.3 15944289243188112 86.9
1626605800 95701118828 97.3 15945306829179792 86.9
1626622100 95701120228 97.3 15945309783310480 86.9
1632992800 95702941928 97.3 15946402100134032 86.9
1633014000 95702942328 97.3 15946402944184656 86.9
1633061700 95703353328 97.3 15946519933727056 86.9
1633087900 95703354528 97.3 15946522465868624 86.9
1691277100 95704948328 97.3 15947598831360848 86.9
1691407200 95705198028 97.3 15947669222349648 86.9
1691422100 95705198428 97.3 15947670066392336 86.9
1693095400 95705199328 97.3 15947671965514512 86.9
1693114600 95721083228 97.3 15962560192822032 87.0
1693567300 95722513328 97.3 15963203319610128 87.0
1729692800 95733905528 97.4 15974059042388752 87.0
1730846500 95733905728 97.4 15974059464396752 87.0
1730859200 95735022928 97.4 15974553145937872 87.0
1730875500 95735023828 97.4 15974555045096528 87.0
1737099700 95736898628 97.4 15975693608971344 87.1
1737106200 95736898828 97.4 15975694031042544 87.1
1737213400 95737216728 97.4 15975790432450544 87.1
1737240800 95737217528 97.4 15975792120510320 87.1
1813756300 95756049728 97.4 15993062220707696 87.1
1815763600 95757721428 97.4 15993874703791984 87.2
1821899000 95761153128 97.4 15996008574564208 87.2
1821970700 95761480228 97.4 15996098533988208 87.2
1890768200 95774497128 97.4 16008279697725296 87.2
1891733200 95775663128 97.4 16008833058477936 87.2
1891743800 95775664628 97.4 16008836223545968 87.2
1893782500 95777146928 97.4 16009774028370544 87.2
1893807200 95777147328 97.4 16009774872514032 87.2
1893821600 95777305828 97.4 16009826397531632 87.2
1938427800 95786641028 97.4 16018800737988080 87.3
1939421200 95787555428 97.4 16019209090313712 87.3
1944248400 95787557428 97.4 16019213310596080 87.3
1944248800 95789407328 97.4 16020324614509552 87.3
1944401200 95789633528 97.4 16020386475783152 87.3
2031680400 95804701428 97.4 16034208095777776 87.4
2034014400 95805928428 97.4 16034812505404400 87.4
2040623500 95808051528 97.4 16036111427351536 87.4
2040650700 95808052728 97.4 16036113959440112 87.4
2040690600 95808202828 97.4 16036161404597488 87.4
2089582300 95816315128 97.4 16043875660264688 87.4
2090495900 95817079528 97.4 16044238978905328 87.4
2092773500 95818172128 97.4 16044983414322416 87.4
2092917200 95818307128 97.4 16045026655999216 87.4
2092930700 95818307528 97.4 16045027500026992 87.4
2180160900 95829099728 97.5 16054936367066224 87.5
2181858000 95830077428 97.5 16055430139833456 87.5
2188837800 95831902228 97.5 16056577743350896 87.5
2188937000 95832088428 97.5 16056632190864496 87.5
2263574700 95841069828 97.5 16064896617581680 87.5
2265039300 95841852028 97.5 16065273930746992 87.5
2270778800 95843108728 97.5 16066060966005872 87.5
2270810800 95843111928 97.5 16066067718125680 87.5
2270883000 95843225228 97.5 16066102096877680 87.5
2351258800 95850196928 97.5 16072698651269232 87.6
2352858700 95850839028 97.5 16073010786982000 87.6
2358168400 95852048928 97.5 16073769606633584 87.6
2358259600 95852182728 97.5 16073806035638384 87.6
2366361100 95853124728 97.5 16074412793813104 87.6
2366373900 95853129128 97.5 16074422078535792 87.6
2454146300 95860694028 97.5 16081513258809456 87.6
2455462500 95861316528 97.5 16081814075406448 87.6
2455493500 95861316728 97.5 16081814497482960 87.6
2458426400 95862051328 97.5 16082271006316752 87.6
2538641500 95867034828 97.5 16086905814997200 87.7
2540780900 95867497828 97.5 16087131043895504 87.7
2549512900 95868259828 97.5 16087635778410704 87.7
2549544700 95868260428 97.5 16087637044506448 87.7
2640304900 95873162828 97.5 16092164422905680 87.7
2642058300 95873667128 97.5 16092388520488784 87.7
2646215000 95874087728 97.5 16092668492541776 87.7
2744329800 95877808428 97.5 16095948111638352 87.7
2746544700 95878171628 97.5 16096117737811792 87.7
2746565800 95878172328 97.5 16096119214906448 87.7
2749863900 95878560728 97.5 16096398154767440 87.7
2817800800 95880889828 97.5 16098464236805200 87.7
2819251000 95881137928 97.5 16098575244401744 87.7
2819258300 95881139128 97.5 16098577776567120 87.7
2819259900 95881140028 97.5 16098579675708368 87.7
2828536100 95881372728 97.5 16098756570381264 87.7
2959234100 95883779528 97.5 16100902699793360 87.7
2961322700 95883956928 97.5 16100989412195280 87.7
2966222300 95884045528 97.5 16101053673110480 87.7
2968204000 95884060128 97.5 16101057863113680 87.7
3049767000 95884774528 97.5 16101702833363920 87.7
3051401100 95884802728 97.5 16101716583122896 87.7
3051427000 95884803228 97.5 16101716839737296 87.7
3063040600 95884806228 97.5 16101719514917584 87.7