# 42197336064 11238516369391616 950340 1991237900 1714701883104900 0 0
0 23473029120 55.6 -2165894025314304 -19.3
970300 28000011776 66.4 992113554620416 8.8
1692400 29477713664 69.9 1936630550102016 17.2
2349400 30356455360 71.9 2492635071643648 22.2
2965200 30974208128 73.4 2882679607394304 25.7
3547500 31448939744 74.5 3184979370573824 28.3
4113300 31833322752 75.4 3430943389908992 30.5
4656500 32155146624 76.2 3638238661050368 32.4
5182000 32431368128 76.9 3817358594408448 34.0
5691600 32672607024 77.4 3974782987010048 35.4
6190500 32887394416 77.9 4116026258096128 36.6
6686100 33079456720 78.4 4242747741437952 37.8
7166000 33252818320 78.8 4357671956250624 38.8
7642700 33411134320 79.2 4463164867477504 39.7
8101100 33556404624 79.5 4560180092076032 40.6
8556600 33690761424 79.8 4650467082633216 41.4
9002400 33814953024 80.1 4734076254683136 42.1
9448600 33930621520 80.4 4812210593333248 42.8
9879300 34038974624 80.7 4885573634359296 43.5
10321200 34140617728 80.9 4954595663020032 44.1
10739000 34140617828 80.9 4954595874061136 44.1
10739200 34236195228 81.1 5019879641201488 44.7
11575300 34236197228 81.1 5019888532123472 44.7
11576000 34411656012 81.5 5140057497595728 45.7
12404600 34411656512 81.5 5140058394414928 45.7
12406900 34568986896 81.9 5248159399366480 46.7
13204200 34711220800 82.3 5346210482835280 47.6
13205700 34711222200 82.3 5346214241523536 47.6
14001300 34841115896 82.6 5436081357084496 48.4
14003400 34841116896 82.6 5436086076558160 48.4
14776100 34960240496 82.8 5518907356990288 49.1
14779300 34960241796 82.8 5518910950352464 49.1
15553100 35069876796 83.1 5595292506138192 49.8
15556000 35069877496 83.1 5595294034504784 49.8
16315300 35171425496 83.3 5666476180057168 50.4
16316500 35171427496 83.3 5666483290990672 50.4
17053200 35265776792 83.6 5732944374098000 51.0
17056100 35265778092 83.6 5732947351556176 51.0
17803300 35353926396 83.8 5795007129178192 51.6
17809100 35353926996 83.8 5795008331354192 51.6
18530200 35436295700 84.0 5853327599308880 52.1
18536600 35436295800 84.0 5853327839948880 52.1
18539200 35436296300 84.0 5853330758963280 52.1
19598800 35550249500 84.2 5934078819373136 52.8
19610700 35550250500 84.2 5934080671539536 52.8
20666300 35550251300 84.2 5934082640626000 52.8
20668600 35654698004 84.5 6008344957206864 53.5
20669300 35654698704 84.5 6008346953187664 53.5
21698400 35750555008 84.7 6076801131807056 54.1
21701000 35750556208 84.7 6076807270573904 54.1
22745000 35750557208 84.7 6076809679636304 54.1
22746600 35839210712 84.9 6140445789947728 54.6
23755100 35839211212 84.9 6140446808622928 54.6
23755400 35839211312 84.9 6140446815176528 54.6
23757200 35921276912 85.1 6199502665828176 55.2
24732800 35921277512 85.1 6199504935012176 55.2
24734900 35921278012 85.1 6199506417354576 55.2
24737600 35997794716 85.3 6254596801038160 55.7
25758000 35997795116 85.3 6254598132647760 55.7
25759900 35997795816 85.3 6254601300698960 55.7
25761100 35997796416 85.3 6254604231936080 55.7
25780900 36070252720 85.5 6306374891112528 56.1
26999900 36070253420 85.5 6306376674715728 56.1
27003700 36070253920 85.5 6306377383470160 56.1
27005000 36161055216 85.7 6371583006532688 56.7
28303600 36161055716 85.7 6371583387460688 56.7
28309500 36246589916 85.9 6432939079853136 57.2
28312400 36246590416 85.9 6432942823597136 57.2
29576300 36327339016 86.1 6491093707023440 57.8
29577200 36327339516 86.1 6491097060418640 57.8
29581200 36327339616 86.1 6491097271458640 57.8
29589500 36327340816 86.1 6491100534478416 57.8
30839000 36403667120 86.3 6546147762968144 58.2
30841200 36403667920 86.3 6546149798475344 58.2
32033000 36475596624 86.4 6597951008962128 58.7
32035300 36475597224 86.4 6597951761744528 58.7
32048600 36475599424 86.4 6597957331383952 58.7
32274500 36480207024 86.5 6602234528724624 58.7
33555100 36480207224 86.5 6602235130314000 58.7
33559900 36558846520 86.6 6658056912534800 59.2
33560000 36558846920 86.6 6658057373130000 59.2
33756300 36564321220 86.7 6663136005233936 59.3
34998500 36564321420 86.7 6663136143678736 59.3
35004300 36637983420 86.8 6715459125583120 59.8
35018100 36637984120 86.8 6715462374939920 59.8
35023200 36637984620 86.8 6715466095613456 59.8
35259800 36643208420 86.8 6720313148134928 59.8
36480600 36712226324 87.0 6769569372395024 60.2
36481500 36712226524 87.0 6769569791006224 60.2
36485500 36712226824 87.0 6769569933547024 60.2
36487300 36712227224 87.0 6769570421585424 60.2
36707300 36717196924 87.0 6774198560273936 60.3
37948100 36781935924 87.2 6820427784697360 60.7
37953500 36781936424 87.2 6820429648377360 60.7
37955300 36781937224 87.2 6820430863455760 60.7
37961600 36781937424 87.2 6820432186258960 60.7
38209800 36787553324 87.2 6825643814499856 60.7
39689900 36787553824 87.2 6825645294749712 60.7
39692800 36860597624 87.4 6877812063995920 61.2
39692900 36860598324 87.4 6877813646075920 61.2
39701000 36860598824 87.4 6877816376264720 61.2
39721500 36860599524 87.4 6877818502644752 61.2
39959900 36865976024 87.4 6882818718041104 61.2
41233800 36933927624 87.5 6931577653036048 61.7
41240700 36933927724 87.5 6931577714066448 61.7
41247400 36933928324 87.5 6931581613677584 61.7
41251700 36933928524 87.5 6931582420794384 61.7
41488700 36939031724 87.5 6936314042399760 61.7
43078100 36939032024 87.5 6936315135007760 61.7
43079700 36939032524 87.5 6936316496108560 61.7
43081300 37003128824 87.7 6982395379899408 62.1
43095400 37003128924 87.7 6982395634465808 62.1
43102400 37003129024 87.7 6982395845502304 62.1
43413800 37007970124 87.7 6986882962253152 62.2
44629500 37007970324 87.7 6986883456435552 62.2
44633500 37007970724 87.7 6986884559897952 62.2
44638800 37007971424 87.7 6986887550053984 62.2
44639700 37068764024 87.8 7030250714279520 62.6
44650200 37068764324 87.8 7030250944065120 62.6
44868400 37074176724 87.9 7035282776125024 62.6
46534800 37074177024 87.9 7035283514091040 62.6
46540400 37074178124 87.9 7035285239326240 62.6
46541100 37074178524 87.9 7035285757385440 62.6
46553700 37141426324 88.0 7082863991610080 63.0
46554300 37141426624 88.0 7082864410895680 63.0
46899700 37146609624 88.0 7087670619284800 63.1
48534100 37146610324 88.0 7087673150085440 63.1
48535600 37208464824 88.2 7132286573418816 63.5
48537200 37208465424 88.2 7132288227588416 63.5
48549200 37208465724 88.2 7132288551172416 63.5
48808400 37213419024 88.2 7136897093548352 63.5
50262300 37213420724 88.2 7136901953316672 63.5
50273900 37213421224 88.2 7136903188740416 63.5
50279200 37271539724 88.3 7179042874489152 63.9
50282500 37271540024 88.3 7179043674712128 63.9
50616100 37276928124 88.3 7184031884961856 63.9
52331500 37276928224 88.3 7184031975688256 63.9
52336800 37338930124 88.5 7229138976327744 64.3
52342600 37338930424 88.5 7229142283847744 64.3
52348800 37338931124 88.5 7229144248903744 64.3
52359900 37338931624 88.5 7229145427937344 64.3
52664100 37343991324 88.5 7233835796465728 64.4
54388200 37343991524 88.5 7233836446091328 64.4
54395600 37401849124 88.6 7275867142850624 64.7
54396400 37401849324 88.6 7275868483266624 64.7
54402500 37401849524 88.6 7275868903106624 64.7
54404700 37401849924 88.6 7275869759580224 64.7
54405600 37401850024 88.6 7275869784975424 64.7
54415000 37401850524 88.6 7275871475189824 64.7
54789900 37407239724 88.6 7280877112248384 64.8
56710900 37407240024 88.6 7280877654353984 64.8
56714700 37407240324 88.6 7280878447953984 64.8
56716500 37407240624 88.6 7280878761707584 64.8
56730800 37407241024 88.6 7280879170283584 64.8
56742500 37407241224 88.6 7280879276165184 64.8
56744200 37468218124 88.8 7325501658531904 65.2
57069500 37473332724 88.8 7330249840298048 65.2
58846400 37473333024 88.8 7330250431350848 65.2
58851700 37473333324 88.8 7330250949290048 65.2
58854000 37530802824 88.9 7372080852133952 65.6
58870200 37530802924 88.9 7372080919308352 65.6
58873700 37530803424 88.9 7372081484556352 65.6
58879000 37530803624 88.9 7372082069874752 65.6
58889600 37530803824 88.9 7372082350450752 65.6
59255300 37535652024 89.0 7376575170406464 65.6
59276800 37535652324 89.0 7376575929395264 65.6
61249600 37594729324 89.1 7419785355601984 66.0
61254200 37594729624 89.1 7419785630443584 66.0
61256700 37594730024 89.1 7419786435459264 66.0
61262000 37594730224 89.1 7419787180931264 66.0
61266500 37594730324 89.1 7419787578038464 66.0
61293300 37594730724 89.1 7419793446156480 66.0
61603600 37594730824 89.1 7419793495103680 66.0
61623000 37599841524 89.1 7424535899740352 66.1
63667000 37599842424 89.1 7424542116853952 66.1
63683000 37599842524 89.1 7424542203279552 66.1
63695700 37655082524 89.2 7465043908458688 66.4
63720100 37655082724 89.2 7465046062135488 66.4
64055700 37655083224 89.2 7465048089860288 66.4
64102600 37659921924 89.2 7469549313104064 66.5
65935600 37716489924 89.4 7511192049326272 66.8
65945300 37716490724 89.4 7511193601505472 66.8
65958700 37716491624 89.4 7511196662651072 66.8
65976600 37716492224 89.4 7511204215060672 66.8
66330400 37721479724 89.4 7515830420699328 66.9
66341500 37721479924 89.4 7515831244609728 66.9
68653200 37721480124 89.4 7515831393294528 66.9
68672100 37774296124 89.5 7554830400985280 67.2
68677000 37774297024 89.5 7554832655833280 67.2
68680500 37774297424 89.5 7554833835686080 67.2
69123600 37774298024 89.5 7554834537535680 67.2
69125400 37778968624 89.5 7559158389168320 67.3
71339300 37778969024 89.5 7559159233231616 67.3
71340100 37832602124 89.7 7598832248797952 67.6
71361900 37832602424 89.7 7598832618257152 67.6
71375100 37832602924 89.7 7598833803434752 67.6
71758700 37832603324 89.7 7598834421316352 67.6
71780000 37837439024 89.7 7603332320574208 67.7
73577800 37837439524 89.7 7603333009931008 67.7
73587500 37837439924 89.7 7603333725911808 67.7
73605300 37837440124 89.7 7603334436977408 67.7
73609200 37887659224 89.8 7640584751250176 68.0
74129700 37892651724 89.8 7645203520387840 68.0
74744100 37897262924 89.8 7650650636253952 68.1
76660500 37897263424 89.8 7650651421469824 68.1
76661700 37942846224 89.9 7681896396287104 68.4
76668400 37942846624 89.9 7681898000075904 68.4
76681200 37942847124 89.9 7681898705407104 68.4
76693000 37942847324 89.9 7681899318783104 68.4
77186300 37947616424 89.9 7686309442792576 68.4
77212000 37947617224 89.9 7686310414455040 68.4
77570400 37952780524 89.9 7692410190762240 68.4
77575400 37952781124 89.9 7692411371024640 68.4
79166500 37952781224 89.9 7692412084343040 68.4
79177700 37952781924 89.9 7692412881367232 68.4
79190400 37952782324 89.9 7692413460951232 68.4
79191800 37952782724 89.9 7692416043888832 68.4
79223400 37995116224 90.0 7721610880659648 68.7
79582900 37999919424 90.1 7726080980070592 68.7
79609800 37999919824 90.1 7726081822208192 68.7
80130600 37999920024 90.1 7726082376601792 68.7
80176000 38005097424 90.1 7732168463225024 68.8
81687200 38047662224 90.2 7761690457804992 69.1
81699100 38047662824 90.2 7761692299776192 69.1
81719300 38047663824 90.2 7761694420275392 69.1
81747000 38047664224 90.2 7761695292793024 69.1
81747200 38047664324 90.2 7761695503825328 69.1
82228200 38052576124 90.2 7766244687362480 69.1
82766100 38057837324 90.2 7772360278817200 69.2
84583200 38057838024 90.2 7772361618464688 69.2
84585100 38057838624 90.2 7772365079789488 69.2
84598800 38100541924 90.3 7802060659834800 69.4
84600100 38100542324 90.3 7802061509140400 69.4
84603900 38100542724 90.3 7802062092966896 69.4
84604300 38100542824 90.3 7802062303984192 69.4
85167200 38105127624 90.3 7806316317571648 69.5
85229900 38105128224 90.3 7806317378988352 69.5
85641700 38105128624 90.3 7806318209042752 69.5
85707500 38110128624 90.3 7812209599220032 69.5
87609100 38110128824 90.3 7812210166106432 69.5
87665100 38152636924 90.4 7841856010094912 69.8
87682000 38152637024 90.4 7841856059656512 69.8
87687600 38152637324 90.4 7841856224110912 69.8
87708000 38152637624 90.4 7841856351701312 69.8
88306000 38157276624 90.4 7846163723127104 69.8
88859800 38162271324 90.4 7851984157739328 69.9
88873300 38162271524 90.4 7851984951953728 69.9
90859000 38201988124 90.5 7879687505692992 70.1
90884100 38201988424 90.5 7879687940073792 70.1
90887900 38201988924 90.5 7879688071964992 70.1
90895700 38201989024 90.5 7879688271644992 70.1
90938600 38201989324 90.5 7879689404188992 70.1
90963100 38201989524 90.5 7879689561475392 70.1
91410300 38206634724 90.5 7884008745634112 70.2
91973000 38211587024 90.6 7889745137404224 70.2
92001300 38211587524 90.6 7889745909295424 70.2
93506600 38211587924 90.6 7889750138620224 70.2
93519100 38251116224 90.6 7917506612234560 70.4
93523700 38251116724 90.6 7917507457034560 70.4
93553800 38251116824 90.6 7917507668049664 70.4
93560600 38251117124 90.6 7917508413316864 70.4
94294000 38255803924 90.7 7921862720839424 70.5
94890900 38260811824 90.7 7927644689489664 70.5
96721000 38260812024 90.7 7927644866232064 70.5
96729300 38260812224 90.7 7927645878558464 70.5
96737200 38300169224 90.8 7955399929962240 70.8
96746100 38300169324 90.8 7955400110186240 70.8
96749300 38300169824 90.8 7955401077866240 70.8
96755300 38300170624 90.8 7955402501635840 70.8
97396300 38304825124 90.8 7959716642668288 70.8
97421900 38304825724 90.8 7959718234578688 70.8
97889300 38304826124 90.8 7959718707666688 70.8
97921800 38309747424 90.8 7965450878394112 70.9
99886100 38309747524 90.8 7965451089411520 70.9
99889500 38309747624 90.8 7965451300433024 70.9
99892700 38309747824 90.8 7965451563191424 70.9
99954900 38309748124 90.8 7965453139332224 70.9
99966400 38309748324 90.8 7965453677751424 70.9
99982000 38309748724 90.8 7965454205111424 70.9
99983200 38348673624 90.9 7992924144848000 71.1
99991400 38348674024 90.9 7992925429763200 71.1
100495500 38353329624 90.9 7997258930916480 71.2
101168300 38353330024 90.9 7997263097982080 71.2
101176700 38358207924 90.9 8002856820501632 71.2
103356400 38358208124 90.9 8002858548604032 71.2
103359100 38358208324 90.9 8002861200968832 71.2
103370100 38358208624 90.9 8002861961800832 71.2
103379300 38358209324 90.9 8002863687855232 71.2
103413700 38396638624 91.0 8030137791343744 71.5
103862000 38401244124 91.0 8034407874882688 71.5
104439800 38406026524 91.0 8039836426759296 71.5
104445300 38406026924 91.0 8039837135981696 71.5
106373200 38406027024 91.0 8039837347019488 71.5
106377000 38406027424 91.0 8039837982513888 71.5
106379800 38406027624 91.0 8039838160689888 71.5
106389100 38443920024 91.1 8066764063546080 71.8
107413300 38443920224 91.1 8066764525165280 71.8
107445900 38447603824 91.1 8070203771083488 71.8
107628700 38447604124 91.1 8070204178430688 71.8
107715400 38452281724 91.1 8075651228236512 71.9
110112900 38452282124 91.1 8075652036582112 71.9
110139000 38452282424 91.1 8075653606988512 71.9
110141500 38452282524 91.1 8075653818000816 71.9
110147700 38452282924 91.1 8075655176848816 71.9
110170300 38452283424 91.1 8075656905360816 71.9
110171600 38489591224 91.2 8102373585847728 72.1
110676800 38494041424 91.2 8106518323660208 72.1
111895000 38498146424 91.2 8111305797666224 72.2
113765700 38534789524 91.3 8137563048773040 72.4
113775300 38534789724 91.3 8137563208312240 72.4
113784400 38534790024 91.3 8137563458856048 72.4
113815200 38534790324 91.3 8137566318888048 72.4
113829400 38534790624 91.3 8137567251547248 72.4
113838000 38534791024 91.3 8137568449012848 72.4
114673200 38534791724 91.3 8137571087860848 72.4
114680100 38539217724 91.3 8141701007983728 72.4
114769500 38539218324 91.3 8141701779055728 72.4
114772200 38543853324 91.3 8146909471990896 72.5
116799500 38543853624 91.3 8146910479197296 72.5
116853000 38543854124 91.3 8146911657616496 72.5
116855400 38543854224 91.3 8146911868654592 72.5
116859200 38543854624 91.3 8146913768174592 72.5
116874700 38543855224 91.3 8146914803438592 72.5
116888700 38579837724 91.4 8172940061299712 72.7
117571800 38579838024 91.4 8172941170496512 72.7
117573300 38584240824 91.4 8177033338213376 72.8
118048500 38584241024 91.4 8177034112971776 72.8
118117100 38588709524 91.4 8182213862405120 72.8
120539500 38588709724 91.4 8182214078673920 72.8
120543200 38624206724 91.5 8207815724413952 73.0
120547500 38624206824 91.5 8207817278436352 73.0
120603200 38624207024 91.5 8207817614308352 73.0
120618100 38624207524 91.5 8207819604145152 73.0
121201300 38628521824 91.5 8211828077671424 73.1
121245000 38628522224 91.5 8211829948314624 73.1
121802200 38633029324 91.6 8216944813437952 73.1
121808600 38633029824 91.6 8216945453437952 73.1
124739000 38633030424 91.6 8216946710500352 73.1
124759500 38669193424 91.6 8243234896696320 73.3
124798300 38669193824 91.6 8243235102725120 73.3
124808000 38669194324 91.6 8243239724241920 73.3
125718900 38669194524 91.6 8243240047825920 73.3
125756200 38673475924 91.6 8247217174434816 73.4
126423000 38678039624 91.7 8252457275708416 73.4
126449900 38678039724 91.7 8252457486723808 73.4
126452900 38678039824 91.7 8252458730474208 73.4
129103600 38713325024 91.7 8278167242885856 73.7
129134500 38713325224 91.7 8278167820421856 73.7
129157300 38713325724 91.7 8278169750047456 73.7
129172600 38713326224 91.7 8278173208300256 73.7
129173400 38713326424 91.7 8278173630371744 73.7
129235700 38713326924 91.7 8278177246115744 73.7
129865100 38717712524 91.8 8282249256007584 73.7
129875900 38717713024 91.8 8282250360698784 73.7
129877700 38717713124 91.8 8282250571739776 73.7
130183800 38717713424 91.8 8282251181429376 73.7
130287300 38722296024 91.8 8287536529281664 73.7
132887800 38756749424 91.8 8312605427110528 74.0
132895600 38756749524 91.8 8312605638146128 74.0
132903800 38756749824 91.8 8312606434818128 74.0
132904800 38756750024 91.8 8312606856889104 74.0
132924900 38756750524 91.8 8312607920620304 74.0
132939200 38756750824 91.8 8312608392684304 74.0
133956900 38761070624 91.9 8316620522595088 74.0
134044800 38761071124 91.9 8316623593366288 74.0
134381200 38761071724 91.9 8316625125679888 74.0
134508100 38765583024 91.9 8321793091216144 74.0
137160000 38765583324 91.9 8321793816617744 74.0
137171000 38765583624 91.9 8321794044764944 74.0
137182400 38765584324 91.9 8321795073475344 74.0
137209500 38800163324 91.9 8347038708106000 74.3
137320100 38800163624 91.9 8347039026774800 74.3
137327800 38800163724 91.9 8347039027594000 74.3
138118900 38804560324 92.0 8351131009712912 74.3
138218700 38804560824 92.0 8351133685834512 74.3
138643900 38804561524 92.0 8351134799741712 74.3
138692800 38809230924 92.0 8356461445759760 74.4
142010100 38809231124 92.0 8356461584204560 74.4
142012000 38809231524 92.0 8356462347289360 74.4
142019500 38809231624 92.0 8356462371865360 74.4
142033300 38842766024 92.1 8381082321879824 74.6
142106600 38842766624 92.1 8381084227543824 74.6
142948200 38847135224 92.1 8385143820460816 74.6
144617600 38851278624 92.1 8389800070423312 74.7
144632800 38851278824 92.1 8389801167127312 74.7
144636000 38851279024 92.1 8389801518768912 74.7
144687200 38851279524 92.1 8389802622640912 74.7
147807500 38851280124 92.1 8389803325924112 74.7
147819500 38884883024 92.2 8414553150464784 74.9
147828200 38884883524 92.2 8414554942669584 74.9
147829600 38884883724 92.2 8414556548915984 74.9
147833200 38884883824 92.2 8414556759919984 74.9
147907300 38884884324 92.2 8414558003333872 74.9
148972300 38889295224 92.2 8418640247851760 74.9
149079200 38889295624 92.2 8418641076062960 74.9
149080700 38889296024 92.2 8418646016453360 74.9
149123900 38889296224 92.2 8418648344005360 74.9
149142100 38894056624 92.2 8423906421541616 75.0
152886900 38894057224 92.2 8423907186879216 75.0
152891600 38894057524 92.2 8423908188760816 75.0
152896500 38927786524 92.3 8448631501105904 75.2
152904100 38927787124 92.3 8448635280075504 75.2
152921400 38927787524 92.3 8448635927038704 75.2
152963400 38927788024 92.3 8448636738456304 75.2
154237600 38932263024 92.3 8452792631806704 75.2
154550700 38932263524 92.3 8452793160600304 75.2
154560800 38932263924 92.3 8452793900762608 75.2
154560900 38932264224 92.3 8452794410100208 75.2
154655300 38937068324 92.3 8458121887114736 75.3
158550400 38969734524 92.4 8482191427003888 75.5
158587000 38969735024 92.4 8482193127663088 75.5
158588300 38969735224 92.4 8482193549695472 75.5
158609600 38969735824 92.4 8482196875852272 75.5
158611100 38969736024 92.4 8482197018393072 75.5
158659600 38969736524 92.4 8482198759675120 75.5
159599000 38974251324 92.4 8486382835864816 75.5
160681700 38974252124 92.4 8486384038450416 75.5
160705900 38974252724 92.4 8486388467045616 75.5
160723100 38979191624 92.4 8491918285673712 75.6
164629100 38979191924 92.4 8491919167337712 75.6
164630100 38979192224 92.4 8491919800399920 75.6
164639100 38979192424 92.4 8491920599119920 75.6
164646100 39011634224 92.5 8515832997312560 75.8
164652500 39011634624 92.5 8515833289152560 75.8
164741900 39011635224 92.5 8515834306803760 75.8
165803100 39016148524 92.5 8520024480200752 75.8
166723300 39016148724 92.5 8520024789039152 75.8
166746400 39016149224 92.5 8520025964386352 75.8
166753800 39021147224 92.5 8525525920094256 75.9
170484700 39021147824 92.5 8525526523230256 75.9
170487900 39053473524 92.5 8549341405952048 76.1
170514500 39053474024 92.5 8549342245222448 76.1
170558900 39053474424 92.5 8549343991756848 76.1
170572300 39053474824 92.5 8549344744396848 76.1
172053400 39057604124 92.6 8553174455375920 76.1
173131500 39057604224 92.6 8553174666390128 76.1
173138800 39062826224 92.6 8559038292372080 76.2
173140700 39062826324 92.6 8559038503374480 76.2
173140900 39062826524 92.6 8559038973390480 76.2
173164700 39062827124 92.6 8559040648040080 76.2
173196000 39062827724 92.6 8559041808846480 76.2
177256800 39062827924 92.6 8559042113793680 76.2
177257500 39062828024 92.6 8559042120347280 76.2
177344000 39062828924 92.6 8559045463912080 76.2
177353700 39094956624 92.6 8582719130709648 76.4
178486100 39094956724 92.6 8582719341727152 76.4
178491600 39099451624 92.7 8586897836346800 76.4
179934400 39104561324 92.7 8592525683199408 76.5
179935500 39104561524 92.7 8592525909913008 76.5
179943300 39104561624 92.7 8592526120917008 76.5
180008000 39104561924 92.7 8592526669985808 76.5
184340800 39104562424 92.7 8592528841480208 76.5
184341200 39104562724 92.7 8592529333000208 76.5
184351900 39136222124 92.7 8615962114627600 76.7
184358900 39136222524 92.7 8615963512387600 76.7
186062800 39136223424 92.7 8615968680106000 76.7
186099700 39140720524 92.8 8620128985602064 76.7
187093300 39140720924 92.8 8620130578536464 76.7
187111000 39140721024 92.8 8620130789548768 76.7
187112200 39140721124 92.8 8620131000548768 76.7
187122900 39146319724 92.8 8626149915917728 76.8
187248600 39146319924 92.8 8626150357466528 76.8
192138900 39178468624 92.8 8649968801152416 77.0
192192300 39178468724 92.8 8649969021926816 77.0
192195300 39178468824 92.8 8649969232964416 77.0
192212400 39178469024 92.8 8649969654987616 77.0
192226600 39178469424 92.8 8649970427083616 77.0
192258200 39178469824 92.8 8649972161739616 77.0
192258800 39178469924 92.8 8649972372765024 77.0
193866200 39183909124 92.9 8655802553891168 77.0
195043900 39183909524 92.9 8655803404015968 77.0
195062300 39183910324 92.9 8655804487817568 77.0
195067400 39188401424 92.9 8659973870049632 77.1
195071400 39188401624 92.9 8659976653691232 77.1
195090300 39188401824 92.9 8659976884183728 77.1
200489400 39220286924 92.9 8683689516065456 77.3
200493700 39220287324 92.9 8683689737659056 77.3
200504500 39220287624 92.9 8683690237575856 77.3
200541800 39220287724 92.9 8683690448590064 77.3
200562300 39220287924 92.9 8683691097191664 77.3
202252400 39225991924 93.0 8689670170342640 77.3
202389900 39225992124 93.0 8689671767168240 77.3
204244500 39225992624 93.0 8689672613401840 77.3
204252300 39225992824 93.0 8689672825261936 77.3
204275600 39225993424 93.0 8689673541857136 77.3
204372600 39230537124 93.0 8693886403030896 77.4
209215700 39230537824 93.0 8693887693270896 77.4
209256900 39262765324 93.0 8717818496069488 77.6
209262300 39262765624 93.0 8717820167032688 77.6
209310500 39262766424 93.0 8717822148221040 77.6
210685200 39269342924 93.1 8724818634741872 77.6
212446700 39269343324 93.1 8724821745858672 77.6
212448900 39269343724 93.1 8724822585107440 77.6
212470700 39269344924 93.1 8724824719354096 77.6
212473800 39273922524 93.1 8729082523019504 77.7
219565600 39273922624 93.1 8729082734033008 77.7
219580000 39273922924 93.1 8729083264465008 77.7
219584400 39305921524 93.1 8753025379301488 77.9
219644200 39305921824 93.1 8753026642507888 77.9
221536300 39305922124 93.1 8753026991282288 77.9
221593900 39305922524 93.1 8753028049893488 77.9
221641900 39311818924 93.2 8759119882188912 77.9
222992700 39316517824 93.2 8763485161486448 78.0
223048600 39316518124 93.2 8763485413185648 78.0
223075400 39316518624 93.2 8763486796814448 78.0
229393500 39348946124 93.2 8787803282643056 78.2
229411300 39348946424 93.2 8787803817171056 78.2
229475700 39348947224 93.2 8787805330643056 78.2
231196800 39348947324 93.2 8787805541673952 78.2
231199100 39356149124 93.3 8795241003002848 78.3
231201800 39356149524 93.3 8795241349524448 78.3
233181200 39356150024 93.3 8795242585697248 78.3
233235700 39360314424 93.3 8799103581465568 78.3
233238400 39360314924 93.3 8799106141465568 78.3
233254500 39360315324 93.3 8799106408115168 78.3
240251500 39381609924 93.3 8818981654490080 78.5
240950700 39392198924 93.4 8822958890413024 78.5
240953700 39392199124 93.4 8822959166348224 78.5
240997300 39392200124 93.4 8822963843365824 78.5
241007900 39392201124 93.4 8822965953542848 78.5
241012400 39392201524 93.4 8822966797608320 78.5
243086600 39399604324 93.4 8830622694778240 78.6
243090900 39399604924 93.4 8830624183264640 78.6
244883500 39399605624 93.4 8830624839648640 78.6
244890800 39399605924 93.4 8830625401005440 78.6
244899900 39399606024 93.4 8830625612020832 78.6
244929200 39399606924 93.4 8830627110337632 78.6
244931000 39404531724 93.4 8835199640943712 78.6
251297600 39427950224 93.4 8857062482000992 78.8
251931700 39427950724 93.4 8857063678647392 78.8
251939600 39427950824 93.4 8857063679056992 78.8
251951400 39427951024 93.4 8857064101087680 78.8
251961200 39438601524 93.5 8861060013984192 78.8
254136600 39446658224 93.5 8869316875749824 78.9
256351100 39446658824 93.5 8869319985842624 78.9
256373600 39446659824 93.5 8869322096022208 78.9
256415000 39451175924 93.5 8873520783856320 79.0
256453500 39451176124 93.5 8873521205887008 79.0
256463900 39451176424 93.5 8873521543397408 79.0
256464700 39451176924 93.5 8873522764005408 79.0
256471800 39451177024 93.5 8873522975045008 79.0
256472400 39451177224 93.5 8873523913848208 79.0
263904900 39474633324 93.5 8895474944341392 79.2
264428700 39474634024 93.5 8895476359509392 79.2
264434700 39474634224 93.5 8895476781540080 79.2
264462000 39474635124 93.5 8895478538109680 79.2
264569900 39474635324 93.5 8895478960136880 79.2
264584100 39485299324 93.6 8899604517135024 79.2
269039200 39485299424 93.6 8899604728154720 79.2
269054300 39485299824 93.6 8899605092698720 79.2
269055600 39485300424 93.6 8899606358731488 79.2
269060800 39498670824 93.6 8912718697802464 79.3
269079100 39498671324 93.6 8912720539159264 79.3
269091600 39498671424 93.6 8912720750196368 79.3
269129900 39498671624 93.6 8912721025857168 79.3
269178400 39498672224 93.6 8912723336820368 79.3
276353100 39521834224 93.7 8934378735990416 79.5
277086400 39521835124 93.7 8934379704899216 79.5
277095200 39521835224 93.7 8934379915918912 79.5
277118700 39532942724 93.7 8938668285574720 79.5
277130700 39532943324 93.7 8938670306541120 79.5
277149400 39532943424 93.7 8938670517554528 79.5
280741100 39532943524 93.7 8938670728569824 79.5
280751800 39532944024 93.7 8938671623136224 79.5
280751900 39532944624 93.7 8938674594989024 79.5
280754800 39532944824 93.7 8938675016997216 79.5
280756400 39546728324 93.7 8952139731081568 79.7
280770900 39546729124 93.7 8952140844374368 79.7
280831500 39546729324 93.7 8952140975651168 79.7
287416000 39568306624 93.8 8972313948404064 79.8
288162300 39568307224 93.8 8972315214481504 79.8
288183800 39577757324 93.8 8976026994215008 79.9
288206500 39577757624 93.8 8976027455015008 79.9
288210100 39577757824 93.8 8976027877043808 79.9
290664300 39577758224 93.8 8976028721137120 79.9
290666700 39577758524 93.8 8976029184394720 79.9
290797400 39577758624 93.8 8976029395408224 79.9
290800600 39581720224 93.8 8979734180091232 79.9
290808700 39581720724 93.8 8979735035347360 79.9
292368800 39581720824 93.8 8979735246360656 79.9
292370400 39588733924 93.8 8986893009113168 80.0
292459200 39588734124 93.8 8986894395404368 80.0
292467300 39588734324 93.8 8986894612565872 80.0
292510300 39588734924 93.8 8986898560290672 80.0
292537100 39588735224 93.8 8986898818133872 80.0
292548500 39588735624 93.8 8986899618492272 80.0
292559200 39588735724 93.8 8986899829509776 80.0
298481500 39588735824 93.8 8986900040526976 80.0
298487000 39608236624 93.9 9005142263999616 80.1
299191600 39608237124 93.9 9005144740850816 80.1
299247100 39616561424 93.9 9008314398665856 80.2
300941200 39620895624 93.9 9012345723546752 80.2
301018800 39620895824 93.9 9012345875713152 80.2
301031300 39620895924 93.9 9012346086750752 80.2
303360200 39626913424 93.9 9018493115562528 80.2
303364200 39626913824 93.9 9018493625719328 80.2
303386100 39626914124 93.9 9018495834896928 80.2
303389900 39626914224 93.9 9018495835101728 80.2
303441100 39626914424 93.9 9018496138820128 80.2
303446700 39626915024 93.9 9018497404904992 80.2
310410000 39644052124 93.9 9034597401241120 80.4
313174100 39647210824 94.0 9037533309183520 80.4
313874100 39654560124 94.0 9040312482539040 80.4
313884400 39654561224 94.0 9040315011176224 80.4
316682500 39654561524 94.0 9040315328206624 80.4
316686100 39659242424 94.0 9045064844285728 80.5
316712400 39659242824 94.0 9045067344074528 80.5
316778700 39659243324 94.0 9045068071319328 80.5
316791200 39659243624 94.0 9045068704363552 80.5
316803700 39659243724 94.0 9045068915379456 80.5
316815000 39659244224 94.0 9045070628736256 80.5
322351200 39674653924 94.0 9059509821197568 80.6
324263600 39678376824 94.0 9062969556290816 80.6
324812500 39678377524 94.0 9062971331771392 80.6
324817400 39684918624 94.0 9065524753267712 80.7
324946000 39684918924 94.0 9065524923251712 80.7
325572000 39684919024 94.0 9065525134251712 80.7
325573800 39684919424 94.0 9065525430187712 80.7
325577300 39684919524 94.0 9065525641201312 80.7
325596500 39689400024 94.1 9070161192273568 80.7
325641700 39689400324 94.1 9070161499883168 80.7
325648900 39689400424 94.1 9070161710899568 80.7
325669900 39689400624 94.1 9070162153062768 80.7
325749200 39689401224 94.1 9070164584857968 80.7
331964300 39703729724 94.1 9083564488556912 80.8
334388600 39707158624 94.1 9086761816457584 80.9
334392300 39707158724 94.1 9086762027474992 80.9
334996400 39713011624 94.1 9089007468044336 80.9
335028300 39713012124 94.1 9089011507929136 80.9
337512400 39713012524 94.1 9089011997401136 80.9
337517900 39713012824 94.1 9089013642969136 80.9
337562400 39716805024 94.1 9092961271038000 80.9
337590600 39716805424 94.1 9092961452490800 80.9
337669100 39716805524 94.1 9092961491198000 80.9
337722600 39716805824 94.1 9092961685348400 80.9
342147000 39730297624 94.2 9105593421144112 81.0
343900100 39733547824 94.2 9108615901356080 81.0
344381700 39733548224 94.2 9108616399020080 81.0
344437000 39733548624 94.2 9108618408517680 81.0
344443600 39739028024 94.2 9110712338767920 81.1
344922800 39739028524 94.2 9110713272041520 81.1
345033000 39739028824 94.2 9110714202447920 81.1
345051100 39739028924 94.2 9110714354204720 81.1
345091600 39742395424 94.2 9114218591125552 81.1
345149200 39742395524 94.2 9114218632495152 81.1
350960500 39755746924 94.2 9126710937042992 81.2
352841700 39758923124 94.2 9129670249988144 81.2
353189800 39758923424 94.2 9129670920298544 81.2
353203500 39758923624 94.2 9129671342333456 81.2
353294400 39763987024 94.2 9131609267543568 81.3
354541200 39763987524 94.2 9131611504164368 81.3
354564000 39763987824 94.2 9131611775524368 81.3
354577300 39767101824 94.2 9134929640906256 81.3
354603300 39767102124 94.2 9134930273946576 81.3
354685800 39767102924 94.2 9134932240640976 81.3
358053200 39767103424 94.2 9134932649012176 81.3
358056100 39769505924 94.2 9137223833971664 81.3
363761900 39782886424 94.3 9149766744894416 81.4
364247700 39787902024 94.3 9151648851520464 81.4
364324000 39787902224 94.3 9151648963136464 81.4
365139300 39787902324 94.3 9151649003482064 81.4
365147300 39787902524 94.3 9151649425516272 81.4
365168600 39791004524 94.3 9154915266586352 81.5
365215500 39791005224 94.3 9154918474573552 81.5
365218100 39791005724 94.3 9154919529695024 81.5
365226400 39791006024 94.3 9154919940523824 81.5
367035600 39794253724 94.3 9157947883554608 81.5
367046300 39794254224 94.3 9157948938628336 81.5
367059100 39794254524 94.3 9157949134417136 81.5
374203900 39807841524 94.3 9170673472056560 81.6
374811200 39807841924 94.3 9170673933880560 81.6
374876300 39812932924 94.3 9172624895773936 81.6
374881100 39812933424 94.3 9172625482525936 81.6
376376900 39812933824 94.3 9172627125226736 81.6
376381200 39816278824 94.4 9176167214796016 81.6
376395500 39816279024 94.4 9176167435234224 81.6
376420700 39816279724 94.4 9176171084565424 81.6
376453100 39816280024 94.4 9176171532463024 81.6
378939700 39816280524 94.4 9176172587553840 81.6
378940700 39816280724 94.4 9176172858504240 81.6
378975000 39816280824 94.4 9176173069518832 81.6
378982300 39819555324 94.4 9179219217663984 81.7
387096600 39833524024 94.4 9192268803655664 81.8
390342700 39836191924 94.4 9195091294996464 81.8
390859500 39836192424 94.4 9195092238305264 81.8
390868900 39836192524 94.4 9195092449342864 81.8
390870800 39836192824 94.4 9195093462898064 81.8
390874900 39836192924 94.4 9195093673913872 81.8
390923600 39836193324 94.4 9195094092320272 81.8
390980900 39841496124 94.4 9197191788269072 81.8
393842200 39844886524 94.4 9200363605364240 81.9
393872600 39844886624 94.4 9200363816381440 81.9
393872800 39844886824 94.4 9200363877411840 81.9
393875700 39844886924 94.4 9200364088429040 81.9
401915200 39859380824 94.5 9213868675664368 82.0
403270200 39863556324 94.5 9218113347750384 82.0
404167000 39869187624 94.5 9220352837913072 82.0
404209500 39869188124 94.5 9220355661695472 82.0
404241300 39869188424 94.5 9220356055321072 82.0
404257700 39869188724 94.5 9220357860018672 82.0
404266700 39869189024 94.5 9220358493129072 82.0
404284400 39869189424 94.5 9220359190473072 82.0
408160500 39869189924 94.5 9220360245558064 82.0
408169700 39869190224 94.5 9220360443804464 82.0
408175000 39872713624 94.5 9223635168410416 82.1
411978800 39872714124 94.5 9223636183194416 82.1
412003500 39877093224 94.5 9228012076178224 82.1
420024700 39892221724 94.5 9242054356409136 82.2
420872000 39892221824 94.5 9242054567425536 82.2
420881500 39892222324 94.5 9242055597364736 82.2
420908900 39898186024 94.6 9244487327421952 82.3
420912900 39898186124 94.6 9244487538437248 82.3
421006700 39898186224 94.6 9244487749473344 82.3
421007000 39898186524 94.6 9244488274580544 82.3
421026700 39898186624 94.6 9244488485615648 82.3
421039400 39898187024 94.6 9244490094729248 82.3
421100100 39898187324 94.6 9244490419337248 82.3
424120300 39898187824 94.6 9244494027298848 82.3
424224800 39902041224 94.6 9248051054778400 82.3
425877200 39907716724 94.6 9253715104241696 82.3
437049900 39923851524 94.6 9268725848217632 82.5
437973000 39923851624 94.6 9268725848422432 82.5
437973100 39923851724 94.6 9268725950822432 82.5
438024500 39923853624 94.6 9268729960255520 82.5
438051600 39923853724 94.6 9268729994047520 82.5
438055300 39930200124 94.6 9271362064773152 82.5
438089200 39930200324 94.6 9271362486865952 82.5
438097100 39930200524 94.6 9271365172203552 82.5
441691400 39930200924 94.6 9271366694481952 82.5
441751400 39934789224 94.6 9275963429892128 82.5
445383000 39938794024 94.6 9279726825517088 82.6
445437300 39938794424 94.6 9279729274105888 82.6
455095100 39956149224 94.7 9295748653821984 82.7
455098900 39956149324 94.7 9295748654026784 82.7
456237600 39962954124 94.7 9298622368043040 82.7
456281800 39962954624 94.7 9298623463680928 82.7
456299900 39962954724 94.7 9298623674700528 82.7
456328500 39962954924 94.7 9298623924351728 82.7
456338200 39962955724 94.7 9298625532441328 82.7
456393900 39962956024 94.7 9298627113497328 82.7
456471000 39962956224 94.7 9298627659494128 82.7
458398600 39962956324 94.7 9298627870525136 82.7
458414300 39969140824 94.7 9304782453802704 82.8
460913100 39972926724 94.7 9308303249573584 82.8
460961600 39972927024 94.7 9308303500453584 82.8
460997700 39972927324 94.7 9308304013477584 82.8
471739700 39988678524 94.8 9322922321594064 83.0
472383000 39988678624 94.8 9322922532611472 83.0
472385400 39988678824 94.8 9322922913539472 83.0
472423900 39988678924 94.8 9322923055056272 83.0
472432100 39988679324 94.8 9322923899089296 83.0
472451200 39988679724 94.8 9322924311146896 83.0
472471300 39988680124 94.8 9322925155213328 83.0
472535600 39994469424 94.8 9325360153944080 83.0
472556100 39994469524 94.8 9325360241393680 83.0
474944300 39999261224 94.8 9330111055609872 83.0
479532500 40002541524 94.8 9333153208942608 83.0
479540200 40002542624 94.8 9333155530344720 83.0
479544200 40002543024 94.8 9333155979061520 83.0
489923700 40016470624 94.8 9346078826817808 83.2
490811300 40021387524 94.8 9348128853977360 83.2
490923200 40021387824 94.8 9348129471449360 83.2
495899100 40024239224 94.9 9351022522779920 83.2
495950500 40024239524 94.9 9351023267023120 83.2
499173300 40024239824 94.9 9351023524661520 83.2
499181000 40027317724 94.9 9353898229319952 83.2
499191800 40027317924 94.9 9353898651393040 83.2
508504300 40027318124 94.9 9353898811341840 83.2
508524900 40030518424 94.9 9357250202057744 83.3
508593300 40030518624 94.9 9357250705865744 83.3
508619900 40030518824 94.9 9357251127888944 83.3
508635200 40030521724 94.9 9357257247125040 83.3
508807100 40042922524 94.9 9368844773191216 83.4
509248900 40047211224 94.9 9370598405664304 83.4
509261600 40047211524 94.9 9370598950022704 83.4
509366600 40047211924 94.9 9370600345939504 83.4
511778200 40047212224 94.9 9370600578797104 83.4
511801800 40050140324 94.9 9373335507488304 83.4
511834000 40050140524 94.9 9373341321760304 83.4
520506800 40061738724 94.9 9384196731014704 83.5
525052500 40063569724 94.9 9386078754541104 83.5
525990900 40063569924 94.9 9386079176619504 83.5
526002700 40063570024 94.9 9386079331448304 83.5
526050900 40063570324 94.9 9386079529489904 83.5
526061500 40067487324 95.0 9387651239663088 83.5
526070200 40067487824 95.0 9387652504098288 83.5
526074400 40067488224 95.0 9387653625378288 83.5
531517600 40067488824 95.0 9387654180181488 83.5
531685900 40070110524 95.0 9390096159020528 83.6
531771600 40070110624 95.0 9390096462738928 83.6
538643700 40072877224 95.0 9392991218791920 83.6
539359700 40084054724 95.0 9403481793852912 83.7
539555400 40084055024 95.0 9403482046166512 83.7
539594300 40084055224 95.0 9403482468199024 83.7
539598800 40084055324 95.0 9403482679215424 83.7
539602100 40084055424 95.0 9403482928047424 83.7
539621800 40087758924 95.0 9404996101334336 83.7
539720900 40087759224 95.0 9404996419798336 83.7
541185700 40087759424 95.0 9405001141462336 83.7
541420700 40087759624 95.0 9405001392547136 83.7
541441700 40090587024 95.0 9407641301378368 83.7
546227500 40093245824 95.0 9410347967538496 83.7
546242800 40093246224 95.0 9410349718168896 83.7
559292600 40104731224 95.0 9421094127265088 83.8
559648600 40104731524 95.0 9421094498362688 83.8
559760700 40104731724 95.0 9421094892397888 83.8
559787900 40104731824 95.0 9421095227450688 83.8
559796400 40104732024 95.0 9421095649494880 83.8
559831100 40108806824 95.1 9422793431533408 83.8
565879700 40111526224 95.1 9425375347558240 83.9
566002900 40111526624 95.1 9425376437913440 83.9
566087800 40111527024 95.1 9425377282058016 83.9
566100300 40111527524 95.1 9425382922045216 83.9
568753300 40115781924 95.1 9429622201042720 83.9
568760300 40115782124 95.1 9429622644025120 83.9
580653700 40128764924 95.1 9441733814265632 84.0
581811000 40128765124 95.1 9441734236292736 84.0
581845500 40128765424 95.1 9441734474065536 84.0
581861000 40133394524 95.1 9443766991316608 84.0
581883000 40133396324 95.1 9443770789595776 84.0
581901500 40133396824 95.1 9443771522779776 84.0
581997400 40133397124 95.1 9443772066318976 84.0
585284800 40133397724 95.1 9443773346933376 84.0
585302900 40133397924 95.1 9443773768996768 84.0
585307900 40133398024 95.1 9443773980036672 84.0
585456300 40136892824 95.1 9447032851746368 84.1
588915700 40142388024 95.1 9452524208082496 84.1
589027600 40142388124 95.1 9452524419120096 84.1
589031600 40142388324 95.1 9452526009392096 84.1
605988400 40157474624 95.2 9466628074183648 84.2
607236000 40157475124 95.2 9466628957486048 84.2
607247700 40157475324 95.2 9466629379560544 84.2
607299100 40162906224 95.2 9469012210586720 84.3
607408300 40162906824 95.2 9469012913255520 84.3
613346500 40162907124 95.2 9469013605684320 84.3
613429300 40166390524 95.2 9472256447812704 84.3
613434700 40166390724 95.2 9472256869847104 84.3
618761400 40171884024 95.2 9477669753376832 84.3
618768300 40171884124 95.2 9477669964393328 84.3
618895300 40171884324 95.2 9477670661942128 84.3
632281200 40186464824 95.2 9491255320537968 84.5
633281800 40186465324 95.2 9491255984499568 84.5
633351700 40191460824 95.2 9493454455417712 84.5
633383200 40191461324 95.2 9493455510599536 84.5
633404900 40191461624 95.2 9493455763322736 84.5
637696300 40191461824 95.2 9493456049837936 84.5
637729900 40191462124 95.2 9493456682945264 84.5
637772600 40194749224 95.3 9496494842776304 84.5
637970600 40194749424 95.3 9496495157144304 84.5
637998400 40194749524 95.3 9496495368161504 84.5
641178700 40194749824 95.3 9496496694446304 84.5
641352100 40198760624 95.3 9500535639591136 84.5
641353400 40198760724 95.3 9500535850608544 84.5
641364800 40198761824 95.3 9500538171831712 84.5
652828300 40210317324 95.3 9511297522087328 84.6
653873200 40210318124 95.3 9511299205133728 84.6
653888500 40214147524 95.3 9512967737144736 84.6
653909200 40214148024 95.3 9512968792207904 84.6
657754300 40214148224 95.3 9512969214242304 84.6
657765000 40214148624 95.3 9512969970773504 84.6
657771200 40216850224 95.3 9515486022856192 84.7
661498500 40219621624 95.3 9518332485692928 84.7
661669500 40219621724 95.3 9518332536278528 84.7
661749200 40219622024 95.3 9518332813987328 84.7
676054900 40219622424 95.3 9518333658059328 84.7
676072600 40229844324 95.3 9527876492382784 84.8
676652200 40229844524 95.3 9527876602974784 84.8
676825500 40233065324 95.3 9529193393312320 84.8
683320900 40234834724 95.3 9530836517540416 84.8
683378500 40234835124 95.3 9530842519614016 84.8
683378800 40234835224 95.3 9530842730639424 84.8
683494600 40234835424 95.3 9530843152716320 84.8
683512900 40234835724 95.3 9530844140466720 84.8
684988800 40234835824 95.3 9530844481253920 84.8
684995500 40234836024 95.3 9530844903287136 84.8
684999900 40234836324 95.3 9530845536326944 84.8
685092800 40237340624 95.4 9533468294386976 84.8
696110000 40237340824 95.4 9533468716421888 84.8
696130300 40247473824 95.4 9542939418153728 84.9
697292600 40247474324 95.4 9542940629136128 84.9
697355800 40250593724 95.4 9544273055707904 84.9
700677200 40250593924 95.4 9544273360859904 84.9
700762100 40250594024 95.4 9544273438479104 84.9
700772300 40253127924 95.4 9546647906849536 84.9
700849900 40253128424 95.4 9546648536053504 84.9
700963100 40253128724 95.4 9546648647259904 84.9
700974700 40253129024 95.4 9546649280290304 84.9
700980000 40253129324 95.4 9546649913400512 84.9
703906600 40256344324 95.4 9549923476446400 85.0
703994600 40256344724 95.4 9549924095761600 85.0
711216500 40258471624 95.4 9551893246778560 85.0
725658500 40269393124 95.4 9562075743919296 85.1
725668600 40269393324 95.4 9562076165975200 85.1
726740900 40269393424 95.4 9562076198333600 85.1
726904200 40273042524 95.4 9563714625465504 85.1
726910900 40273042924 95.4 9563714934918304 85.1
726936000 40273043224 95.4 9563715567994592 85.1
727020900 40273043724 95.4 9563716467680992 85.1
732610700 40273044324 95.4 9563717733780832 85.1
732637800 40276207424 95.4 9566925661474144 85.1
732772800 40276207624 95.4 9566926211362144 85.1
732934100 40276208024 95.4 9566926609902944 85.1
732950800 40276208124 95.4 9566926820919840 85.1
732975700 40276208324 95.4 9566927242947424 85.1
732980500 40276209424 95.4 9566928778815200 85.1
732982600 40276209824 95.4 9566931411109600 85.1
733005100 40276210124 95.4 9566932044158816 85.1
735863600 40279381424 95.5 9569916966999904 85.2
735965500 40279381924 95.5 9569917377828704 85.2
753285700 40291931324 95.5 9581603569653600 85.3
753287000 40291931524 95.5 9581603904388384 85.3
753297600 40291931724 95.5 9581604326426976 85.3
754863000 40296146824 95.5 9583536529820000 85.3
754946400 40296147024 95.5 9583537651919200 85.3
754951200 40296147724 95.5 9583539128963040 85.3
754985900 40296148024 95.5 9583539514191840 85.3
755065500 40296148124 95.5 9583539725195840 85.3
755079600 40296148524 95.5 9583540836645440 85.3
755102500 40296149024 95.5 9583541891722944 85.3
760038200 40296149324 95.5 9583543703588544 85.3
760059200 40301072224 95.5 9588357849173696 85.3
767945400 40301072524 95.5 9588362606677696 85.3
767950300 40303388624 95.5 9590523190316736 85.3
768058700 40303388724 95.5 9590523278175936 85.3
789762300 40314566724 95.5 9600906599640768 85.4
791068100 40314567324 95.5 9600907269541568 85.4
791139100 40314567424 95.5 9600907480555072 85.4
791146900 40318130724 95.5 9602505699253824 85.4
791149900 40318130824 95.5 9602505854697024 85.4
791152400 40318130924 95.5 9602506065710016 85.4
791175300 40318131124 95.5 9602506487781216 85.4
791176100 40318131224 95.5 9602506698785120 85.4
795443000 40321269924 95.6 9605658887586144 85.5
800440000 40323771924 95.6 9607984384311648 85.5
800486300 40323772524 95.6 9607985650391264 85.5
800521400 40323772624 95.6 9607985861409568 85.5
800545800 40323772924 95.6 9607986362145568 85.5
800722400 40323773224 95.6 9607986828475168 85.5
813367900 40332721824 95.6 9616325952076576 85.6
814244600 40332722124 95.6 9616326485990176 85.6
814407000 40335391324 95.6 9617509720251168 85.6
823932800 40337208024 95.6 9619195217566496 85.6
826785100 40337208324 95.6 9619195850604512 85.6
826802800 40339327724 95.6 9621391347236832 85.6
841733000 40347820224 95.6 9629318238912480 85.7
842298700 40347820724 95.6 9629318700122080 85.7
842366200 40347821224 95.6 9629319579123680 85.7
842493900 40350272024 95.6 9630387704053728 85.7
842654600 40352536124 95.6 9632483730800608 85.7
846961700 40355039324 95.6 9635054001340384 85.7
846966700 40355039424 95.6 9635054212358288 85.7
846989900 40355040324 95.6 9635056111538320 85.7
847098400 40355040424 95.6 9635056648319120 85.7
847121800 40355040824 95.6 9635057492419536 85.7
847250800 40355041224 95.6 9635058024285136 85.7
847264500 40355041524 95.6 9635058657351120 85.7
847278400 40355041724 95.6 9635059079399504 85.7
847283300 40355042124 95.6 9635060729473104 85.7
865776900 40364422824 95.7 9643791202609232 85.8
867387300 40367384124 95.7 9645160727013456 85.8
867492200 40367384524 95.7 9645161794840656 85.8
876487700 40367384824 95.7 9645162767845456 85.8
876505200 40367385024 95.7 9645163089863856 85.8
876522100 40367385124 95.7 9645163300867856 85.8
876538400 40367386024 95.7 9645165200023696 85.8
876591900 40367386324 95.7 9645165590372496 85.8
876605400 40367386424 95.7 9645165801408896 85.8
876775300 40367386724 95.7 9645166434448576 85.8
876804900 40369052424 95.7 9646718382765248 85.8
883007300 40372980124 95.7 9650600130639040 85.9
883024600 40372980424 95.7 9650600763679552 85.9
883296900 40372980624 95.7 9650600906834752 85.9
908576300 40383295524 95.7 9660203065393984 86.0
910440000 40386604524 95.7 9661758791336768 86.0
917156400 40386604824 95.7 9661758931419968 86.0
917164500 40386606124 95.7 9661761674611776 86.0
917367700 40389286124 95.7 9664251049086016 86.0
923831200 40392700624 95.7 9667569317121088 86.0
923852500 40392700724 95.7 9667569528136192 86.0
923897800 40392701324 95.7 9667571034440192 86.0
924062800 40392701624 95.7 9667571513467392 86.0
940019500 40400592624 95.7 9674926232871424 86.1
941207900 40402876824 95.7 9676001369563648 86.1
945517100 40402877324 95.7 9676002424747008 86.1
945519200 40402877424 95.7 9676002462020608 86.1
945546700 40402877524 95.7 9676002673024608 86.1
945661400 40404885124 95.8 9677867491909216 86.1
945708800 40404885324 95.8 9677867628715616 86.1
950171100 40404885524 95.8 9677868050752608 86.1
950195100 40406857224 95.8 9679853461775456 86.1
950207500 40406857324 95.8 9679853672792960 86.1
950292300 40406857424 95.8 9679853757580160 86.1
950421000 40406857524 95.8 9679853826188160 86.1
950437700 40406857624 95.8 9679854037205360 86.1
960249300 40408167124 95.8 9681067553292656 86.1
960428400 40408167224 95.8 9681067583807856 86.1
977556100 40408167424 95.8 9681068005842160 86.1
977581500 40415073924 95.8 9687516349258992 86.2
978807200 40415074124 95.8 9687516601162992 86.2
978836200 40415074324 95.8 9687517023197584 86.2
978997200 40417058124 95.8 9688415897541008 86.2
979001000 40417058224 95.8 9688416108555904 86.2
979003800 40417058424 95.8 9688416338136704 86.2
979014300 40417058624 95.8 9688416760203520 86.2
983435100 40417058924 95.8 9688417393298432 86.2
983464100 40417059324 95.8 9688417745144832 86.2
983598700 40419325824 95.8 9690694747065344 86.2
983769600 40419325924 95.8 9690695542508544 86.2
988396100 40419326024 95.8 9690695709010944 86.2
988590900 40421407424 95.8 9692619391151104 86.2
988591400 40421407524 95.8 9692619391355904 86.2
1008961600 40429180324 95.8 9699881351629824 86.3
1010344700 40429180824 95.8 9699882406677952 86.3
1010356200 40431686824 95.8 9701076945505728 86.3
1010357800 40431687224 95.8 9701077172219328 86.3
1010358000 40431687524 95.8 9701077805328000 86.3
1010398100 40431688624 95.8 9701080126610048 86.3
1016972100 40435462024 95.8 9704652533553792 86.4
1016979800 40435462124 95.8 9704652744570992 86.4
1027853800 40437505524 95.8 9706538804590704 86.4
1027868400 40437506424 95.8 9706540703808240 86.4
1028196100 40437506624 95.8 9706541125849040 86.4
1028206700 40437506924 95.8 9706541341298640 86.4
1057772900 40437507024 95.8 9706541552315632 86.4
1057788900 40445414524 95.8 9713890259709168 86.4
1060046200 40447889824 95.9 9715078573796592 86.4
1060111900 40447890424 95.9 9715080025214192 86.4
1068859400 40450246724 95.9 9717377992625392 86.5
1069111600 40450247024 95.9 9717378959690992 86.5
1075480100 40450247324 95.9 9717379564465392 86.5
1075846300 40452106324 95.9 9719099146005744 86.5
1092456800 40457947124 95.9 9724554485853424 86.5
1092462900 40457947324 95.9 9724554907927120 86.5
1093445000 40457947424 95.9 9724554927178320 86.5
1093575300 40459596624 95.9 9725302079914576 86.5
1093842400 40459596924 95.9 9725302557712976 86.5
1105263200 40460878624 95.9 9726494802256464 86.5
1107265500 40462538924 95.9 9728155121951312 86.6
1107400600 40462539024 95.9 9728155170488912 86.6
1127194200 40468507524 95.9 9733720361255504 86.6
1128542600 40470359224 95.9 9734608380805712 86.6
1128579000 40470360224 95.9 9734610490991568 86.6
1128612800 40470360324 95.9 9734610702009168 86.6
1135383900 40472351024 95.9 9736454853198672 86.6
1135475900 40472351824 95.9 9736456259765072 86.6
1143377500 40472355824 95.9 9736464700304208 86.6
1143388800 40475579924 95.9 9739491651644240 86.7
1178886200 40482254524 95.9 9745705670830928 86.7
1181240900 40484389724 95.9 9746722571316048 86.7
1181339400 40484390024 95.9 9746722810317648 86.7
1181357700 40484390424 95.9 9746723654376144 86.7
1181377800 40484390624 95.9 9746724018601040 86.7
1192281700 40486504924 95.9 9748712112143440 86.7
1202463900 40488296324 95.9 9750365226286160 86.8
1221538800 40493122424 96.0 9754874302315600 86.8
1222997100 40494421524 96.0 9755507829718096 86.8
1236288300 40494421924 96.0 9755508673760592 86.8
1236288600 40495821924 96.0 9756902345297232 86.8
1236292900 40495822024 96.0 9756902556313936 86.8
1236299600 40495822124 96.0 9756902767331040 86.8
1236856900 40495822424 96.0 9756903400440032 86.8
1236874800 40497004424 96.0 9758005531148512 86.8
1260066500 40501997524 96.0 9762648995823840 86.9
1270051600 40503266224 96.0 9763831894802656 86.9
1272236300 40504849124 96.0 9764592103948512 86.9
1272316100 40504849924 96.0 9764593507033312 86.9
1277804900 40506523424 96.0 9766160592068832 86.9
1277812300 40506523524 96.0 9766160803104928 86.9
1277923400 40506523624 96.0 9766160903456928 86.9
1307634500 40511444124 96.0 9770757310138528 86.9
1315901200 40513483224 96.0 9772664355178656 87.0
1330598000 40514805824 96.0 9773894164957344 87.0
1330797300 40514806024 96.0 9773894587459744 87.0
1330830800 40514806124 96.0 9773895025526944 87.0
1355445000 40518536224 96.0 9777374661806240 87.0
1359321000 40521038124 96.0 9779166728390816 87.0
1369033800 40522284724 96.0 9780337631922336 87.0
1369048900 40522285924 96.0 9780340164245152 87.0
1382578200 40522286224 96.0 9780340797308064 87.0
1382590700 40524413424 96.0 9781835088493728 87.0
1382592500 40524413924 96.0 9781836143586336 87.0
1382621200 40524414524 96.0 9781837409809568 87.0
1414731300 40528697324 96.0 9785832054977696 87.1
1417855900 40529677424 96.0 9786360905135264 87.1
1434155600 40529678424 96.0 9786363015345184 87.1
1434167700 40530959624 96.1 9787545744585760 87.1
1434229500 40532470924 96.1 9788839005008928 87.1
1463632300 40535567624 96.1 9791746160735264 87.1
1464812400 40536263724 96.1 9792113283806240 87.1
1477751300 40537331524 96.1 9793112071451680 87.1
1484519500 40538470624 96.1 9794135400821792 87.1
1484547900 40538471324 96.1 9794136877957536 87.1
1526527500 40538471424 96.1 9794137088970944 87.1
1526543400 40541510024 96.1 9796985327833280 87.2
1529884500 40542299824 96.1 9797407052222656 87.2
1546676600 40543381024 96.1 9798415131562176 87.2
1559710600 40544380024 96.1 9799236467249344 87.2
1587395000 40546921224 96.1 9801611284271296 87.2
1588167500 40547450924 96.1 9801896349847744 87.2
1597221200 40548226724 96.1 9802626436157632 87.2
1599289900 40549021224 96.1 9803334387486912 87.2
1599294100 40549021424 96.1 9803334809518208 87.2
1645936900 40551356524 96.1 9805505135214720 87.2
1659161800 40551926824 96.1 9806066741969024 87.3
1677228200 40552614724 96.1 9806703235203200 87.3
1677231100 40552628324 96.1 9806709248807552 87.3
1680737000 40552641624 96.1 9806714891056256 87.3
1680999600 40553149324 96.1 9806969641743488 87.3
1706399300 40554776024 96.1 9808489232708736 87.3
1712312600 40555339024 96.1 9808966989100160 87.3
1727346400 40555983524 96.1 9809608917759104 87.3
1728027500 40556271624 96.1 9809734934180992 87.3
1728045800 40556272324 96.1 9809736411323392 87.3
1749936000 40557650024 96.1 9811012669479936 87.3
1753496400 40558154924 96.1 9811460375714816 87.3
1759454800 40558155724 96.1 9811461165893824 87.3
1759717700 40558651424 96.1 9811921483745472 87.3
1760804100 40558899824 96.1 9812066463860928 87.3
1760808300 40558900824 96.1 9812068574074816 87.3
1780685800 40559087924 96.1 9812242022733760 87.3
1780970300 40559091024 96.1 9812244811028672 87.3
1832889400 40560062024 96.1 9813153638258880 87.3
1844245900 40560379424 96.1 9813472672225472 87.3
1846268400 40560595224 96.1 9813589691668672 87.3
1862438200 40560959124 96.1 9813925481945280 87.3
1896134100 40561928824 96.1 9814828953901248 87.3
1905580200 40562272624 96.1 9815191786035392 87.3
1907976500 40562434924 96.1 9815283809884352 87.3
1930443400 40562573924 96.1 9815411398195392 87.3
1985525300 40562960624 96.1 9815768654657728 87.3
1985785400 40563009224 96.1 9815781837224128 87.3
1987723700 40563057624 96.1 9815805533296832 87.3
1991449600 40563063924 96.1 9815811275984064 87.3
2001715600 40563141624 96.1 9815888374181056 87.3