# 71445438464 18619114872373248 950340 1498575400 1392891028136100 0 0
0 50284830720 70.4 -3372537169838080 -18.1
1706100 56429031936 79.0 4094481980719104 22.0
2815400 58146553088 81.4 5865118621499392 31.5
3789900 59139727488 82.8 6867701158903808 36.9
4687200 59830024768 83.7 7554007539122176 40.6
5528300 60357394976 84.5 8071630320304128 43.4
6328400 60783091072 85.1 8486887454932992 45.6
7095500 61138833376 85.6 8832992529088512 47.4
7831700 61444014976 86.0 9129719068884992 49.0
8552900 61711023088 86.4 9389104928129024 50.4
9246900 61948239888 86.7 9618816170459136 51.7
9922700 62160521392 87.0 9823291309031424 52.8
10585100 62352382384 87.3 10009080739397632 53.8
11228300 62527544592 87.5 10178009235456000 54.7
11860600 62688603696 87.7 10333009186127872 55.5
12479000 62837522800 88.0 10475723147968512 56.3
13088500 62975485104 88.1 10608519443120128 57.0
13686100 63104225304 88.3 10732680102543360 57.6
14282200 63224730800 88.5 10848465726734336 58.3
14866300 63337861600 88.7 10957456075128832 58.9
15444500 63444446600 88.8 11059783847116800 59.4
16565800 63640810600 89.1 11247304048640000 60.4
16566200 63640814000 89.1 11247311223878656 60.4
17646500 63817125296 89.3 11416190529139712 61.3
17647500 63817131796 89.3 11416201929428992 61.3
18712400 63977305492 89.5 11569255488163840 62.1
18713100 63977310392 89.5 11569265828968448 62.1
19763000 63977313592 89.5 11569272582135808 62.1
19764700 64123801400 89.8 11709399581155328 62.9
20773400 64123804900 89.8 11709406547422208 62.9
20774200 64258625508 89.9 11838490271165440 63.6
21791900 64383297012 90.1 11958503225306112 64.2
22771600 64498999316 90.3 12069725639683072 64.8
23749100 64499001616 90.3 12069729017710080 64.8
23750000 64606948720 90.4 12172763001439744 65.4
24703400 64708128824 90.6 12269711536604672 65.9
24704300 64708131124 90.6 12269716180222464 65.9
25632400 64708133224 90.6 12269720611989504 65.9
25632600 64802990024 90.7 12361207559366656 66.4
25633000 64802994924 90.7 12361217690181632 66.4
27010700 64935203324 90.9 12487557978398720 67.1
27011500 64935206824 90.9 12487565364675584 67.1
28373200 65056569720 91.1 12603712487539712 67.7
28376500 65056575920 91.1 12603725571806208 67.7
29695100 65056580320 91.1 12603734014120448 67.7
29695400 65168880224 91.2 12711185011003904 68.3
30981200 65273413520 91.4 12811426569736704 68.8
30983800 65273418120 91.4 12811436277405184 68.8
32300400 65273423420 91.4 12811447252354560 68.8
32300700 65370696220 91.5 12904943606892032 69.3
33548800 65461849820 91.6 12992624626042368 69.8
33549300 65461854120 91.6 12992633700589056 69.8
33553900 65461854220 91.6 12992633911606848 69.8
34800000 65548334924 91.7 13074868534738496 70.2
34800900 65548340624 91.7 13074880563838528 70.2
34802300 65548345024 91.7 13074889429631552 70.2
36442800 65655240016 91.9 13178055878689344 70.8
36444500 65655246816 91.9 13178069808494144 70.8
37992700 65753748720 92.0 13272086206395968 71.3
37994800 65753750620 92.0 13272089583586112 71.3
39547400 65753751920 92.0 13272092327046720 71.3
39547800 65845313616 92.2 13359404473937472 71.8
39548800 65845319716 92.2 13359416885915200 71.8
39550400 65845321016 92.2 13359419629381184 71.8
41072800 65845324516 92.2 13359427015729216 71.8
41073900 65930705716 92.3 13441253205925952 72.2
42526400 65930707216 92.3 13441256371474752 72.2
42528000 66010836216 92.4 13517536165056832 72.6
42529000 66010843216 92.4 13517549883901248 72.6
42530400 66010846416 92.4 13517556637070144 72.6
44335500 66010848416 92.4 13517559803631936 72.6
44336900 66010850016 92.4 13517562970017344 72.6
44337300 66010851916 92.4 13517566979701824 72.6
44337500 66010852016 92.4 13517566979906624 72.6
44338900 66104283320 92.5 13606599076650048 73.1
46193700 66191076720 92.6 13689288899206208 73.5
46195600 66191077520 92.6 13689290587513408 73.5
46195900 66191078920 92.6 13689293332011328 73.5
46196800 66191080620 92.6 13689296709601600 73.5
46198300 66191082220 92.6 13689299876182080 73.5
47970600 66191084420 92.6 13689304308572224 73.5
47972300 66191084520 92.6 13689304308777024 73.5
47972500 66272068216 92.8 13766424607326272 73.9
47973700 66272069616 92.8 13766427561843776 73.9
47975000 66272070416 92.8 13766429250127424 73.9
49764700 66272071816 92.8 13766432204636992 73.9
49765800 66272073116 92.8 13766434948104512 73.9
49767100 66348189916 92.9 13839377250107712 74.3
49768300 66348191416 92.9 13839380415647296 74.3
49770700 66348192716 92.9 13839383159112512 74.3
51744700 66433461212 93.0 13920906914825024 74.8
51747700 66433463712 93.0 13920911347425600 74.8
51749300 66433464912 93.0 13920913879852096 74.8
51751800 66433465912 93.0 13920915990224448 74.8
51754900 66433467412 93.0 13920919155754048 74.8
53695700 66513029812 93.1 13996273199334464 75.2
53696900 66513034012 93.1 13996281691087936 75.2
53698600 66513035812 93.1 13996285068516160 75.2
55678400 66587594916 93.2 14068056253733696 75.6
55679400 66587599416 93.2 14068065540391744 75.6
55682100 66587602516 93.2 14068071872533312 75.6
57514100 66587602616 93.2 14068072083551312 75.6
57521300 66587604416 93.2 14068075461176912 75.6
57523900 66658077312 93.3 14134652571315792 75.9
59872100 66658077912 93.3 14134653837535440 75.9
59875100 66658080812 93.3 14134659957587152 75.9
59875400 66658082812 93.3 14134663546637520 75.9
59878400 66735692916 93.4 14208297849621456 76.3
61999900 66735699816 93.4 14208312411169744 76.3
62002700 66806620816 93.5 14276056468956112 76.7
62002900 66806621116 93.5 14276056469570512 76.7
64082200 66872957016 93.6 14339120648782800 77.0
64083300 66872959116 93.6 14339125080578000 77.0
64083700 66872961616 93.6 14339130146289616 77.0
64086500 66872962216 93.6 14339131412513872 77.0
64088800 66872963616 93.6 14339134367015248 77.0
64089600 66872963716 93.6 14339134367220048 77.0
66409400 66872966616 93.6 14339140487293264 77.0
66413000 66872968016 93.6 14339143441812560 77.0
66416300 66872969116 93.6 14339145763249488 77.0
66418200 66943642012 93.7 14406561222483280 77.4
66419500 66943642912 93.7 14406563121810512 77.4
66422200 66943643512 93.7 14406564388028368 77.4
68601300 66943644212 93.7 14406565865278416 77.4
68601700 67009808112 93.8 14469833770224592 77.7
68603300 67009808712 93.8 14469835036434384 77.7
68603700 67009809512 93.8 14469836724722000 77.7
68604100 67009811512 93.8 14469840735449168 77.7
68606400 67009812612 93.8 14469842846029008 77.7
68607000 67009813212 93.8 14469844112244048 77.7
68612000 67009814312 93.8 14469846272251472 77.7
71225700 67079394008 93.9 14536466147513936 78.1
71226200 67079395008 93.9 14536468257915728 78.1
71226700 67079397008 93.9 14536472478650448 78.1
71228900 67079397708 93.9 14536473955903824 78.1
71230700 67079400408 93.9 14536479232954704 78.1
71233000 67079401108 93.9 14536480500210128 78.1
73786000 67079401908 93.9 14536482188520528 78.1
73789200 67079402608 93.9 14536483665775312 78.1
73791300 67079403608 93.9 14536485776142160 78.1
73791800 67144340108 94.0 14598894893150032 78.4
73791900 67144341308 94.0 14598897425595984 78.4
73794600 67144343908 94.0 14598902702520400 78.4
73796800 67144345508 94.0 14598906079094096 78.4
73800000 67144346108 94.0 14598907345312464 78.4
76532600 67144348108 94.0 14598911355427536 78.4
76533300 67211512812 94.1 14662676373478096 78.8
76536600 67211513812 94.1 14662678062196432 78.8
76538100 67211514612 94.1 14662679750504016 78.8
76541600 67211515712 94.1 14662682071898448 78.8
76542600 67211516412 94.1 14662683549152976 78.8
76544200 67211517112 94.1 14662685026405328 78.8
76545300 67211517912 94.1 14662686714710864 78.8
76545600 67211518712 94.1 14662688403015760 78.8
79202500 67211519812 94.1 14662690724444240 78.8
79210700 67211521212 94.1 14662693678936400 78.8
79210900 67211522812 94.1 14662697055522640 78.8
79211300 67211524812 94.1 14662701276267088 78.8
79213300 67274013212 94.2 14721945899958864 79.1
81906100 67274014312 94.2 14721948221380432 79.1
81908600 67337889112 94.3 14782421105055568 79.4
81914100 67337891012 94.3 14782425114771280 79.4
81914500 67337892512 94.3 14782427650274128 79.4
81914800 67337893812 94.3 14782429973096784 79.4
81938600 67339505712 94.3 14782820782025040 79.4
84778800 67339507512 94.3 14782824580681552 79.4
84781900 67339508412 94.3 14782826480013136 79.4
84783500 67397288312 94.3 14839025279831888 79.7
84791800 67399119812 94.3 14839476952928080 79.7
87572800 67399121512 94.3 14839480540550992 79.7
87574400 67399123512 94.3 14839484551261520 79.7
87577600 67458063112 94.4 14896612959841616 80.0
87581100 67458065112 94.4 14896617180563792 80.0
87608900 67459816012 94.4 14897056869124432 80.0
90275400 67459816712 94.4 14897058346382800 80.0
90277700 67459818112 94.4 14897061300892112 80.0
90282200 67514770712 94.5 14950343897608656 80.3
90284000 67514771812 94.5 14950346219004112 80.3
90284900 67514773512 94.5 14950349806653392 80.3
90289000 67514775112 94.5 14950353183242192 80.3
93354100 67514777012 94.5 14950357192934352 80.3
93354200 67514778812 94.5 14950360781423568 80.3
93361600 67514779812 94.5 14950362891788240 80.3
93368100 67514781112 94.5 14950365635264464 80.3
93370800 67572461712 94.6 15004413872816080 80.6
96147900 67625987412 94.7 15054868611055568 80.9
96153500 67625989312 94.7 15054872620779984 80.9
96153900 67625990212 94.7 15054874263631056 80.9
96155000 67625991412 94.7 15054876796084432 80.9
96156400 67625992812 94.7 15054879540594640 80.9
96158200 67625995312 94.7 15054884816577488 80.9
99012300 67625996612 94.7 15054887560072656 80.9
99013500 67679955712 94.7 15105487278624208 81.1
99014800 67679957312 94.7 15105490655247824 81.1
99021700 67679959112 94.7 15105494453926096 81.1
99043900 67680974312 94.7 15105756970580176 81.1
99047400 67680976412 94.7 15105761402353872 81.1
99052400 67680977812 94.7 15105764146905040 81.1
99059900 67680978612 94.7 15105765835200592 81.1
102295100 67682246612 94.7 15106078990587984 81.1
102367300 67734710212 94.8 15156618822867024 81.4
102375100 67735037212 94.8 15156697720690768 81.4
102377100 67735038612 94.8 15156700675195472 81.4
102378300 67735041612 94.8 15156706795501136 81.4
105425500 67787440812 94.9 15206881438119504 81.7
105431100 67787441712 94.9 15206883296823376 81.7
105453000 67787442312 94.9 15206884563041360 81.7
105454600 67787444312 94.9 15206888573549648 81.7
105464000 67788851012 94.9 15207250300976208 81.7
105464600 67788852512 94.9 15207253466531408 81.7
105470600 67788853712 94.9 15207255998970960 81.7
108043800 67788854412 94.9 15207257476214864 81.7
108050600 67837738912 95.0 15254951733276752 81.9
108058600 67837740412 95.0 15254954537484368 81.9
108063400 67837743712 95.0 15254961501717584 81.9
108066400 67837745612 95.0 15254965511437904 81.9
108068500 67839396012 95.0 15255381165194832 81.9
108075400 67839397812 95.0 15255384963887696 81.9
108082800 67839398412 95.0 15255386230109008 81.9
111184600 67839399612 95.0 15255388762554192 81.9
111186400 67887999512 95.0 15302722682765136 82.2
111191800 67887999812 95.0 15302723315879632 82.2
111207700 67888000912 95.0 15302725637275600 82.2
111215700 67888001912 95.0 15302727747635152 82.2
111230300 67889475312 95.0 15303107874916304 82.2
111852500 67893331812 95.0 15305467756808144 82.2
111860000 67893333512 95.0 15305471344444880 82.2
114651300 67935794212 95.1 15348380869526992 82.4
114656600 67935795112 95.1 15348382728250832 82.4
114696400 67935796112 95.1 15348384838638288 82.4
114699300 67935797612 95.1 15348388004210384 82.4
114701700 67935798212 95.1 15348389270427728 82.4
114701800 67935799612 95.1 15348392224941136 82.4
114707200 67937213712 95.1 15348757021615184 82.4
114772500 67943100312 95.1 15352445550224464 82.5
114783700 67943101012 95.1 15352447027479120 82.5
114793300 67943101612 95.1 15352448293696592 82.5
117954800 67985049012 95.2 15395158190879824 82.7
117985500 67986549412 95.2 15395525792298064 82.7
117987400 67986550712 95.2 15395528325259856 82.7
117988400 67986551112 95.2 15395529169404624 82.7
117989900 67986552112 95.2 15395531279770320 82.7
117992600 67986553412 95.2 15395534023234000 82.7
117994500 67986555812 95.2 15395539088130512 82.7
118319500 67992404812 95.2 15399148395512272 82.7
118347600 67992407012 95.2 15399152876975568 82.7
121139500 67992409212 95.2 15399157519758800 82.7
121175300 67993931212 95.2 15399555019584976 82.7
121176400 67993932912 95.2 15399558607205840 82.7
121178700 68035389112 95.2 15441854279120336 82.9
121914800 68040698112 95.2 15445103298672080 83.0
121916000 68040700112 95.2 15445107519413712 83.0
121921900 68040701712 95.2 15445110685589968 83.0
124451200 68046340412 95.2 15448613202059728 83.0
124485100 68046342512 95.2 15448617423802320 83.0
124586100 68046343812 95.2 15448620167269328 83.0
124594700 68087125012 95.3 15489721007803344 83.2
124629700 68088625812 95.3 15490118472764368 83.2
124633800 68088627212 95.3 15490121427271632 83.2
127718300 68128709712 95.4 15530694204932048 83.4
127719400 68128711512 95.4 15530698003584464 83.4
127743400 68130121912 95.4 15531061631358416 83.4
128453200 68130123512 95.4 15531065007936464 83.4
128461100 68130125512 95.4 15531069018678480 83.4
128463000 68130128812 95.4 15531075772924624 83.4
128467800 68135285212 95.4 15534289469883088 83.4
131676100 68174707012 95.4 15574086343246544 83.6
131726400 68176159412 95.4 15574465410384592 83.6
131731200 68176160812 95.4 15574468364944848 83.6
131733300 68176162912 95.4 15574472796743632 83.6
132076600 68181860512 95.4 15577915025860560 83.7
132076800 68181861512 95.4 15577917136242896 83.7
132094800 68181862312 95.4 15577918824550096 83.7
132541000 68186045712 95.4 15581315895430864 83.7
135126500 68191749312 95.4 15584773738106576 83.7
135145100 68191750112 95.4 15584775426401744 83.7
135145500 68191750812 95.4 15584776903639760 83.7
135181700 68226353912 95.5 15620567398793936 83.9
135182900 68227748712 95.5 15620937016558288 83.9
135185800 68227749912 95.5 15620939338983376 83.9
135192300 68228693012 95.5 15621185665787856 83.9
135197500 68228694112 95.5 15621187987198160 83.9
135198500 68228695512 95.5 15621190941715664 83.9
135456700 68232928212 95.5 15624671269006544 83.9
138937100 68266875712 95.6 15660025812397264 84.1
139665400 68266877112 95.6 15660028346469584 84.1
139671700 68269469412 95.6 15661589301136592 84.1
139674300 68269469912 95.6 15661590356320784 84.1
139675700 68269471012 95.6 15661592677714704 84.1
139688000 68269472012 95.6 15661594577867920 84.1
139691200 68270770112 95.6 15661939961468048 84.1
139691700 68270771612 95.6 15661943127031440 84.1
139695600 68270772512 95.6 15661945026360464 84.1
139995100 68275031712 95.6 15665373358175376 84.1
143013600 68275032712 95.6 15665375468550416 84.1
143023000 68280849112 95.6 15668949233280016 84.2
143023900 68280850712 95.6 15668952399661328 84.2
143027500 68280851812 95.6 15668954721079056 84.2
143028400 68280852612 95.6 15668956409369488 84.2
143029500 68280854212 95.6 15668959785962896 84.2
143030700 68280855912 95.6 15668963373596560 84.2
143054900 68282251312 95.6 15669327839641488 84.2
143191600 68316789412 95.6 15704863761514384 84.3
143432300 68320922212 95.6 15708251607285648 84.4
147043500 68354625812 95.7 15743551356288912 84.6
147847000 68354925812 95.7 15743629260038032 84.6
147854600 68354926912 95.7 15743631581430416 84.6
147855100 68354927612 95.7 15743632848269968 84.6
147857600 68360573712 95.7 15747031364612752 84.6
147862600 68360574412 95.7 15747032841862672 84.6
147872700 68360575312 95.7 15747034741193104 84.6
147905000 68360965512 95.7 15747136998365584 84.6
147910100 68361676212 95.7 15747323405113744 84.6
147916000 68361677312 95.7 15747325726510992 84.6
148302500 68365667612 95.7 15750578001366928 84.6
151747600 68371321312 95.7 15753930314829712 84.6
151753800 68404256212 95.7 15788352724488080 84.8
151768900 68404257512 95.7 15788355467959184 84.8
151772300 68405607012 95.7 15788708599946128 84.8
151775000 68405608012 95.7 15788710710334352 84.8
151778400 68405609412 95.7 15788713664845200 84.8
151788400 68405610312 95.7 15788715564172816 84.8
151803300 68405611212 95.7 15788717463494160 84.8
152118300 68409593912 95.8 15792076078374416 84.8
155186100 68442757312 95.8 15826341465873936 85.0
155711500 68442758812 95.8 15826344631425552 85.0
155716600 68442760512 95.8 15826348219041552 85.0
155722700 68442761712 95.8 15826350751488528 85.0
155723000 68448668612 95.8 15829926499719696 85.0
155723500 68448669612 95.8 15829928610082576 85.0
155724700 68448671312 95.8 15829932197695248 85.0
155782700 68449997112 95.8 15830291058347792 85.0
156139500 68453804812 95.8 15833440125013776 85.0
160889600 68486009512 95.9 15866673560637200 85.2
161167500 68491867212 95.9 15870080481316624 85.2
161176600 68491868712 95.9 15870083436854032 85.2
161193800 68491869512 95.9 15870085084518928 85.2
161200900 68491871112 95.9 15870088251106832 85.2
161206400 68493132112 95.9 15870425006499344 85.2
161213800 68493133412 95.9 15870427539752464 85.2
161213900 68493135712 95.9 15870432393578000 85.2
161222900 68493136612 95.9 15870434292896272 85.2
161570300 68496918012 95.9 15873564811563536 85.3
164978200 68529175212 95.9 15906790202511888 85.4
165665200 68529177112 95.9 15906794171601168 85.4
165669300 68529178612 95.9 15906797337152016 85.4
165672000 68529179912 95.9 15906799919247888 85.4
165678000 68529182212 95.9 15906804773100048 85.4
165688900 68535140312 95.9 15910338719062544 85.5
165695200 68535141812 95.9 15910341884632080 85.5
165701400 68536358912 95.9 15910660246166544 85.5
166171400 68540056712 95.9 15913805456432144 85.5
170784000 68572177312 96.0 15947309940562960 85.7
170795000 68578323012 96.0 15951011593935888 85.7
171649100 68579518112 96.0 15951742092270608 85.7
171661900 68579520212 96.0 15951746314031632 85.7
171672300 68579521712 96.0 15951749479574032 85.7
171692400 68579523412 96.0 15951753067190288 85.7
171711900 68579525012 96.0 15951756233365520 85.7
171732500 68580529412 96.0 15952010628962320 85.7
172064800 68584103612 96.0 15955054257379344 85.7
176213600 68584105212 96.0 15955057212713232 85.7
176217700 68584108412 96.0 15955063944091920 85.7
176230500 68615094712 96.0 15987052422207760 85.9
176407300 68621369412 96.0 15990746738170128 85.9
176411200 68621369812 96.0 15990747582318480 85.9
176414100 68621370812 96.0 15990749692693904 85.9
176417700 68621371612 96.0 15990751380997008 85.9
176427800 68622551912 96.0 15991076168696720 85.9
176456900 68622554212 96.0 15991081022541200 85.9
176888900 68626124412 96.1 15994157948489104 85.9
181588600 68656644912 96.1 16025824211783056 86.1
181589200 68656646112 96.1 16025826744222608 86.1
182603700 68656648212 96.1 16025831175993232 86.1
182607000 68656651012 96.1 16025837085058448 86.1
182642700 68656652112 96.1 16025839406457744 86.1
182652500 68662155612 96.1 16029091958924176 86.1
182675800 68663252912 96.1 16029394574517136 86.1
182690800 68663254312 96.1 16029397529023888 86.1
182693100 68663255412 96.1 16029399640408336 86.1
183260300 68666729012 96.1 16032422347374864 86.1
187230300 68696776812 96.2 16063658503667984 86.3
187240600 68696778212 96.2 16063661458175248 86.3
187770700 68696779712 96.2 16063664623728144 86.3
187777900 68696781712 96.2 16063668844475664 86.3
187779100 68696783912 96.2 16063673277306128 86.3
187788900 68703194312 96.2 16067438929466640 86.3
187792200 68703196112 96.2 16067442728119568 86.3
187798100 68703197912 96.2 16067446526767888 86.3
187804100 68704303112 96.2 16067754673861392 86.3
188151800 68707720312 96.2 16070726703411984 86.3
194504600 68707722212 96.2 16070730293080848 86.3
194521300 68737153112 96.2 16101080763364112 86.5
195074200 68743582512 96.2 16104910399894288 86.5
195112600 68743583912 96.2 16104913354412816 86.5
195136200 68743585312 96.2 16104916308928784 86.5
195159900 68744367412 96.2 16105132098218256 86.5
195161200 68744368112 96.2 16105133575495440 86.5
195168400 68744369412 96.2 16105136318999056 86.5
195170000 68744370512 96.2 16105138430380048 86.5
195561400 68748554312 96.2 16108294164416528 86.5
200464400 68777488212 96.3 16138288311797776 86.7
201603100 68783213112 96.3 16141600030165008 86.7
201607900 68783214412 96.3 16141602733020944 86.7
201674900 68783215112 96.3 16141604210280080 86.7
201676900 68783518612 96.3 16141694215267984 86.7
201689600 68783519912 96.3 16141696958795920 86.7
201689700 68783520712 96.3 16141698647081872 86.7
201694300 68783521812 96.3 16141700968504720 86.7
201717300 68783522712 96.3 16141702867853456 86.7
201736000 68783523512 96.3 16141704556143760 86.7
202200000 68786856612 96.3 16144660066952336 86.7
208230200 68815919712 96.3 16174863591892112 86.9
208892000 68815920612 96.3 16174865491214224 86.9
208895200 68815922412 96.3 16174868918502544 86.9
208897600 68815923112 96.3 16174870395754256 86.9
208903600 68815924012 96.3 16174872254476048 86.9
208904200 68815924912 96.3 16174874153811984 86.9
208911700 68822833112 96.3 16178838678372368 86.9
208924000 68822834812 96.3 16178842055986960 86.9
208927300 68823925412 96.3 16179151198965520 86.9
210616300 68833695012 96.3 16185867383820048 86.9
215498800 68833696512 96.3 16185870549379856 86.9
215506500 68833699412 96.3 16185876669447440 86.9
215507000 68833700712 96.3 16185879412916496 86.9
215511300 68862385412 96.4 16215817344041232 87.1
215522600 68862386612 96.4 16215819876486416 87.1
215526900 68862387412 96.4 16215821564794384 87.1
215532800 68863476912 96.4 16216122386634256 87.1
215538300 68863478212 96.4 16216125130116112 87.1
215554700 68863479112 96.4 16216127029438992 87.1
217244400 68874257712 96.4 16223344801147408 87.1
224112700 68874259312 96.4 16223347967712784 87.1
224128900 68903391312 96.4 16253473761713680 87.3
224135200 68903392212 96.4 16253475451036432 87.3
224151300 68904478312 96.4 16253773073015568 87.3
224156300 68904479612 96.4 16253775816509712 87.3
224160800 68904481912 96.4 16253780670337808 87.3
224162800 68904482612 96.4 16253782147592464 87.3
224164300 68904484112 96.4 16253785313159952 87.3
226010900 68915447912 96.5 16261222769404688 87.3
233193000 68944804912 96.5 16291584505588496 87.5
233259000 68944807012 96.5 16291588937370384 87.5
233263200 68945675412 96.5 16291840235391760 87.5
233266900 68945677412 96.5 16291844246104848 87.5
233272200 68945678912 96.5 16291846780898064 87.5
233275300 68945680012 96.5 16291849102315280 87.5
233286700 68945681412 96.5 16291852056811024 87.5
233287500 68945682612 96.5 16291854589265680 87.5
235157100 68956872112 96.5 16299428219881232 87.5
243303200 68956873912 96.5 16299432018521872 87.5
243311400 68957869512 96.5 16299720686022416 87.5
243319100 68988255312 96.6 16331249686523664 87.7
243323200 68988256612 96.6 16331251402058128 87.7
243334800 68988258512 96.6 16331255201532560 87.7
243335500 68988259712 96.6 16331257733959056 87.7
243355700 68988262612 96.6 16331263433985936 87.7
244795400 68996033812 96.6 16335804465368976 87.7
245444000 68999190512 96.6 16338641185361808 87.8
254007200 69030600312 96.6 16371266629357456 87.9
254009900 69030602312 96.6 16371270850082192 87.9
254026300 69030603312 96.6 16371272960463760 87.9
254035700 69030605012 96.6 16371276548133776 87.9
254043000 69031670012 96.6 16371587463566224 87.9
254047400 69031674312 96.6 16371596538130320 87.9
254056500 69031676012 96.6 16371600125780368 87.9
254459300 69035849312 96.6 16374889627705744 87.9
255378900 69044639512 96.6 16380042144571792 88.0
260159800 69077273412 96.7 16414109149880720 88.2
260178300 69077275012 96.7 16414112106253200 88.2
261055400 69077277212 96.7 16414116749055888 88.2
261059200 69077279412 96.7 16414121391857040 88.2
261071100 69078231512 96.7 16414934390971792 88.2
261073000 69078232512 96.7 16414936501334928 88.2
261102400 69078234112 96.7 16414939667495056 88.2
261102600 69078236712 96.7 16414945154439824 88.2
262341300 69087847212 96.7 16420368170359440 88.2
264215600 69089422412 96.7 16421833460685456 88.2
264486200 69089925712 96.7 16421967159179920 88.2
264501700 69090191912 96.7 16422044745611920 88.2
264522400 69090193412 96.7 16422047700932240 88.2
264564600 69090640012 96.7 16422292820514448 88.2
264584700 69093505512 96.7 16424830512584336 88.2
265289300 69093914312 96.7 16424931610629776 88.2
265369600 69094483812 96.7 16425482731886224 88.2
265406200 69105624612 96.7 16431951666714256 88.3
265437300 69106657012 96.7 16432907229959824 88.3
265457900 69106899712 96.7 16432982550271632 88.3
265462800 69140792612 96.8 16468461597382288 88.4
265489900 69142124712 96.8 16468841719912080 88.5
268527800 69142186712 96.8 16468893492209296 88.5
268710800 69177484112 96.8 16506067025553040 88.7
268727200 69177488712 96.8 16506076733262480 88.7
268831200 69177725712 96.8 16506232670882448 88.7
269263900 69177834012 96.8 16506264154108560 88.7
269282100 69177923512 96.8 16506292162288272 88.7
269289000 69178043212 96.8 16506327584823952 88.7
269295300 69178190512 96.8 16506371043486352 88.7
269322600 69178505512 96.8 16506607394351760 88.7
269415600 69178635812 96.8 16506649291954832 88.7
269771300 69178781012 96.8 16506761331366544 88.7
269958700 69180217312 96.8 16507781862939280 88.7
270267100 69189079612 96.8 16512784519944848 88.7
276330800 69190044012 96.8 16513642115455632 88.7
277042600 69190175712 96.8 16513678526196368 88.7
277068900 69190293312 96.8 16513710544218768 88.7
277159500 69225407212 96.9 16549907190606480 88.9
277164000 69225464712 96.9 16549925621981840 88.9
277256300 69225644412 96.9 16549978947576464 88.9
277300400 69225689412 96.9 16549991111246480 88.9
277350200 69225704212 96.9 16549997131111056 88.9
277401800 69225753112 96.9 16550014951070352 88.9
277597300 69225854112 96.9 16550066703493776 88.9
278104400 69228138612 96.9 16552112248384144 88.9
279078600 69228221412 96.9 16552135899462288 88.9
279114800 69228331512 96.9 16552169158115984 88.9
279117200 69233941112 96.9 16555336596095632 88.9
287197900 69234022612 96.9 16555393934234256 88.9
287471700 69234096912 96.9 16555416443351696 88.9
287800200 69234304212 96.9 16555581348557456 88.9
287977300 69234340212 96.9 16555610353322640 88.9
288064600 69234561412 96.9 16555798876277392 88.9
288093700 69263845012 96.9 16586461448915600 89.1
288124800 69263915012 96.9 16586481921381008 89.1
288172500 69263973812 96.9 16586499210449552 89.1
288273500 69264029712 96.9 16586532281584272 89.1
288441300 69264141812 96.9 16586564720499344 89.1
288589500 69264395412 96.9 16586779531221648 89.1
288604400 69265422612 96.9 16587648759110288 89.1
288902400 69265447112 96.9 16587656049580688 89.1
289045600 69265656212 96.9 16587773095795344 89.1
289169900 69265963812 96.9 16588032563960464 89.1
289249700 69266781812 97.0 16588757372328592 89.1
289774900 69266856012 97.0 16588779804578448 89.1
289785600 69266939812 97.0 16588804040133264 89.1
289819700 69273440212 97.0 16592553750530704 89.1
290048700 69299770812 97.0 16619982793706128 89.3
290983300 69299842912 97.0 16620004854612624 89.3
291094300 69299975412 97.0 16620095185486480 89.3
291155100 69300202312 97.0 16620210193179280 89.3
291247400 69300279512 97.0 16620233931010704 89.3
291251600 69300374512 97.0 16620261341788816 89.3
291274100 69300474012 97.0 16620291513385616 89.3
291287500 69300565312 97.0 16620369302094480 89.3
291288800 69300670012 97.0 16620401380498064 89.3
291306000 69300711212 97.0 16620415323118224 89.3
292264000 69301372912 97.0 16621002367670928 89.3
292312200 69302503212 97.0 16622056678660752 89.3
292388800 69303451712 97.0 16622620633766544 89.3
292800600 69303615812 97.0 16622743224007312 89.3
292938000 69303989312 97.0 16623011162602128 89.3
293034400 69304042312 97.0 16623061052611216 89.3
293132000 69304113312 97.0 16623110438603408 89.3
293139800 69306106312 97.0 16624225343589008 89.3
293144500 69306249512 97.0 16624357685955216 89.3
293178300 69306339212 97.0 16624439340632720 89.3
293224100 69310784712 97.0 16626974390553232 89.3
293401700 69310903512 97.0 16627029431442064 89.3
293895600 69311088412 97.0 16627179234990736 89.3
293931800 69311324912 97.0 16627398717545104 89.3
294010000 69311444612 97.0 16627480128936592 89.3
294010800 69311559712 97.0 16627577352280720 89.3
294028800 69312501712 97.0 16628418476956304 89.3
294133800 69312815012 97.0 16628650679573136 89.3
294140500 69314541012 97.0 16629646912232080 89.3
294154500 69314573212 97.0 16629675407735440 89.3
294173200 69314721812 97.0 16629776901765776 89.3
294174400 69314721912 97.0 16629777112783776 89.3
294223100 69314968012 97.0 16629970700622752 89.3
294224900 69315049512 97.0 16630041965075360 89.3
294296300 69339252612 97.1 16655164831013792 89.5
294298900 69362556412 97.1 16679290291461024 89.6
294340500 69362576412 97.1 16679296255851424 89.6
294454500 69364002712 97.1 16680113864375200 89.6
294455200 69364081012 97.1 16680177313692576 89.6
294567000 69365008112 97.1 16680984523619232 89.6
294719200 69365037712 97.1 16681014294211488 89.6
294914100 69365502012 97.1 16681381408926624 89.6
294984700 69365531912 97.1 16681413626698656 89.6
294999100 69365654812 97.1 16681503135136672 89.6
295005500 69365861612 97.1 16681560588061600 89.6
295027500 69365934012 97.1 16681585148941216 89.6
295032500 69366053712 97.1 16681619670569888 89.6
295071000 69366166212 97.1 16681687721923488 89.6
295087100 69366281212 97.1 16681776784126880 89.6
295110600 69366528812 97.1 16681917987664800 89.6
295127100 69366559812 97.1 16681945122040736 89.6
295151700 69366585312 97.1 16681972887161760 89.6
295269700 69366613512 97.1 16681998726390688 89.6
295321700 69366787912 97.1 16682148545651616 89.6
295333300 69366863412 97.1 16682175933180832 89.6
295358700 69367176112 97.1 16682422545083296 89.6
295403800 69367375912 97.1 16682571824311200 89.6
295407500 69367623712 97.1 16682778779642784 89.6
295431500 69372544312 97.1 16685598127877024 89.6
295482900 69372638012 97.1 16685625725733792 89.6
295727200 69372664912 97.1 16685651922564000 89.6
295772400 69372802012 97.1 16685759461839776 89.6
295869200 69372830612 97.1 16685785689326496 89.6
296069700 69373170612 97.1 16686099003900832 89.6
296078400 69373226212 97.1 16686149810885536 89.6
296194200 69373373312 97.1 16686230473094048 89.6
296253900 69373514912 97.1 16686352010769312 89.6
296417200 69373755712 97.1 16686495974093728 89.6
296956800 69373782412 97.1 16686525179216800 89.6
297080700 69373974912 97.1 16686643371008928 89.6
298838700 69377835012 97.1 16688889378857888 89.6
299418200 69378032212 97.1 16688997649654688 89.6
299601400 69379125512 97.1 16689634111824800 89.6
299709300 69379406612 97.1 16689869200155552 89.6
300442300 69379498012 97.1 16689926904468384 89.6
300538700 69379674812 97.1 16689976765215648 89.6
300785000 69379731212 97.1 16690023840805792 89.6
300900500 69379815612 97.1 16690051732902816 89.6
300956700 69379874512 97.1 16690072006282144 89.6
300957100 69379971712 97.1 16690101378956192 89.6
301028600 69380062312 97.1 16690129711750048 89.6
301087500 69380180412 97.1 16690165382663072 89.6
301337500 69380276212 97.1 16690225226451872 89.6
301391500 69380456612 97.1 16690361284045728 89.6
301451900 69380998512 97.1 16690846844398496 89.6
301479600 69381115412 97.1 16690909643930528 89.6
301640500 69381165212 97.1 16690925615966112 89.6
301935900 69381227812 97.1 16690958069393312 89.6
301984700 69381350012 97.1 16691056913336224 89.6
302573100 69381480212 97.1 16691131378370464 89.6
303068200 69381616912 97.1 16691208306780064 89.6
303310500 69405010012 97.1 16715531688044448 89.8
303959700 69405105012 97.1 16715596698007456 89.8
304056800 69405308212 97.1 16715712667309984 89.8
304264400 69405354712 97.1 16715741308368800 89.8
304319500 69405410912 97.1 16715774908676000 89.8
304346900 69405512112 97.1 16715830666192800 89.8
304371200 69405759712 97.1 16715953052600224 89.8
304432100 69405903912 97.1 16716022576129952 89.8
304533600 69405993112 97.1 16716051076925344 89.8
304547300 69407197212 97.1 16716734218749856 89.8
304547700 69407320412 97.1 16716800620832672 89.8
304559800 69407559512 97.1 16716924535072672 89.8
305233200 69407700612 97.1 16717049499854752 89.8
305285900 69408216112 97.1 16717326973970336 89.8
305695600 69408264512 97.1 16717354236127136 89.8
305713600 69408375812 97.1 16717417939765152 89.8
305744200 69408425912 97.1 16717445698643872 89.8
306141300 69432135412 97.2 16742111066679200 89.9
306166500 69432386612 97.2 16742235114203040 89.9
306314700 69432492912 97.2 16742294825281440 89.9
306348100 69432546912 97.2 16742327656810400 89.9
306383100 69432606012 97.2 16742361545885600 89.9
306598200 69432630312 97.2 16742384265062304 89.9
306719200 69433409812 97.2 16742805195581344 89.9
306806100 69433616212 97.2 16742907440613280 89.9
306928300 69433855312 97.2 16743023680636832 89.9
307109200 69434360212 97.2 16743325771089824 89.9
307119600 69437315612 97.2 16745932513986464 89.9
307177400 69437419312 97.2 16746004781557664 89.9
307315300 69437467712 97.2 16746031375656864 89.9
307818900 69437711812 97.2 16746237986826144 89.9
308398200 69438320412 97.2 16746753698293664 89.9
310911800 69439354512 97.2 16747351493896096 89.9
311015000 69439588012 97.2 16747475811182496 89.9
311084000 69440029812 97.2 16747895405062048 90.0
311329200 69440086612 97.2 16747927898220448 90.0
311643900 69440110612 97.2 16747952596547488 90.0
311725900 69464024112 97.2 16773021873960864 90.1
311861900 69464271912 97.2 16773151644112800 90.1
311960700 69464635212 97.2 16773368579872672 90.1
312233800 69465038712 97.2 16773579564685216 90.1
312330800 69465434012 97.2 16773784966846368 90.1
312640200 69465543812 97.2 16773846540011424 90.1
313199100 69465612412 97.2 16773866868717472 90.1
313225500 69465696112 97.2 16773910884013984 90.1
313303300 69466501012 97.2 16774562991003552 90.1
313530200 69467008412 97.2 16774860514318240 90.1
313652000 69467087012 97.2 16774884795279264 90.1
313658000 69468718512 97.2 16776084596778912 90.1
313687100 69468812912 97.2 16776142778173344 90.1
313960000 69469156912 97.2 16776439124133792 90.1
313970100 69469184812 97.2 16776447273510304 90.1
313992700 69469231112 97.2 16776470347097504 90.1
313993900 69469231312 97.2 16776470769133312 90.1
314246600 69469280612 97.2 16776498790373120 90.1
314318900 69469379312 97.2 16776555527141120 90.1
314340400 69469402812 97.2 16776564497923840 90.1
314787500 69469683012 97.2 16776792769085184 90.1
315546600 69469706412 97.2 16776812108201728 90.1
324116300 69470102612 97.2 16777020154134272 90.1
325246600 69489960012 97.3 16797780383973120 90.2
326572200 69490004512 97.3 16797805447876352 90.2
326574600 69490103612 97.3 16797835357957888 90.2
327242100 69490260812 97.3 16797924736880384 90.2
327491300 69490970412 97.3 16798321636200192 90.2
327626400 69491212612 97.3 16798454939889408 90.2
327744500 69491340412 97.3 16798531258175232 90.2
328035100 69492475112 97.3 16799186546347776 90.2
328038200 69493375712 97.3 16799965433974528 90.2
328054100 69493486112 97.3 16799995886333696 90.2
329698400 69493834112 97.3 16800190450315008 90.2
329711800 69493985212 97.3 16800234027474688 90.2
329846900 69494169812 97.3 16800308726226688 90.2
330025700 69494274912 97.3 16800341750916864 90.2
330046000 69494323312 97.3 16800371288401664 90.2
330107200 69494368612 97.3 16800395436574464 90.2
330127800 69496163512 97.3 16801455345977088 90.2
330146400 69496288312 97.3 16801490766870272 90.2
338366700 69520220312 97.3 16826598155826944 90.4
338461600 69520306112 97.3 16826627482081024 90.4
338551500 69520373212 97.3 16826651982268160 90.4
338700500 69520493912 97.3 16826686751057664 90.4
338797900 69523066912 97.3 16829076120479488 90.4
338949300 69523109412 97.3 16829088090503936 90.4
339036200 69523252012 97.3 16829130927192832 90.4
339879100 69523430912 97.3 16829239230012160 90.4
340260500 69524402312 97.3 16830173204978432 90.4
340893600 69524675612 97.3 16830393666181888 90.4
342269800 69524975312 97.3 16830552208284416 90.4
342544300 69529437612 97.3 16833112546712320 90.4
353666000 69530871412 97.3 16833940196203264 90.4
355597400 69548717712 97.3 16852330577173248 90.5
355792800 69548821712 97.3 16852390314875648 90.5
355796300 69548889012 97.3 16852410308115200 90.5
355830200 69548954512 97.3 16852471493831424 90.5
355830500 69549028812 97.3 16852496363768576 90.5
356540800 69549295512 97.3 16852629450787584 90.5
356970200 69549434512 97.3 16852740100434688 90.5
357006300 69550271912 97.3 16853521143868160 90.5
357051000 69550360512 97.3 16853549982997248 90.5
357180600 69550435012 97.3 16853573775764224 90.5
357228300 69550538112 97.3 16853602537204480 90.5
358337200 69550644212 97.3 16853637508233984 90.5
358565600 69550745112 97.3 16853690409917184 90.5
359246400 69554465212 97.4 16855764012866304 90.5
360632900 69555931812 97.4 16856592151714560 90.5
371622600 69556478912 97.4 16856884607032064 90.5
372845200 69558641512 97.4 16858907875842816 90.5
373133800 69558883812 97.4 16859021075020544 90.5
373817800 69583519012 97.4 16884911962061568 90.7
374819900 69583650112 97.4 16884949028997888 90.7
375173700 69583731312 97.4 16884976804240128 90.7
375214100 69583864512 97.4 16885016526150400 90.7
375257000 69583865712 97.4 16885019058589184 90.7
375258500 69583920112 97.4 16885037143834112 90.7
375277400 69583961012 97.4 16885050862402048 90.7
375300900 69584519712 97.4 16885359236807168 90.7
375578200 69585262412 97.4 16885763890674176 90.7
390403100 69585312712 97.4 16885783084861952 90.7
390423100 69607541312 97.4 16909142636038656 90.8
390436400 69607542312 97.4 16909144746398464 90.8
390477000 69607764312 97.4 16909215918969600 90.8
391050400 69610474912 97.4 16911775205937920 90.8
392587300 69610644812 97.4 16911828515160832 90.8
392683700 69618136812 97.4 16916054508700416 90.9
392685600 69618158812 97.4 16916066967977728 90.9
394004100 69619645012 97.4 16917357304839936 90.9
394007100 69619645212 97.4 16917357726875744 90.9
410676600 69645708512 97.5 16944487353368672 91.0
410755600 69645915512 97.5 16944553934119008 91.0
413013000 69646068612 97.5 16944598783909984 91.0
413099600 69646247112 97.5 16944649586196576 91.0
413139300 69646552012 97.5 16944729688186976 91.0
413178000 69646553812 97.5 16944733486864480 91.0
413190200 69652399712 97.5 16947959443773536 91.0
413456700 69652514812 97.5 16947992966277216 91.0
413987100 69655357512 97.5 16950902389287008 91.0
430925700 69682082912 97.5 16979048008329312 91.2
431004700 69682256912 97.5 16979099453589600 91.2
433130100 69682401912 97.5 16979140663834720 91.2
433480400 69682519212 97.5 16979176802580576 91.2
433487400 69682521112 97.5 16979180812308320 91.2
433538200 69682618212 97.5 16979211304935264 91.2
433543100 69690926512 97.5 16983802820534112 91.2
433555800 69690928812 97.5 16983807674365280 91.2
433599700 69690930512 97.5 16983811261985376 91.2
433600000 69691004612 97.5 16983829388517984 91.2
435173100 69693202812 97.5 16986002691646048 91.2
447987000 69693550312 97.5 16986109833953888 91.2
448054700 69717324212 97.6 17011257660195424 91.4
448080500 69717325512 97.6 17011260193450080 91.4
448998100 69717394212 97.6 17011281802373216 91.4
449158100 69724123112 97.6 17014931187640416 91.4
451251000 69726289612 97.6 17017111384893536 91.4
451614400 69727581212 97.6 17017844434020448 91.4
451647200 69727670812 97.6 17017876820179040 91.4
451705300 69727739012 97.6 17017901191448672 91.4
451776000 69727812612 97.6 17017924703408224 91.4
452815200 69727995912 97.6 17018077506359392 91.4
464849200 69728463412 97.6 17018536696172640 91.4
466193400 69747668112 97.6 17038287046660192 91.5
466228100 69747801612 97.6 17038328082215008 91.5
466377400 69747924612 97.6 17038449295945824 91.5
466468700 69747980412 97.6 17038467531884640 91.5
466767100 69748043412 97.6 17038487902812256 91.5
466783300 69748044412 97.6 17038490013165664 91.5
466784700 69748045612 97.6 17038492545603168 91.5
466814900 69748239812 97.6 17038558158685792 91.5
466904600 69748264312 97.6 17038567873787488 91.5
466905400 69753171912 97.6 17041280404633184 91.5
470162500 69755245612 97.6 17042449672255072 91.5
471735300 69755805012 97.6 17042987355453024 91.5
472820400 69755877212 97.6 17043011826417248 91.5
472882100 69773051412 97.7 17061060161896032 91.6
473230700 69773078912 97.7 17061072743579232 91.6
473361000 69773207612 97.7 17061147887132256 91.6
473447400 69773232312 97.7 17061158770591328 91.6
473450800 69773283612 97.7 17061177585417824 91.6
473532000 69773377712 97.7 17061206374418016 91.6
473615300 69773549112 97.7 17061324095293024 91.6
473752800 69773616512 97.7 17061346804598368 91.6
473777800 69775607812 97.7 17063240590394976 91.6
476682900 69779710112 97.7 17065547002512992 91.7
476940400 69780313512 97.7 17065887616009824 91.7
477380300 69780785912 97.7 17066154601891424 91.7
479268300 69780787112 97.7 17066157134333536 91.7
479272500 69780787212 97.7 17066157345351328 91.7
479272700 69780787312 97.7 17066157556369328 91.7
479282300 69780942912 97.7 17066212623128496 91.7
479306300 69780944312 97.7 17066215577671344 91.7
479372100 69798030512 97.7 17083845831218864 91.8
479399000 69798189612 97.7 17083895535503024 91.8
479842200 69798488412 97.7 17084035443689136 91.8
480137900 69800353712 97.7 17085865036842672 91.8
481033100 69800787912 97.7 17086265592743600 91.8
481124700 69800874912 97.7 17086311876110000 91.8
482797600 69801200212 97.7 17086485952226992 91.8
482833600 69801331412 97.7 17086604858361520 91.8
483047000 69804088312 97.7 17088130582972080 91.8
489819800 69804568612 97.7 17088398265829040 91.8
490071000 69805630512 97.7 17088982738814640 91.8
490146000 69806147712 97.7 17089259359159984 91.8
490304300 69806249412 97.7 17089311364097712 91.8
492527600 69806421812 97.7 17089403688421040 91.8
492609100 69806483212 97.7 17089424757204656 91.8
492632800 69806584912 97.7 17089460751742640 91.8
492672300 69806732812 97.7 17089508059084464 91.8
492704100 69806732912 97.7 17089508270086864 91.8
492740300 69806734112 97.7 17089510802547664 91.8
493118500 69806887612 97.7 17089561725850576 91.8
493263200 69824096412 97.7 17107534398182352 91.9
493339700 69826049512 97.7 17109433720984528 91.9
493426900 69826071512 97.7 17109445440050128 91.9
493471200 69826249212 97.7 17109541693682640 91.9
493598400 69826329312 97.7 17109583363814352 91.9
493924500 69826565412 97.7 17109709615428560 91.9
493957800 69826642712 97.7 17109752111633360 91.9
496406200 69826792212 97.7 17109834907767760 91.9
496552200 69829516212 97.7 17111324705280976 91.9
504820300 69830495312 97.7 17111858045604816 91.9
505383400 69848312812 97.8 17130351669367760 92.0
507874800 69848561012 97.8 17130428776182736 92.0
507956300 69848562112 97.8 17130431097609424 92.0
507968700 69848655912 97.8 17130526027979984 92.0
507972300 69848714812 97.8 17130559981438160 92.0
508021700 69848782812 97.8 17130577999885520 92.0
508264500 69849172712 97.8 17130789300417744 92.0
508280700 69849173712 97.8 17130791410803536 92.0
509673700 69849361012 97.8 17130985227101008 92.0
509875500 69850975512 97.8 17132632412857168 92.0
512853800 69855736512 97.8 17135243715486544 92.0
533415000 69874924312 97.8 17155521080271696 92.1
533480600 69875094012 97.8 17155577457693520 92.1
533522600 69875094112 97.8 17155577668709712 92.1
533525900 69875339712 97.8 17155652410338640 92.1
533560200 69875400812 97.8 17155674362412368 92.1
533580200 69875462312 97.8 17155694559298896 92.1
533622700 69875523612 97.8 17155716860656976 92.1
533674700 69875525212 97.8 17155720237252432 92.1
533700000 69875592012 97.8 17155741052245840 92.1
533714800 69877948212 97.8 17158108366968656 92.2
537338100 69885744312 97.8 17162480155563856 92.2
555742600 69909634112 97.9 17187381885212496 92.3
555773300 69909699412 97.9 17187401936422736 92.3
555941000 69909814412 97.9 17187436036204368 92.3
557640500 69909816812 97.9 17187440891106128 92.3
557721500 69910814312 97.9 17188376145400656 92.3
557746600 69910923812 97.9 17188414712103760 92.3
557752900 69910925912 97.9 17188418945492304 92.3
557754100 69911099512 97.9 17188476460750160 92.3
557758200 69911100912 97.9 17188479205035344 92.3
557777700 69911101712 97.9 17188480893321680 92.3
579833400 69911671712 97.9 17188784818684368 92.3
580375000 69931337812 97.9 17209307097268688 92.4
582978300 69931398312 97.9 17209323640563152 92.4
583141500 69931427812 97.9 17209333525679568 92.4
583177600 69931443312 97.9 17209341060618192 92.4
583184800 69931758112 97.9 17209644417849296 92.4
583215500 69931821312 97.9 17209664875114448 92.4
583216400 69931867812 97.9 17209690966224848 92.4
583254600 69933845612 97.9 17211615482114000 92.4
583313200 69933895512 97.9 17211632826732496 92.4
583685500 69940146412 97.9 17215109521231824 92.5
585174600 69940209012 97.9 17215131702855632 92.5
585323100 69941061512 97.9 17216006248597456 92.5
594234200 69956530712 97.9 17232496362391504 92.6
594481200 69956783812 97.9 17232748441159632 92.6
595043100 69957284112 97.9 17233026687649744 92.6
595747300 69957326112 97.9 17233042615258064 92.6
595828300 69957370612 97.9 17233067002842064 92.6
596471700 69957415912 97.9 17233089027853264 92.6
596505200 69957500712 97.9 17233116296563664 92.6
596516600 69957775212 97.9 17233276401617872 92.6
596618300 69957877812 97.9 17233325340380112 92.6
596683200 69957885012 97.9 17233331791352784 92.6
596769200 69957934312 97.9 17233346976523216 92.6
597930400 69957947712 97.9 17233354733323216 92.6
597963200 69957979512 97.9 17233371480418256 92.6
598295800 69958016612 97.9 17233390278805456 92.6
598487400 69958067212 97.9 17233407305401296 92.6
599280100 69958114512 97.9 17233424680066000 92.6
599573700 69958649712 97.9 17233732608924624 92.6
599918000 69959006212 97.9 17233928499977168 92.6
600223000 69959489712 97.9 17234199250082768 92.6
600310200 69963640712 97.9 17236523760098256 92.6
600424600 69964206812 97.9 17236848198196176 92.6
601817900 69964218612 97.9 17236853951028176 92.6
602234500 69964850112 97.9 17237182364343248 92.6
606412500 69964850712 97.9 17237183630427600 92.6
606420900 69966468412 97.9 17238754102232528 92.6
606456600 69966515612 97.9 17238769195521488 92.6
606521300 69966569412 97.9 17238791371644368 92.6
606525100 69966596012 97.9 17238801685852624 92.6
606627700 69966641312 97.9 17238817267489232 92.6
606662800 69966721112 97.9 17238841664717264 92.6
606689700 69980810112 98.0 17253958901023184 92.7
608549300 69981827912 98.0 17254970016448976 92.7
609341100 69985849412 98.0 17257171996688848 92.7
613181800 69986096312 98.0 17257418957914576 92.7
615108400 69986202912 98.0 17257466184569296 92.7
615176900 69986320212 98.0 17257503587520976 92.7
615207800 69986320812 98.0 17257504853736400 92.7
615220100 69986350612 98.0 17257515816197072 92.7
615257600 70000386312 98.0 17272516575632336 92.8
615317100 70000416312 98.0 17272551628344272 92.8
619204700 70000446612 98.0 17272563869610960 92.8
619220000 70001315512 98.0 17273032078750672 92.8
619286500 70002709512 98.0 17273795275879376 92.8
619299000 70002758112 98.0 17273812287455184 92.8
619356800 70002877512 98.0 17273853822697424 92.8
640771700 70018322812 98.0 17289882952073168 92.9
641127900 70018426412 98.0 17289921064697808 92.9
641156500 70018426512 98.0 17289921275715808 92.9
641172800 70020084612 98.0 17291576679293152 92.9
641291600 70020084712 98.0 17291576890311152 92.9
641319200 70020126712 98.0 17291589276090864 92.9
641490100 70021952812 98.0 17292625648435696 92.9
641604000 70022502912 98.0 17292904101298672 92.9
645283500 70022577412 98.0 17292930615341552 92.9
645304700 70022640212 98.0 17292953949719024 92.9
645441500 70027722312 98.0 17295737757780464 92.9
645925900 70027787712 98.0 17295771158817264 92.9
646228300 70027978012 98.0 17295875749972464 92.9
648174700 70029411012 98.0 17297388858116592 92.9
675478500 70046199312 98.0 17314688219875824 93.0
675489600 70046230412 98.0 17314700087760368 93.0
675531800 70046336212 98.0 17314729648487920 93.0
675556600 70046403212 98.0 17314753610343920 93.0
675609800 70046456812 98.0 17314771737804272 93.0
675771400 70046526612 98.0 17314795822546416 93.0
679687800 70046606712 98.0 17314827019869680 93.0
679689600 70048299112 98.0 17316566891748848 93.0
679705100 70052107612 98.0 17318647897382384 93.0
679857600 70052166912 98.0 17318670404042224 93.0
700075100 70068417112 98.1 17335423286787568 93.1
700088800 70068451112 98.1 17335438173292016 93.1
700117200 70068473512 98.1 17335462303614448 93.1
700190100 70068546812 98.1 17335486317983216 93.1
700202800 70068581612 98.1 17335500182152688 93.1
700984700 70068617312 98.1 17335513359094256 93.1
701094100 70068632912 98.1 17335523763072496 93.1
701228400 70068662812 98.1 17335533552194032 93.1
702516600 70068934012 98.1 17335837867168240 93.1
702581700 70068935212 98.1 17335840399626992 93.1
702608000 70068962712 98.1 17335852771257072 93.1
702624500 70072745712 98.1 17337932872362736 93.1
702631400 70072753012 98.1 17337941004176624 93.1
703023000 70072761112 98.1 17337950442480880 93.1
703545900 70073073412 98.1 17338255123440880 93.1
705175800 70073794012 98.1 17338950503916784 93.1
705450800 70073800712 98.1 17338957159574768 93.1
720526900 70073876512 98.1 17339034861612272 93.1
720822400 70073932612 98.1 17339057575271664 93.1
720974700 70086065212 98.1 17351831119437040 93.2
720999600 70086153312 98.1 17351862725434608 93.2
721006500 70086155012 98.1 17351866313045488 93.2
721431500 70086221512 98.1 17351901109384688 93.2
721504700 70086313412 98.1 17351947764708848 93.2
722160700 70086339412 98.1 17351958270590448 93.2
722203900 70086376512 98.1 17351971768232432 93.2
722206700 70089435712 98.1 17353627573414384 93.2
722395400 70089473212 98.1 17353643104173552 93.2
722549500 70089539412 98.1 17353680167112176 93.2
722761400 70100805512 98.1 17365321440038384 93.3
722916500 70100880012 98.1 17365394199825904 93.3
723281600 70101466712 98.1 17365991001902576 93.3
725559300 70101523412 98.1 17366009925789168 93.3
725832400 70101602412 98.1 17366048557008368 93.3
725893200 70101648112 98.1 17366060253136368 93.3
726037200 70102889312 98.1 17367356844230128 93.3
726123400 70102890212 98.1 17367358743547632 93.3
726167200 70102907312 98.1 17367365460396784 93.3
726238700 70102994812 98.1 17367399615767280 93.3
726364500 70103061512 98.1 17367439139914480 93.3
726942300 70103212312 98.1 17367524764091120 93.3
727119400 70104770012 98.1 17368403174097648 93.3
750964700 70117098512 98.1 17381145569264368 93.4
755278700 70117179212 98.1 17381233214898928 93.4
755573400 70120727712 98.1 17383176175502064 93.4
755584100 70121001512 98.1 17383474874893040 93.4
755693500 70121003212 98.1 17383478252112880 93.4
757984700 70121322912 98.1 17383672350673904 93.4
757998000 70121368412 98.1 17383719748307952 93.4
758008500 70121431712 98.1 17383738601196528 93.4
758027100 70121432812 98.1 17383740922607088 93.4
758189200 70121531812 98.1 17383774677356016 93.4
758297600 70122503512 98.1 17384801302138352 93.4
758310000 70122505112 98.1 17384804678726896 93.4
789720500 70122570012 98.1 17384826516872432 93.4
789786100 70136477012 98.2 17399123015965936 93.4
791476000 70136551212 98.2 17399143977655536 93.4
791586900 70136582012 98.2 17399154065170672 93.4
791760600 70141256212 98.2 17401674723647728 93.5
791774400 70141283412 98.2 17401685007781104 93.5
791876500 70141318812 98.2 17401705493515504 93.5
792708300 70141354012 98.2 17401726407691504 93.5
792827000 70141412312 98.2 17401766618123504 93.5
797782500 70141727212 98.2 17401942998437104 93.5
798191900 70144446212 98.2 17404047901379824 93.5
798250100 70144762012 98.2 17404210831133936 93.5
805226100 70144786812 98.2 17404234890208496 93.5
805664600 70144855012 98.2 17404274151167216 93.5
806305400 70145075112 98.2 17404398397797616 93.5
806462600 70155680412 98.2 17415228741891312 93.5
806591000 70155721112 98.2 17415243153872112 93.5
808129900 70156897312 98.2 17415895320040688 93.5
809176300 70156957512 98.2 17415929760027888 93.5
809247200 70157159412 98.2 17416151180252400 93.5
810640100 70157182612 98.2 17416162065553648 93.5
810679800 70157218012 98.2 17416176995268848 93.5
810692700 70157245912 98.2 17416186680948976 93.5
810741900 70157268812 98.2 17416201412899056 93.5
811816500 70157738812 98.2 17416468605104368 93.5
812267700 70157827012 98.2 17416512996528368 93.5
813123000 70158750612 98.2 17417476143993072 93.5
814319900 70159053412 98.2 17417634119962864 93.5
814368400 70159085812 98.2 17417647100866800 93.5
814497000 70159143512 98.2 17417676650639600 93.5
825350500 70159177312 98.2 17417684533596400 93.5
825588100 70168398012 98.2 17427400299073776 93.6
825633300 70168425012 98.2 17427407808065776 93.6
825658200 70168451812 98.2 17427416814145776 93.6
825673400 70168479312 98.2 17427426320142576 93.6
825784000 70168503712 98.2 17427434900852976 93.6
825796800 70168552012 98.2 17427448594600176 93.6
826311300 70172752912 98.2 17430282587508976 93.6
845485900 70183017012 98.2 17440896787583216 93.7
845737400 70183088612 98.2 17440920721535216 93.7
845888200 70183095312 98.2 17440925637688048 93.7
846080300 70183223712 98.2 17440963275217648 93.7
848756800 70183907612 98.2 17441718872529648 93.7
851717300 70183937512 98.2 17441730233604848 93.7
851810400 70187094912 98.2 17443430335355632 93.7
854733400 70187557312 98.2 17443917359323888 93.7
889504500 70197895012 98.3 17454550826982128 93.7
889543100 70197919212 98.3 17454561225683696 93.7
889634200 70197967512 98.3 17454589420634864 93.7
889639500 70198025912 98.3 17454606695924464 93.7
889649900 70198059312 98.3 17454617084609264 93.7
889713900 70198086812 98.3 17454623887246064 93.7
890383500 70199007412 98.3 17455588380558064 93.8
890435400 70199028712 98.3 17455595000718064 93.8
890496600 70201872412 98.3 17457178215080688 93.8
902217000 70201890412 98.3 17457187217558256 93.8
902332500 70202260612 98.3 17457389832342256 93.8
902687800 70210411412 98.3 17465841829907184 93.8
907845900 70210714412 98.3 17466001069492976 93.8
908065600 70210758312 98.3 17466015056923376 93.8
908158500 70210796712 98.3 17466032610370288 93.8
908236200 70211541512 98.3 17466451043181296 93.8
908405600 70211579812 98.3 17466467623554800 93.8
908888100 70212437212 98.3 17467392318689008 93.8
924860900 70220803912 98.3 17476213121404656 93.9
926012200 70223920912 98.3 17477841946463984 93.9
926013000 70223921012 98.3 17477842157490080 93.9
928416200 70224971312 98.3 17478983159041952 93.9
928444600 70224971512 98.3 17478983581076064 93.9
961672900 70235867012 98.3 17490428435794528 93.9
967533800 70239879712 98.3 17492576284609120 93.9
967572500 70239882612 98.3 17492582058787424 93.9
969949100 70240692112 98.3 17493426448990816 94.0
998712400 70248067112 98.3 17501296367338080 94.0
998776100 70248247812 98.3 17501357943243360 94.0
1002422400 70250344312 98.3 17502537307996768 94.0
1002613200 70250411512 98.3 17502558941225568 94.0
1002654000 70250416612 98.3 17502569704140384 94.0
1004208200 70251196012 98.3 17503410319994464 94.0
1034550900 70258797812 98.3 17511216565136992 94.0
1034572100 70258799212 98.3 17511219519293792 94.0
1039208600 70258806212 98.3 17511234270444896 94.0
1039213100 70258999712 98.3 17511301415968096 94.1
1039223500 70261793112 98.3 17512912359005536 94.1
1041437300 70262679812 98.3 17513877335645536 94.1
1077969900 70271453112 98.4 17523229385760096 94.1
1077970500 70271453212 98.4 17523229596786000 94.1
1082891400 70273854912 98.4 17524554746764624 94.1
1083028000 70274035012 98.4 17524619347545424 94.1
1084906000 70274669412 98.4 17525301264108880 94.1
1111205500 70280500312 98.4 17531330554088784 94.2
1111247100 70280504912 98.4 17531340051172688 94.2
1115815800 70282294612 98.4 17532391117344080 94.2
1115888800 70282427912 98.4 17532437604896080 94.2
1118241300 70283106512 98.4 17533212844461392 94.2
1118284000 70283110312 98.4 17533220863823696 94.2
1157485800 70290078912 98.4 17540327514787664 94.2
1164637000 70292203412 98.4 17541449513520960 94.2
1167162100 70292870312 98.4 17542085086760768 94.2
1192141100 70297726912 98.4 17546937383735104 94.2
1195851900 70299134512 98.4 17547778416398144 94.2
1195976000 70299229212 98.4 17547809968910144 94.2
1197884000 70299717712 98.4 17548368633818944 94.2
1241520300 70299717912 98.4 17548369055853056 94.2
1241528300 70304847112 98.4 17553763033033216 94.3
1241540700 70304849212 98.4 17553767464803328 94.3
1247700100 70304983412 98.4 17553810390268928 94.3
1247714600 70306687812 98.4 17554728482847744 94.3
1247745200 70306689212 98.4 17554731437364480 94.3
1249422400 70307099112 98.4 17555177054967040 94.3
1280622300 70307099412 98.4 17555177688077120 94.3
1280674400 70310958612 98.4 17559070820864832 94.3
1284313400 70311978212 98.4 17559645041595200 94.3
1284381200 70311978412 98.4 17559645463672288 94.3
1284441200 70311978612 98.4 17559645885680896 94.3
1284447300 70312055712 98.4 17559670897167616 94.3
1287350700 70312404112 98.4 17560048754773248 94.3
1330754600 70316183812 98.4 17563873178832128 94.3
1338930700 70317246412 98.4 17564484591439104 94.3
1338932400 70317248512 98.4 17564488812789504 94.3
1341171800 70317614312 98.4 17564817146904320 94.3
1375594800 70320244812 98.4 17567473165795072 94.4
1379389100 70320942412 98.4 17567855492366080 94.4
1379420800 70321013212 98.4 17567880990990080 94.4
1382343100 70321244912 98.4 17568139888828160 94.4
1430825100 70323761812 98.4 17570684885802752 94.4
1439606900 70324516312 98.4 17571100369100544 94.4
1439656600 70324517912 98.4 17571103745704704 94.4
1439675600 70324518612 98.4 17571105222747392 94.4
1439676300 70324519112 98.4 17571106101406784 94.4
1439798000 70324592212 98.4 17571128493419584 94.4
1442090900 70324749112 98.4 17571314104773696 94.4
1482371400 70326291212 98.4 17572841264491584 94.4
1486064700 70326710812 98.4 17573088016346176 94.4
1486202200 70326752212 98.4 17573100303322176 94.4
1489623700 70326861112 98.4 17573230046129216 94.4
1550601100 70328021312 98.4 17574386558348352 94.4
1558628200 70328323112 98.4 17574571446676544 94.4
1558766800 70328341612 98.4 17574576654945344 94.4
1560404700 70328359912 98.4 17574596650787904 94.4
1563385700 70328380612 98.4 17574607865226304 94.4
1586856600 70328491012 98.4 17574714569172032 94.4