# 27144669184 6759623541391360 950340 1580426400 1330575605962600 0 0
0 14408350720 53.1 -1731355004108800 -25.6
624900 17282525696 63.7 150519544807424 2.2
1100500 18221572800 67.1 693615206596608 10.3
1540800 18777003008 69.2 1004137047130112 14.9
1959400 19166506624 70.6 1218986159112192 18.0
2358300 19466754720 71.7 1383622841991168 20.5
2738700 19710099120 72.6 1517785783992320 22.5
3112100 19915159616 73.4 1631520032817152 24.1
3481100 20091745616 74.0 1730207534809088 25.6
3847100 20247037520 74.6 1817382553124864 26.9
4179000 20385659824 75.1 1895940508090368 28.0
4505200 20510031424 75.6 1966756205690880 29.1
4858400 20623326128 76.0 2031565542522880 30.1
5195600 20726913928 76.4 2091092660977664 30.9
5505100 20822381928 76.7 2146220051005440 31.8
5839400 20910982328 77.0 2197787609399296 32.5
6160000 20993547432 77.3 2246011330232320 33.2
6453500 21070727832 77.6 2291478881632256 33.9
6762500 21142974136 77.9 2334208810811392 34.5
7088900 21211079736 78.1 2374577464279040 35.1
7383500 21211085936 78.1 2374582947169792 35.1
7387500 21275596736 78.4 2412863894210048 35.7
7973700 21394399232 78.8 2483809539737088 36.7
7974500 21394418732 78.8 2483823616255488 36.7
8556000 21394420432 78.8 2483826243937280 36.7
8564400 21501790928 79.2 2548455913563136 37.7
9150400 21599986728 79.6 2607941026063360 38.6
9163400 21599989228 79.6 2607944633057536 38.6
9703400 21599998628 79.6 2607953577337088 38.6
9713200 21690121428 79.9 2663026235891968 39.4
10268700 21773435732 80.2 2713989126643968 40.2
10291100 21773440332 80.2 2713997420330240 40.2
10850800 21850626828 80.5 2761503772572928 40.9
10851300 21850626928 80.5 2761503983610432 40.9
11408500 21850632228 80.5 2761509912573504 40.9
11411500 21922476324 80.8 2805840241358400 41.5
11936700 21922476824 80.8 2805840664031200 41.5
11937900 21989695424 81.0 2847680293466080 42.1
12463100 21989704224 81.0 2847686685274080 42.1
12482100 22052799924 81.2 2887277224046560 42.7
12977700 22112132324 81.5 2924582810857440 43.3
12995500 22112142724 81.5 2924592091369440 43.3
13751900 22194937124 81.8 2976955623804896 44.0
13856100 22197855424 81.8 2980662286487520 44.1
14497500 22270027328 82.0 3023680112693216 44.7
14497900 22270027428 82.0 3023680323729920 44.7
14598400 22274188028 82.1 3029048071305728 44.8
15238900 22340941328 82.3 3068977614699008 45.4
15378700 22344801628 82.3 3073938407307776 45.5
15952700 22406803428 82.5 3111347916388864 46.0
15953300 22406803528 82.5 3111348127430864 46.0
16054600 22410516228 82.6 3116223529777360 46.1
16685400 22468174328 82.8 3151038002002128 46.6
16687200 22468174428 82.8 3151038213017728 46.6
16868100 22471664628 82.8 3155467241279616 46.7
17505900 22525652628 83.0 3188302933151872 47.2
17518100 22525653228 83.0 3188303171429472 47.2
17635000 22530487428 83.0 3192919450723424 47.2
18258000 22530488028 83.0 3192919662783024 47.2
18258600 22581301228 83.2 3223785545919024 47.7
18418700 22585810428 83.2 3229474286201392 47.8
19161000 22585810928 83.2 3229474498057888 47.8
19161700 22649689628 83.4 3268348230276768 48.4
19282200 22653733628 83.5 3273432285615776 48.4
20064200 22653736328 83.5 3273434544150176 48.4
20071600 22712602228 83.7 3309721770727072 49.0
20211000 22715458328 83.7 3313388010280608 49.0
20222100 22715462128 83.7 3313391835745440 49.0
20948000 22715464128 83.7 3313392899886240 49.0
20951700 22770513628 83.9 3347446730886304 49.5
21036200 22770515928 83.9 3347448728678560 49.5
21045100 22774224528 83.9 3352260096061600 49.6
21816300 22825728228 84.1 3384206601777312 50.1
21821600 22825733128 84.1 3384208175032224 50.1
21955900 22825734928 84.1 3384208542744736 50.1
21970300 22829254428 84.1 3388755629129888 50.1
22662500 22829254628 84.1 3388755840371680 50.1
22665400 22877627728 84.3 3418907253181408 50.6
22830000 22877627828 84.3 3418907253386208 50.6
22830100 22880915928 84.3 3423049144052704 50.6
22830200 22880916028 84.3 3423049355066304 50.6
23739200 22880916128 84.3 3423049566082800 50.6
23788300 22937554128 84.5 3458520857925360 51.2
23935600 22941372228 84.5 3463481068050160 51.2
24811900 22993993228 84.7 3496616405194480 51.7
24826600 22993995028 84.7 3496616822236880 51.7
24938100 22993995128 84.7 3496617033272080 51.7
24939500 22994002628 84.7 3496621169484816 51.7
24939900 22997758428 84.7 3501438313997328 51.8
25842000 23046827028 84.9 3532292115440656 52.3
25845800 23046828328 84.9 3532292958397456 52.3
26058500 23050410728 84.9 3536866154325008 52.3
26060600 23050412528 84.9 3536866444731408 52.3
26062700 23050412828 84.9 3536866542830608 52.3
26890200 23050412928 84.9 3536866753846704 52.3
26925000 23096537628 85.1 3566174761328048 52.8
27037600 23096538028 85.1 3566175605382448 52.8
27037800 23099853728 85.1 3570443527736592 52.8
28098800 23151564128 85.3 3603303011798288 53.3
28342300 23151564228 85.3 3603303012003088 53.3
28342400 23155335128 85.3 3608164280069392 53.4
29308300 23203529328 85.5 3639128458816784 53.8
29546100 23203529728 85.5 3639129302917008 53.8
29546300 23203529828 85.5 3639129513952816 53.8
29546700 23207077828 85.5 3643702286779952 53.9
30623400 23207078428 85.5 3643703342086832 53.9
30623500 23252183128 85.7 3672590977546928 54.3
30798300 23255630428 85.7 3676849218206384 54.4
31781400 23298675528 85.8 3704057869580976 54.8
31782200 23298675628 85.8 3704057869785776 54.8
31918300 23298677328 85.8 3704060100744624 54.8
31926300 23302471628 85.8 3708907405972912 54.9
31927200 23302473428 85.8 3708909529544112 54.9
33062800 23302473628 85.8 3708909529953712 54.9
33063700 23350752728 86.0 3738991097116080 55.3
33325600 23353863528 86.0 3742996026717616 55.4
34445400 23397353528 86.2 3771129750713776 55.8
34613600 23397355528 86.2 3771131492742576 55.8
34719900 23400796928 86.2 3775459612865968 55.9
35648300 23441294728 86.4 3801974845126064 56.2
35648500 23441294828 86.4 3801975056153664 56.2
35867900 23444962328 86.4 3806686162369600 56.3
35900000 23444963328 86.4 3806687853608000 56.3
35903200 23444968628 86.4 3806696221100096 56.3
37125200 23444968728 86.4 3806696221304896 56.3
37125300 23488344928 86.5 3835222234359872 56.7
37348400 23488345028 86.5 3835222234564672 56.7
37348500 23491887328 86.5 3839703437871168 56.8
38541500 23491887428 86.5 3839703451592768 56.8
38541600 23491904928 86.5 3839717120630848 56.8
38583800 23532502528 86.7 3866274950242368 57.2
38824200 23535804728 86.7 3870451201957952 57.3
38826000 23535804928 86.7 3870451413197952 57.3
39116100 23539285928 86.7 3873792717923456 57.3
40153100 23578180228 86.9 3898152084219008 57.7
40314300 23578180328 86.9 3898152295256000 57.7
40315300 23578180728 86.9 3898153139347072 57.7
40335900 23578180828 86.9 3898153162284672 57.7
40385900 23578181628 86.9 3898153494675072 57.7
40405800 23581582628 86.9 3902430777212544 57.7
40405900 23581584828 86.9 3902431065570944 57.7
40567500 23585242228 86.9 3905931385273984 57.8
41384200 23622822128 87.0 3929943767285376 58.1
41405800 23622822828 87.0 3929944278252288 58.1
41472100 23622826328 87.0 3929945724140288 58.1
41739200 23622826428 87.0 3929945935177280 58.1
41740800 23622827428 87.0 3929946161890880 58.1
41821500 23626144028 87.0 3934090338977344 58.2
42014600 23629595628 87.1 3937384815347264 58.2
43361900 23669073828 87.2 3962819380987456 58.6
43581400 23669073928 87.2 3962819592024448 58.6
43583000 23672621528 87.2 3967268800655744 58.7
43866100 23676258428 87.2 3970764857110912 58.7
45049100 23712043828 87.4 3993501067604352 59.1
45320400 23715340128 87.4 3997677295726976 59.1
45472200 23715340628 87.4 3997677424750976 59.1
45738100 23718765528 87.4 4000871871164800 59.2
46926000 23755167228 87.5 4023974047265152 59.5
47025600 23755172428 87.5 4023977720630400 59.5
47029900 23755172628 87.5 4023978142704512 59.5
47177900 23758531028 87.5 4028134826943360 59.6
47392100 23762094428 87.5 4031551913829248 59.6
47394400 23762094828 87.5 4031552547146432 59.6
48479400 23762095028 87.5 4031552969224544 59.6
48483500 23795862628 87.7 4053067150373216 60.0
48737400 23795862728 87.7 4053067361410208 60.0
48742800 23799024328 87.7 4057020602244256 60.0
48963500 23802371828 87.7 4060154278698144 60.1
48972700 23802372028 87.7 4060154700756256 60.1
50190400 23836959828 87.8 4082236270572832 60.4
50334200 23836960128 87.8 4082236415980832 60.4
50759300 23840348328 87.8 4086488206587168 60.5
51207000 23843550428 87.8 4089480851928352 60.5
51219600 23843554228 87.8 4089483344640032 60.5
52457700 23843561328 87.8 4089487374899232 60.5
52508100 23875826328 88.0 4110236561135648 60.8
52522100 23875830228 88.0 4110238926054688 60.8
52548400 23879005528 88.0 4114174482392352 60.9
53149400 23883833328 88.0 4119074550392096 60.9
53151800 23883839928 88.0 4119084976350496 60.9
54261000 23916655428 88.1 4140031227766048 61.2
54683800 23916655528 88.1 4140031438801856 61.2
54689000 23923175628 88.1 4147195636665280 61.4
56205200 23953755628 88.2 4166830712998848 61.6
56699700 23956036628 88.3 4169749071973312 61.7
57153700 23959222128 88.3 4172713063140288 61.7
57155700 23959222328 88.3 4172713485214880 61.7
58293800 23990007328 88.4 4192508995773600 62.0
58299900 23990008528 88.4 4192510261437600 62.0
58464000 23993071828 88.4 4196362127516832 62.1
58803600 23996513628 88.4 4199678201930912 62.1
58806200 23996513728 88.4 4199678412972912 62.1
60429700 24027362828 88.5 4219616215294832 62.4
60899300 24030499328 88.5 4223496423859056 62.5
61211400 24030511528 88.5 4223512313298800 62.5
61300700 24033758628 88.5 4226557071818608 62.5
62501100 24064386228 88.7 4246433257717616 62.8
62501200 24064386328 88.7 4246433257922416 62.8
62905000 24067465628 88.7 4250227259645808 62.9
63315500 24070727228 88.7 4253297472085872 62.9
64668800 24070727428 88.7 4253297894117680 62.9
64669000 24099411728 88.8 4271883842900272 63.2
65303100 24102503828 88.8 4275619766620464 63.3
65730800 24102504028 88.8 4275619780546864 63.3
65730900 24105767828 88.8 4278717766357296 63.3
67006700 24134373528 88.9 4297356198465840 63.6
67179500 24137198728 88.9 4300789186220336 63.6
67217500 24137200428 88.9 4300790545575728 63.6
67224000 24137201428 88.9 4300792175169328 63.6
67770400 24140530028 88.9 4303894657797936 63.7
67771800 24140535228 88.9 4303900122885936 63.7
67773800 24140540128 88.9 4303914661320496 63.7
67773900 24140540428 88.9 4303914841954096 63.7
69410400 24140540828 88.9 4303915686100080 63.7
69413300 24169506928 89.0 4323032275156080 64.0
69551100 24172424628 89.1 4326551600036976 64.0
69552400 24172424728 89.1 4326551811072080 64.0
70062800 24175697628 89.1 4329668678590544 64.1
71778200 24204107928 89.2 4348368462880848 64.3
72426700 24206246428 89.2 4350956424994896 64.4
72431100 24206246528 89.2 4350956636032192 64.4
72892600 24209611528 89.2 4354224878603456 64.4
72973900 24209618128 89.2 4354238706547904 64.4
74229800 24212494328 89.2 4357752899173568 64.5
74468800 24240275728 89.3 4376030956682432 64.7
74897600 24241748928 89.3 4377779806862528 64.8
75366800 24245036628 89.3 4380855048797376 64.8
75368600 24245037028 89.3 4380855892946368 64.8
77151900 24272494828 89.4 4399032435715520 65.1
77221000 24272495828 89.4 4399033414322112 65.1
77237900 24272498528 89.4 4399038911563712 65.1
77346600 24275288028 89.4 4402422860302272 65.1
77859600 24278550028 89.4 4405555712051136 65.2
77860400 24278550128 89.4 4405555923086736 65.2
79301500 24278565228 89.4 4405575050937744 65.2
79383000 24305682528 89.5 4423555354805648 65.4
79983800 24305682628 89.5 4423555565845552 65.4
79986200 24307815928 89.5 4426131562134576 65.5
80658000 24310647128 89.6 4428801825406000 65.5
80658500 24310647228 89.6 4428801980849200 65.5
82750100 24337280328 89.7 4446491558632496 65.8
82816700 24339963928 89.7 4449753601760304 65.8
83272200 24343171128 89.7 4452804538227760 65.9
83273200 24343171428 89.7 4452805171342768 65.9
85270600 24369403128 89.8 4470440734879152 66.1
85837500 24372200428 89.8 4473828128452016 66.2
86496600 24375397328 89.8 4476828519361968 66.2
86691900 24375397828 89.8 4476829363630448 66.2
88698700 24401255128 89.9 4494202948841840 66.5
88703300 24401255228 89.9 4494203159878144 66.5
88703700 24401255328 89.9 4494203370915552 66.5
88989900 24404043628 89.9 4497575417792224 66.5
88990000 24404043828 89.9 4497575433357024 66.5
89490900 24404043928 89.9 4497575435200224 66.5
89491000 24407169028 89.9 4500523883063008 66.6
89491300 24407169728 89.9 4500524513232608 66.6
91694400 24433691228 90.0 4518461221504736 66.8
92471700 24435784728 90.0 4520445215508192 66.9
92492500 24438494728 90.0 4523765980202720 66.9
93254500 24438978928 90.0 4524344232576736 66.9
93254900 24438979128 90.0 4524344654650912 66.9
93255300 24438979328 90.0 4524344867519712 66.9
95820800 24464722228 90.1 4541723429272800 67.2
96479000 24465004328 90.1 4542062778350816 67.2
97361900 24470099428 90.1 4547383974919392 67.3
98605400 24495481028 90.2 4564694993698016 67.5
99378800 24497725228 90.2 4567413914041568 67.6
100001300 24497725628 90.2 4567414758106784 67.6
100033200 24500998828 90.3 4570615758382752 67.6
100117400 24500999028 90.3 4570616180414944 67.6
102471600 24526549828 90.4 4588043924576736 67.9
103067700 24529279128 90.4 4591333061335520 67.9
103668800 24532415928 90.4 4594332657048032 68.0
103668900 24532416028 90.4 4594332657252832 68.0
106722800 24557184328 90.5 4611275592301024 68.2
108064300 24562985428 90.5 4617520246159840 68.3
111670200 24589901428 90.6 4637023248054752 68.6
112367400 24593018028 90.6 4640026951416288 68.6
112371300 24593018728 90.6 4640027114027488 68.6
112371400 24593018828 90.6 4640027325064480 68.6
112373300 24593018928 90.6 4640027325269280 68.6
116005300 24620623828 90.7 4660273822074144 68.9
117044100 24620623928 90.7 4660274033087440 68.9
117048600 24620624128 90.7 4660274244329232 68.9
117049000 24620624628 90.7 4660275299513424 68.9
117051300 24620624728 90.7 4660275510550128 68.9
117052400 24620625028 90.7 4660276143664944 68.9
117056300 24623799528 90.7 4663338699403056 69.0
120030400 24623799628 90.7 4663338910439760 69.0
120034600 24650591228 90.8 4683261911062864 69.3
120832100 24653740528 90.8 4686289569929552 69.3
121827100 24655450928 90.8 4688354635241808 69.4
121827700 24655451228 90.8 4688355268352720 69.4
125167700 24655451328 90.8 4688355479387920 69.4
125170300 24679242228 90.9 4704716570099472 69.6
126104400 24679242328 90.9 4704716781138864 69.6
126106600 24682412628 90.9 4707875880055728 69.6
126110600 24682412728 90.9 4707876091092720 69.6
126652100 24682412928 90.9 4707876513165520 69.6
126656300 24685393428 90.9 4711364683280592 69.7
129579000 24708939328 91.0 4727559426846928 69.9
130589200 24708939428 91.0 4727559637888336 69.9
130593800 24712158028 91.0 4730720453586256 70.0
131546000 24712158128 91.0 4730720453791056 70.0
131546300 24715251428 91.1 4734296627219792 70.0
134247100 24715252328 91.1 4734297422675792 70.0
134411400 24738544528 91.1 4750336151764816 70.3
135471300 24741532528 91.1 4753136709517136 70.3
136609600 24744320828 91.2 4756279968907088 70.4
136619800 24744321028 91.2 4756280390980400 70.4
139709100 24767365628 91.2 4772145159213872 70.6
139709300 24767365928 91.2 4772145792325168 70.6
140578600 24770449828 91.3 4775081731200560 70.6
140923300 24773746528 91.3 4778826075248176 70.7
141238100 24773746628 91.3 4778826286264784 70.7
144806000 24797064828 91.4 4794820591382992 70.9
145670300 24800062428 91.4 4797708821623248 71.0
145671700 24800062928 91.4 4797709876821072 71.0
146931400 24803278128 91.4 4801307668741200 71.0
146933400 24803278428 91.4 4801308301864528 71.0
150047600 24826405728 91.5 4817129984110160 71.3
150934600 24829433328 91.5 4820078945250896 71.3
150949800 24829453428 91.5 4820090340211280 71.3
151802500 24833196728 91.5 4824242720569936 71.4
151961400 24833218328 91.5 4824257468086864 71.4
155625500 24856588428 91.6 4840385242249808 71.6
157257100 24859569628 91.6 4843352009783888 71.7
157266800 24859569728 91.6 4843352220821184 71.7
158261400 24859570828 91.6 4843352941135552 71.7
158408700 24863593328 91.6 4847725915670208 71.7
158413000 24863593428 91.6 4847726126707504 71.7
158416000 24863593828 91.6 4847726970760688 71.7
161989200 24886767428 91.7 4863693780119024 72.0
161996100 24886767528 91.7 4863693991154624 72.0
162811000 24889892728 91.7 4866679618900928 72.0
164124400 24889892928 91.7 4866680040975328 72.0
164127300 24893681228 91.7 4870792455121888 72.1
164782100 24899037928 91.7 4872745355832288 72.1
169153900 24916207128 91.8 4886759303539680 72.3
170766300 24919151928 91.8 4889627125345248 72.3
172074100 24919166428 91.8 4889640024519648 72.3
172104400 24923464528 91.8 4894286846211040 72.4
172114600 24923465028 91.8 4894287251191840 72.4
172135200 24923467028 91.8 4894290610618656 72.4
172371000 24929726928 91.8 4896715389403424 72.4
172595400 24929747128 91.8 4896735966961952 72.4
176832500 24929747328 91.8 4896736388994656 72.4
177062300 24947393228 91.9 4911026428860000 72.7
177937800 24950744428 91.9 4914208321197664 72.7
178038300 24950770128 91.9 4914224167497312 72.7
179011800 24950788928 91.9 4914237384674912 72.7
179077400 24955418128 91.9 4919204914384480 72.8
179093700 24955436728 91.9 4919230382153312 72.8
179119800 24955459328 91.9 4919246038703712 72.8
179734100 24960777928 92.0 4921364230250080 72.8
179771200 24960797628 92.0 4921373933560416 72.8
179818900 24960815728 92.0 4921387916075616 72.8
183869200 24975822428 92.0 4935227959550560 73.0
185450900 24979279128 92.0 4938517557944928 73.1
187238900 24986718128 92.1 4943987314664032 73.1
187258900 24986719028 92.1 4943989213772000 73.1
187296600 24986719928 92.1 4943990889244768 73.1
187304800 24986720128 92.1 4943991050012768 73.1
187727500 24993126028 92.1 4946528593447008 73.2
192944400 25011765028 92.1 4961476662986848 73.4
194579600 25015304228 92.2 4964892024703072 73.4
195326100 25015309328 92.2 4964893526911072 73.4
195345100 25015329028 92.2 4964932425803872 73.4
195522000 25020955528 92.2 4971048155670624 73.5
196051200 25026760228 92.2 4973341774375008 73.6
196051800 25026760428 92.2 4973342196403904 73.6
196160400 25026760728 92.2 4973342829448192 73.6
196165600 25026774228 92.2 4973350075272192 73.6
196211200 25026794328 92.2 4973366492449792 73.6
201274500 25042135028 92.3 4987461316824064 73.8
202390400 25045671228 92.3 4991014860672000 73.8
202669300 25055274028 92.3 4998044970306560 73.9
202681100 25055289628 92.3 4998051822105600 73.9
202699100 25055318628 92.3 4998068744596480 73.9
204644300 25057102028 92.3 4999979502382080 74.0
204800400 25057102328 92.3 4999980135499008 74.0
204801400 25057102428 92.3 4999980346537408 74.0
204805400 25063956628 92.3 5002631095023040 74.0
209314100 25077906028 92.4 5015541512959424 74.2
210819400 25081147228 92.4 5018593601549760 74.2
210898400 25084079028 92.4 5019335045772736 74.3
210901800 25084079128 92.4 5019335256807936 74.3
211136300 25088348028 92.4 5023868979091968 74.3
211641000 25088348228 92.4 5023869401164544 74.3
211641400 25088349728 92.4 5023872360730112 74.3
211646600 25093799228 92.4 5026069861846528 74.4
213610000 25095174128 92.4 5027526143168000 74.4
218074100 25108050628 92.5 5039418617155072 74.6
219430200 25111049828 92.5 5042429548088832 74.6
219808800 25118369828 92.5 5045007861206528 74.6
219825300 25118370128 92.5 5045008494245632 74.6
220548100 25121839228 92.5 5048686337603328 74.7
224599000 25135508828 92.6 5059957583787776 74.9
225389500 25138247428 92.6 5062612147255040 74.9
225394700 25138247528 92.6 5062612358296832 74.9
226159800 25142507828 92.6 5064309999301888 74.9
228221800 25143896628 92.6 5065609384457472 74.9
230086900 25146462128 92.6 5068342478664960 75.0
233759400 25158836328 92.7 5078613625566464 75.1
233763200 25158836528 92.7 5078614047640640 75.1
234275000 25162919928 92.7 5080204550130752 75.2
234375100 25165365028 92.7 5082837102677056 75.2
234694000 25165365128 92.7 5082837313681056 75.2
234714900 25167997228 92.7 5085714771113632 75.2
236907600 25168753828 92.7 5086469216892576 75.2
240829500 25180201628 92.8 5096112797349536 75.4
241080100 25181070228 92.8 5097050061895328 75.4
243007800 25181070528 92.8 5097050695005216 75.4
243012600 25181071028 92.8 5097051335628512 75.4
243036800 25182483828 92.8 5098630365517536 75.4
243350400 25186770428 92.8 5100242262890208 75.5
243436700 25186793628 92.8 5100268773635808 75.5
243710900 25189124028 92.8 5102467609589472 75.5
244115500 25189124128 92.8 5102467820605472 75.5
249081300 25189124228 92.8 5102468031640672 75.5
249085100 25198816628 92.8 5111414444323936 75.6
250001800 25201987128 92.8 5112634179908704 75.6
252431800 25203148828 92.8 5113782110844000 75.7
252503900 25204512428 92.9 5114167812617312 75.7
252847200 25204513028 92.9 5114169078832992 75.7
252850200 25206686228 92.9 5116549341896544 75.7
258840700 25216344728 92.9 5125482620116832 75.8
258841500 25216345428 92.9 5125484097363296 75.8
258873200 25216487028 92.9 5125640342969696 75.8
258938800 25219879828 92.9 5126939710561632 75.8
260734600 25222267428 92.9 5129350678551904 75.9
261424400 25225016228 92.9 5131318684261728 75.9
262957100 25225145628 92.9 5131455358360928 75.9
268106300 25234805128 93.0 5140391433133408 76.0
268123900 25234805228 93.0 5140391644170400 76.0
268971900 25238147828 93.0 5141672803240096 76.1
269166300 25241609128 93.0 5144494847625376 76.1
269366800 25241721128 93.0 5144619140745376 76.1
269638100 25244074028 93.0 5146823453018272 76.1
271732700 25244497328 93.0 5147324168341664 76.1
271955100 25244497628 93.0 5147324801390048 76.1
272131600 25245286728 93.0 5148056540386784 76.2
279681800 25254801028 93.0 5156845088904672 76.3
281866800 25255394128 93.0 5157519788185056 76.3
282470700 25258758728 93.1 5158846222144992 76.3
282900600 25260019128 93.1 5159205143385568 76.3
283420000 25262406828 93.1 5161471433840096 76.4
283440400 25263228828 93.1 5161702081811936 76.4
289504200 25272941228 93.1 5170660006811104 76.5
289920500 25276483528 93.1 5172082918282720 76.5
290257100 25278825528 93.1 5174664570066400 76.6
290258500 25278825628 93.1 5174664781101600 76.6
292843800 25280204728 93.1 5175056158292512 76.6
292870200 25280225628 93.1 5175066010956320 76.6
292920700 25280225728 93.1 5175066221991824 76.6
292934200 25282051228 93.1 5176809983039376 76.6
296322600 25291925728 93.2 5185916922222480 76.7
297476900 25294751228 93.2 5188926456453008 76.8
298120400 25295022828 93.2 5189216739284880 76.8
298548000 25297667928 93.2 5190299857278864 76.8
300931000 25298685728 93.2 5191363029587856 76.8
301046200 25298919128 93.2 5191626706458512 76.8
301872300 25301385728 93.2 5193984830150544 76.8
302069000 25301385828 93.2 5193984844896144 76.8
302094500 25301386028 93.2 5193985266923152 76.8
302166500 25302908128 93.2 5194417620203152 76.8
308945900 25313396928 93.3 5204102199981712 77.0
308989200 25317337628 93.3 5205819080128144 77.0
311955300 25319548128 93.3 5208119086757520 77.0
311957500 25319550328 93.3 5208123729183888 77.0
313471100 25323135228 93.3 5211931944879248 77.1
313708200 25323135328 93.3 5211931964335248 77.1
313734200 25323167028 93.3 5211946946458768 77.1
313737300 25323167928 93.3 5211948845608208 77.1
314762300 25326861128 93.3 5213586875985168 77.1
322095100 25326867328 93.3 5213588863569168 77.1
322199100 25326867728 93.3 5213589707629968 77.1
322202400 25338334228 93.3 5224169163138448 77.3
322278600 25338334828 93.3 5224170429221008 77.3
322302500 25340068328 93.4 5224658683529360 77.3
325732200 25342820828 93.4 5227331907192976 77.3
328402500 25342823428 93.4 5227334583033232 77.3
328669900 25346790228 93.4 5231511843741072 77.4
328695100 25346790528 93.4 5231512271140976 77.4
328698100 25346790928 93.4 5231513115294064 77.4
328897000 25351326828 93.4 5233616241031536 77.4
338076400 25363829828 93.4 5245102591048048 77.6
338776100 25365836328 93.4 5245615236872560 77.6
339448700 25365836428 93.4 5245615447889168 77.6
339608000 25368671228 93.5 5248704285922576 77.6
340838700 25368671428 93.5 5248704707951568 77.6
340839300 25368671528 93.5 5248704918966064 77.6
340839900 25368672428 93.5 5248706818087984 77.6
340861700 25373364328 93.5 5253541885910064 77.7
341637800 25373430928 93.5 5253605744393264 77.7
341984000 25376706128 93.5 5255077176491056 77.7
341985400 25376706228 93.5 5255077329681456 77.7
344975800 25378811228 93.5 5257275095432240 77.8
350198800 25390108728 93.5 5267663044262960 77.9
350221500 25391672628 93.5 5268100419533872 77.9
354034700 25393743028 93.5 5270146126953520 78.0
354262700 25394605128 93.6 5271043295657008 78.0
357295500 25395507428 93.6 5271974941932592 78.0
357556800 25395565328 93.6 5272031735225392 78.0
357847900 25396446028 93.6 5272284566363184 78.0
358535400 25400039228 93.6 5273845125061680 78.0
358749200 25400271628 93.6 5273910070828080 78.0
358988300 25400271828 93.6 5273910125100080 78.0
364438500 25409750228 93.6 5282627596942384 78.1
364565700 25409778528 93.6 5282654363073584 78.2
364654600 25409799928 93.6 5282662881596464 78.2
364677600 25409800328 93.6 5282663725650288 78.2
364938300 25409902428 93.6 5282763505643888 78.2
365004300 25412125928 93.6 5284891667313008 78.2
367973100 25414544928 93.6 5287448648724848 78.2
368238600 25414698328 93.6 5287593699553648 78.2
368457100 25414813728 93.6 5287728664392048 78.2
368760600 25416847128 93.6 5289298594869616 78.2
369124300 25417036028 93.6 5289500732666224 78.3
369217900 25420184828 93.6 5290824871686512 78.3
372376900 25420399328 93.6 5291060591161712 78.3
373326500 25420572828 93.6 5291251883782512 78.3
376697200 25420587628 93.6 5291267336352112 78.3
377093700 25420625528 93.6 5291311020396912 78.3
379765800 25420649128 93.6 5291337351328112 78.3
379768800 25420649428 93.6 5291337984446704 78.3
380146300 25420845728 93.6 5291533757272304 78.3
380574900 25429297328 93.7 5299347429478640 78.4
382141500 25431297328 93.7 5301227617865968 78.4
382707300 25434949328 93.7 5302625687130352 78.4
388806400 25435019928 93.7 5302694595571952 78.4
390149300 25435074028 93.7 5302755466637552 78.4
390280900 25443295428 93.7 5310363867508976 78.6
392415200 25443317028 93.7 5310383656718576 78.6
392629400 25444160028 93.7 5310631225512176 78.6
393302300 25444538628 93.7 5311067876774128 78.6
393733200 25446446028 93.7 5313189049946352 78.6
395830800 25448508228 93.8 5315190575223024 78.6
395983600 25451183528 93.8 5316273887269104 78.6
396283300 25451422628 93.8 5316343627198704 78.6
404178100 25451549728 93.8 5316379906371824 78.6
404428600 25459774828 93.8 5323999129071856 78.8
404441000 25459977228 93.8 5324056849289456 78.8
404473100 25462067028 93.8 5326286824149232 78.8
404735700 25462245928 93.8 5326338708271344 78.8
406638300 25464335228 93.8 5328407256559856 78.8
406975400 25464405328 93.8 5328477632803056 78.8
407556000 25467223828 93.8 5329665263874288 78.8
410356000 25467270628 93.8 5329710823477488 78.8
410958400 25468310528 93.8 5330820873425136 78.9
414637100 25468883128 93.8 5331367829213424 78.9
422960500 25469891128 93.8 5331648856789232 78.9
422974900 25478275228 93.9 5339377485287664 79.0
423006100 25478275628 93.9 5339378329400944 79.0
423009300 25478275728 93.9 5339378540415440 79.0
423729200 25481422128 93.9 5340770116372944 79.0
425577000 25484401028 93.9 5343927140944336 79.1
426659000 25486572128 93.9 5346048382011856 79.1
436548200 25486572428 93.9 5346049015053328 79.1
436561300 25486572728 93.9 5346049648162128 79.1
436570800 25495587528 93.9 5354369536685392 79.2
440115100 25496767728 93.9 5354686254773584 79.2
440151900 25498651428 93.9 5356656080549200 79.2
440372200 25498847628 93.9 5356702724568400 79.2
441097800 25502335628 93.9 5358338920854864 79.3
445827100 25504641328 94.0 5360619820332368 79.3
446403100 25504674428 94.0 5360639275513168 79.3
456054300 25504674728 94.0 5360639908619344 79.3
456056900 25515139628 94.0 5370269516801104 79.4
456327300 25519637428 94.0 5374774491325520 79.5
456342500 25520971028 94.0 5375118167712848 79.5
456547700 25521049228 94.0 5375201629037648 79.5
457394300 25521076628 94.0 5375226542548048 79.5
457471200 25524928228 94.0 5376961027368016 79.5
460347200 25524969328 94.0 5377002429326416 79.5
461264600 25525299828 94.0 5377324402582608 79.6
461541600 25526751928 94.0 5378813393216592 79.6
462001000 25529166328 94.0 5381116200854608 79.6
469562400 25529391528 94.0 5381368852374608 79.6
471247900 25538983928 94.1 5390180024968272 79.7
471657100 25539607428 94.1 5390811373364304 79.8
474668600 25539631928 94.1 5390831251047504 79.8
474844500 25540520728 94.1 5391102185063504 79.8
475690700 25540577528 94.1 5391169299956816 79.8
475802400 25540665028 94.1 5391270178088016 79.8
478967400 25541602528 94.1 5392230022734928 79.8
480962200 25543188528 94.1 5393817994749008 79.8
481164500 25543206628 94.1 5393844583728208 79.8
481189400 25543319828 94.1 5393961391613008 79.8
481910700 25546301728 94.1 5395248735183952 79.8
485553500 25546380528 94.1 5395333715510352 79.8
485663900 25546404628 94.1 5395361107305552 79.8
485851000 25546698228 94.1 5395647550219344 79.8
486474900 25546816628 94.1 5395755858289744 79.8
486701100 25546867728 94.1 5395806611620944 79.8
486785600 25547005528 94.1 5395944008254544 79.8
490566500 25547005728 94.1 5395944430325840 79.8
490578200 25547005828 94.1 5395944641361440 79.8
490584300 25547038428 94.1 5395988096329248 79.8
490925700 25547108828 94.1 5396053192418848 79.8
490938200 25555076128 94.1 5403362027709984 79.9
491226500 25555081728 94.1 5403365501117984 79.9
492503300 25557959528 94.2 5404500849010208 80.0
493655900 25557996828 94.2 5404516060894752 80.0
493656300 25557996928 94.2 5404516271920352 80.0
495264500 25559772528 94.2 5406240221041888 80.0
502290600 25559968128 94.2 5406349793547488 80.0
503122400 25559973428 94.2 5406356126987488 80.0
503437000 25560003528 94.2 5406393979761888 80.0
504091800 25567183628 94.2 5413008125064416 80.1
504099900 25567184028 94.2 5413008969177824 80.1
504504700 25567204628 94.2 5413029599091424 80.1
504565200 25568268128 94.2 5413419381267168 80.1
505688900 25568327428 94.2 5413483188755168 80.1
505825900 25568346628 94.2 5413500268460768 80.1
505965600 25568440028 94.2 5413599171091168 80.1
506243100 25568460028 94.2 5413622286867168 80.1
506636300 25568469728 94.2 5413638389267168 80.1
508826400 25569919028 94.2 5415166932318944 80.1
508859400 25570023928 94.2 5415283329989344 80.1
508936300 25570038228 94.2 5415298859768544 80.1
510119000 25570096828 94.2 5415362808568544 80.1
510328700 25570106528 94.2 5415372579986144 80.1
510341800 25570318728 94.2 5415595367357152 80.1
510739200 25570342028 94.2 5415617850096352 80.1
511065000 25570468228 94.2 5415760493918944 80.1
514201100 25572116028 94.2 5417407519767264 80.1
514277600 25572116828 94.2 5417407982380672 80.1
527152000 25572776228 94.2 5418073586050688 80.2
527964900 25573010028 94.2 5418331513005696 80.2
527998400 25573041728 94.2 5418366529300096 80.2
528934800 25575331828 94.2 5419363007260288 80.2
529027800 25581956528 94.2 5425494044239488 80.3
529375900 25581968828 94.2 5425496277747840 80.3
531615600 25582003028 94.2 5425529376909440 80.3
532334700 25582003228 94.2 5425529798981824 80.3
532352200 25582844028 94.2 5425946912258240 80.3
533079300 25584095628 94.3 5427239105493184 80.3
533115800 25585897928 94.3 5429071456794816 80.3
533195000 25585919028 94.3 5429095045454016 80.3
534939500 25587411628 94.3 5429752330836160 80.3
542284700 25594754928 94.3 5436550750787776 80.4
542290200 25594755028 94.3 5436550961806080 80.4
542302800 25595503828 94.3 5436771452353280 80.4
542311900 25595503928 94.3 5436771663392880 80.4
548608800 25596798628 94.3 5438187833045104 80.5
550514000 25599937928 94.3 5441414063632496 80.5
566066400 25608500228 94.3 5449292919517296 80.6
566252500 25608558028 94.3 5449351385280624 80.6
566367100 25608784628 94.3 5449574378270832 80.6
571031200 25608846728 94.3 5449634198507632 80.6
571107100 25613322628 94.4 5452685871337584 80.7
571503600 25613343128 94.4 5452702026780784 80.7
574228400 25615458428 94.4 5454857743978608 80.7
575996200 25618446128 94.4 5456095454253168 80.7
576014900 25618447528 94.4 5456098408493680 80.7
588364000 25618447628 94.4 5456098619521280 80.7
588364200 25626644328 94.4 5463608290670848 80.8
591073700 25629071928 94.4 5466030571223296 80.9
592887600 25629573928 94.4 5466554497202432 80.9
593845000 25629612128 94.4 5466589333272832 80.9
597420000 25631299128 94.4 5468323199695104 80.9
597673700 25634262928 94.4 5469556386281728 80.9
598593000 25634327328 94.4 5469622091811072 80.9
599676300 25634342928 94.4 5469639483017472 80.9
601331100 25634820928 94.4 5470191672576256 80.9
601586400 25635050028 94.4 5470436699490560 80.9
601885600 25635125828 94.4 5470510839138560 80.9
602599200 25635211628 94.4 5470608652642560 80.9
603848800 25635267428 94.4 5470656925640960 80.9
606495700 25641540028 94.5 5476430484711680 81.0
606795700 25641544228 94.5 5476434892212480 81.0
607883600 25641667728 94.5 5476571070900480 81.0
608106400 25641680528 94.5 5476583444711680 81.0
608212200 25641886328 94.5 5476798237395200 81.0
608259700 25641987928 94.5 5476922905299200 81.0
608614300 25641999928 94.5 5476935657785600 81.0
609202800 25642004028 94.5 5476939724499200 81.0
609353400 25642028528 94.5 5476965291936000 81.0
612989800 25643586628 94.5 5478450604034304 81.0
613393900 25643594428 94.5 5478463844763904 81.0
613431100 25643627428 94.5 5478497245391104 81.0
613692800 25645941328 94.5 5479439782045952 81.1
614184400 25645956628 94.5 5479456281553152 81.1
630674800 25650762328 94.5 5483874404100352 81.1
637321900 25651672028 94.5 5484764765776128 81.1
637610200 25651987628 94.5 5484858936502528 81.1
638893400 25653909628 94.5 5485739557693696 81.2
639127600 25654001128 94.5 5485832432855296 81.2
644451400 25655529728 94.5 5487487409793280 81.2
648586500 25655530228 94.5 5487488113967296 81.2
648594200 25655530328 94.5 5487488325002400 81.2
648629900 25661641228 94.5 5493115951129760 81.3
654144200 25662635028 94.5 5494077425263776 81.3
655097300 25663221528 94.5 5494248407753888 81.3
655138500 25663248328 94.5 5494294394651808 81.3
655151500 25664801428 94.5 5495797253883040 81.3
655162600 25664801528 94.5 5495797464901248 81.3
655397900 25667063628 94.6 5496930773313152 81.3
674142400 25674098728 94.6 5503392540599936 81.4
676128900 25674972228 94.6 5503837735921280 81.4
683528400 25676630028 94.6 5505463210256000 81.4
684640900 25679800028 94.6 5508705106568832 81.5
684689400 25680483828 94.6 5508888388642432 81.5
690007400 25681417928 94.6 5509828860257920 81.5
690015700 25681418028 94.6 5509829071296016 81.5
700367200 25682509528 94.6 5510961862628880 81.5
700990400 25682635828 94.6 5511098738865680 81.5
703661900 25684587428 94.6 5512007802680848 81.5
703743500 25690506028 94.6 5517442536437264 81.6
705973700 25691984928 94.6 5518937738835472 81.6
706330300 25692006328 94.6 5518962225337872 81.6
706347400 25692444628 94.7 5519086278424080 81.6
706404200 25692526328 94.7 5519122760488464 81.6
707235100 25692537528 94.7 5519133069096464 81.6
708473200 25693374428 94.7 5519516732569104 81.7
714762800 25694203628 94.7 5520305381127696 81.7
715052100 25694580228 94.7 5520446189712912 81.7
716862400 25694854628 94.7 5520570529256976 81.7
728437900 25694855928 94.7 5520573272490256 81.7
728440100 25699738328 94.7 5525119260492048 81.7
730424900 25699741528 94.7 5525120763724048 81.7
730493000 25699962528 94.7 5525215453937936 81.7
730764900 25700033228 94.7 5525297198219536 81.7
731968000 25700033728 94.7 5525298253407120 81.7
731968400 25700040628 94.7 5525307064517520 81.7
734206500 25701339028 94.7 5526551244243856 81.8
734376700 25701777628 94.7 5526716206351248 81.8
736374800 25702875328 94.7 5527901819569040 81.8
736749200 25702960628 94.7 5528010672612240 81.8
739607400 25703122228 94.7 5528195315573648 81.8
749559600 25708113228 94.7 5532781323002768 81.9
755275500 25709542428 94.7 5534175895790480 81.9
755945300 25711282028 94.7 5535052855223184 81.9
756015700 25711412028 94.7 5535119016682384 81.9
765004900 25712931428 94.7 5536558460658576 81.9
765130200 25713472128 94.7 5536696801010576 81.9
771069000 25716158628 94.7 5539347256681360 81.9
789971100 25722125328 94.8 5544812185232272 82.0
791762500 25724113628 94.8 5545815744422800 82.0
791828000 25724118928 94.8 5545819098590352 82.0
795308600 25725373428 94.8 5547066350644368 82.1
795330100 25725710728 94.8 5547160320461968 82.1
810611400 25730116328 94.8 5551203367636112 82.1
810704000 25731639328 94.8 5552772236168336 82.1
811745200 25733198928 94.8 5553479528467600 82.2
820466900 25734005128 94.8 5554270309239952 82.2
821647800 25734027228 94.8 5554292611959952 82.2
828191600 25734027528 94.8 5554293245068624 82.2
828207100 25734201328 94.8 5554470027412816 82.2
828244600 25735017328 94.8 5555355074118992 82.2
845599600 25739220128 94.8 5559228514125136 82.2
846462500 25739542628 94.8 5559318973875536 82.2
846642600 25740997428 94.8 5560013081511248 82.3
848235700 25742229028 94.8 5561369207342416 82.3
848322500 25742257628 94.8 5561382874275152 82.3
849236600 25744694728 94.8 5563784844696912 82.3
866282000 25744694928 94.8 5563785266729808 82.3
866414000 25749781928 94.9 5568457696219984 82.4
868196500 25751695428 94.9 5569375165289296 82.4
877148400 25752719728 94.9 5570358343308112 82.4
877149000 25752719828 94.9 5570358554333712 82.4
883953100 25754672228 94.9 5572001195561488 82.4
905892200 25758585028 94.9 5575624055263760 82.5
907552700 25759896028 94.9 5576234704900624 82.5
915908200 25760997228 94.9 5577385638040080 82.5
915961300 25761249228 94.9 5577461329048080 82.5
918237500 25762326028 94.9 5578632088662544 82.5
940105700 25766106628 94.9 5582118187053584 82.6
941322500 25767419228 94.9 5582752673640976 82.6
948305700 25768534528 94.9 5583810193863184 82.6
948445200 25768808028 94.9 5583884046176784 82.6
955642900 25770642228 94.9 5585704308314640 82.6
982202800 25775009528 95.0 5589722545394192 82.7
992372200 25776131728 95.0 5590839933407760 82.7
994593000 25777583728 95.0 5591589435413008 82.7
994818800 25777849528 95.0 5591661685060112 82.7
998975700 25779052428 95.0 5592930535682576 82.7
1021106700 25782178028 95.0 5595822294381072 82.8
1029770500 25783089028 95.0 5596691772748304 82.8
1030042300 25783089128 95.0 5596691792613904 82.8
1031292300 25784099428 95.0 5597147292619280 82.8
1031361100 25784286228 95.0 5597201301451280 82.8
1037569700 25785336828 95.0 5598320403362320 82.8
1037573700 25785337228 95.0 5598321247518224 82.8
1037590600 25785337328 95.0 5598321458518832 82.8
1063151100 25788773628 95.0 5601491267066672 82.9
1073422200 25789760028 95.0 5602415861996336 82.9
1075489600 25789989028 95.0 5602479755090736 82.9
1075545100 25791221328 95.0 5603110464314160 82.9
1083482700 25792578628 95.0 5604524592519984 82.9
1083487900 25792578828 95.0 5604525014590000 82.9
1106508900 25795205728 95.0 5606948699710000 82.9
1116886200 25795967928 95.0 5607671419445808 83.0
1118630300 25796847628 95.0 5608100850311728 83.0
1118767200 25796847928 95.0 5608101101058736 83.0
1119377900 25796993328 95.0 5608138956905136 83.0
1123114600 25797777328 95.0 5608921428499120 83.0
1149913100 25800258828 95.0 5611211062352560 83.0
1159534000 25800988228 95.0 5611903213017776 83.0
1161697900 25801926728 95.1 5612374522600112 83.0
1170447700 25802956628 95.1 5613426257042096 83.0
1197248000 25805056328 95.1 5615369086966448 83.1
1208624000 25805672528 95.1 5615972518992560 83.1
1210769700 25806528728 95.1 5616355402488496 83.1
1213021100 25806656328 95.1 5616397691525808 83.1
1213049600 25806656628 95.1 5616398324552624 83.1
1213255000 25807315128 95.1 5617099723068336 83.1
1222333900 25808013628 95.1 5617802807628720 83.1
1251394500 25809899828 95.1 5619547326010288 83.1
1262704700 25810466028 95.1 5620096768627632 83.1
1264703000 25811118628 95.1 5620406337328048 83.1
1264763800 25811258628 95.1 5620443250009008 83.1
1270618300 25811808428 95.1 5621039818711984 83.2
1299179400 25813218528 95.1 5622343353344944 83.2
1311582500 25813628928 95.1 5622744505918384 83.2
1313126600 25814044428 95.1 5622957824730032 83.2
1313229300 25814109728 95.1 5622976442074032 83.2
1313240400 25814110528 95.1 5622978130204208 83.2
1322335400 25814700628 95.1 5623594810463792 83.2
1355147100 25815999328 95.1 5624790504691248 83.2
1367691900 25816371228 95.1 5625147722946096 83.2
1370302800 25816753528 95.1 5625342262023728 83.2
1370393500 25816815528 95.1 5625356462241328 83.2
1376941100 25817099928 95.1 5625647047259696 83.2
1407727500 25817918328 95.1 5626405203162672 83.2
1419645800 25818141828 95.1 5626620622140976 83.2
1421406700 25818360028 95.1 5626730740848176 83.2
1421564800 25818390128 95.1 5626740294563376 83.2
1430778700 25818625628 95.1 5626982219888176 83.2
1464134700 25819173928 95.1 5627493509903920 83.3
1477078700 25819321928 95.1 5627646111839792 83.3
1479492300 25819456028 95.1 5627711953184304 83.3
1479582600 25819469428 95.1 5627716045702704 83.3
1479656300 25819472328 95.1 5627716792813104 83.3
1487653300 25819565328 95.1 5627810385184304 83.3
1501439000 25819611828 95.1 5627860225730096 83.3
1502897500 25819646128 95.1 5627880423374384 83.3
1536578900 25819808228 95.1 5628030014750256 83.3