# 30689980416 7973422101430272 950340 1737731900 1524659991006100 0 0
0 16375440384 53.4 -1565772203687936 -19.6
740600 19706272256 64.2 541473372110848 6.8
1307200 20782505088 67.7 1141863360757760 14.3
1824400 21420258368 69.8 1488510473207808 18.7
2316500 21867377952 71.3 1730201855721472 21.7
2783900 22211130368 72.4 1917584953835520 24.0
3238300 22488703680 73.3 2069368628314112 26.0
3676200 22722077984 74.0 2197886934712320 27.6
4098100 22923022672 74.7 2310068074708992 29.0
4508200 23098740176 75.3 2409139598786560 30.2
4903800 23255388784 75.8 2498654527029248 31.3
5299200 23395746896 76.2 2579339858149376 32.3
5692200 23523078096 76.6 2652427350179840 33.3
6069400 23639772896 77.0 2720279281270784 34.1
6441900 23746934592 77.4 2782991302524928 34.9
6806600 23846423696 77.7 2841539365568512 35.6
7171100 23938819200 78.0 2896563751878656 36.3
7536600 24025197504 78.3 2947925780987904 37.0
7879100 24106201904 78.5 2996593489870848 37.6
8238600 24182328000 78.8 3042336808370176 38.2
8579900 24254306496 79.0 3085756012691456 38.7
8653500 24258647196 79.0 3091682981052416 38.8
9224800 24382929804 79.4 3160691852181504 39.6
9330400 24391056804 79.5 3171738211319808 39.8
9860300 24503261804 79.8 3234710984065024 40.6
9964400 24510762204 79.9 3244742452707328 40.7
10525400 24612645100 80.2 3302254375862272 41.4
10654700 24619421100 80.2 3311523849568256 41.5
11202000 24712842396 80.5 3364482583101440 42.2
11312100 24719220796 80.5 3373040726441984 42.3
11833800 24805370092 80.8 3422138565394432 42.9
11956400 24811378692 80.8 3430441015050240 43.0
12481900 24891055892 81.1 3476134962397184 43.6
12577300 24896565792 81.1 3483601795022848 43.7
13098700 24970627888 81.4 3526416088432640 44.2
13207300 24975948988 81.4 3533722956070912 44.3
13718500 25045095388 81.6 3573877247049728 44.8
13846200 25050069688 81.6 3580730649608192 44.9
14341300 25114885388 81.8 3618745501614080 45.4
14433300 25119627288 81.8 3625183328337920 45.5
14934900 25180568588 82.0 3660837064015872 45.9
15039500 25180568788 82.0 3660837486087776 45.9
15040900 25185120688 82.1 3667068939947616 46.0
15771400 25269985488 82.3 3717027852734048 46.6
15939100 25276345388 82.4 3725703762693728 46.7
15941100 25276347088 82.4 3725707349932640 46.7
16675700 25354578192 82.6 3771986771786336 47.3
16839000 25360631192 82.6 3780229362956896 47.4
16840600 25360631292 82.6 3780229573996000 47.4
17571900 25432812988 82.9 3823195982228960 47.9
17683700 25438342788 82.9 3830643511619040 48.0
17685000 25438343388 82.9 3830644777726304 48.0
18379300 25505393388 83.1 3870972557701472 48.5
18527600 25505393888 83.1 3870973201117280 48.5
18531100 25510668288 83.1 3878003613790304 48.6
19222800 25573153588 83.3 3915413240311904 49.1
19365400 25573153988 83.3 3915414084365088 49.1
19366400 25578195488 83.3 3922124826061600 49.2
19966500 25584779888 83.4 3928519347120928 49.3
20031100 25643416288 83.6 3963856626756384 49.7
20259500 25645036488 83.6 3965915571530528 49.7
20926000 25645037288 83.6 3965917259687968 49.7
20927400 25700292888 83.7 3999527979247648 50.2
20927700 25700293888 83.7 3999529667819296 50.2
21081300 25706143288 83.8 4007289810220832 50.3
21935200 25775424888 84.0 4049157461800736 50.8
21935500 25775425288 84.0 4049157832283936 50.8
21935800 25775425388 84.0 4049158043319936 50.8
22137800 25780830588 84.0 4056305391091328 50.9
22960500 25780831388 84.0 4056306025177536 50.9
22960600 25844921388 84.2 4095467172078016 51.4
22964500 25844921688 84.2 4095467383491520 51.4
23202100 25850097288 84.2 4102164961889216 51.4
24059500 25850097588 84.2 4102165594930944 51.4
24061700 25909491288 84.4 4138612003733248 51.9
24067200 25909491588 84.4 4138612636829184 51.9
24199300 25914292788 84.4 4144842373121536 52.0
25006700 25914293188 84.4 4144842978854144 52.0
25011200 25969972688 84.6 4179219012093184 52.4
25013700 25969972988 84.6 4179219645157888 52.4
25156000 25974470788 84.6 4185084693008896 52.5
25891000 26026560188 84.8 4217452078256640 52.9
25895100 26026560388 84.8 4217452500296640 52.9
25895500 26026560488 84.8 4217452711300448 52.9
25899000 26026560988 84.8 4217453766346080 52.9
26095500 26031960988 84.8 4224537615500640 53.0
27164300 26093050288 85.0 4262556380792160 53.5
27164900 26093050788 85.0 4262556803450976 53.5
27166700 26093052088 85.0 4262559546589792 53.5
27402600 26097079588 85.0 4267696351068768 53.5
27405200 26097079788 85.0 4267696773146656 53.5
28355100 26097080288 85.0 4267697828236192 53.5
28359200 26153667488 85.2 4303489690733472 54.0
28360100 26153667888 85.2 4303490534860704 54.0
28512500 26153668488 85.2 4303491800937120 54.0
28515600 26158509088 85.2 4309763379081888 54.1
29485200 26158509188 85.2 4309763379286688 54.1
29485800 26158510188 85.2 4309764857076384 54.1
29489200 26211500688 85.4 4343015160093344 54.5
29781500 26211501188 85.4 4343016215160224 54.5
29783000 26216015488 85.4 4348753512375712 54.5
30675400 26265568388 85.6 4380017170720160 54.9
30679400 26265568488 85.6 4380017381757056 54.9
30862000 26265568588 85.6 4380017592761152 54.9
30863100 26269903788 85.6 4385518681979712 55.0
30863300 26269904488 85.6 4385520159053504 55.0
31987000 26325424688 85.8 4420858432739008 55.4
31988700 26325425188 85.8 4420859487778432 55.4
31993100 26325425488 85.8 4420859910022016 55.4
32160600 26325425688 85.8 4420860332052608 55.4
32169200 26330203088 85.8 4426880248811648 55.5
33307900 26381917788 86.0 4459801963761792 55.9
33308100 26381918288 86.0 4459803018919296 55.9
33623500 26381918788 86.0 4459803230778688 55.9
33624100 26385700088 86.0 4464625378571584 56.0
33626100 26385700188 86.0 4464625589608480 56.0
33627700 26385701188 86.0 4464627699826464 56.0
34683800 26385701988 86.0 4464628966377248 56.0
34684500 26434102388 86.1 4495669615675168 56.4
34935500 26434102588 86.1 4495670037706368 56.4
34936100 26434102788 86.1 4495670459741856 56.4
34936300 26434102988 86.1 4495670881816160 56.4
34936700 26438808588 86.1 4501441995083360 56.5
35950600 26438808888 86.1 4501442628157856 56.5
35953300 26484895288 86.3 4530608023011744 56.8
35960800 26484895388 86.3 4530608234025344 56.8
36124300 26489618888 86.3 4536477760868736 56.9
36131700 26489619088 86.3 4536478182906144 56.9
36138100 26489619288 86.3 4536478604956640 56.9
37398500 26540803788 86.5 4568450479920096 57.3
37400700 26540804488 86.5 4568451324574176 57.3
37755700 26540804988 86.5 4568452379658784 57.3
37757100 26544650488 86.5 4573297246947872 57.4
37758900 26544650688 86.5 4573297668983680 57.4
37766900 26544650888 86.5 4573298091042880 57.4
38934100 26590952688 86.6 4603150517086272 57.7
38934700 26590952788 86.6 4603150728126576 57.7
39196800 26595330588 86.7 4608501865734256 57.8
39197400 26595330888 86.7 4608502498831280 57.8
39199700 26595331388 86.7 4608502921495088 57.8
39201500 26595331788 86.7 4608503765620016 57.8
40514600 26595332188 86.7 4608504609659440 57.8
40523300 26638623788 86.8 4636576819993136 58.2
40524300 26638623888 86.8 4636577031006736 58.2
40695100 26638624388 86.8 4636577875259280 58.2
40697000 26643236188 86.8 4642304771649424 58.2
40697800 26643236288 86.8 4642304982653520 58.2
40702600 26643236388 86.8 4642305193690416 58.2
42089200 26643236788 86.8 4642306037752944 58.2
42094500 26689691188 87.0 4672652055782512 58.6
42475800 26689691388 87.0 4672652477809520 58.6
42477000 26689692088 87.0 4672653630222960 58.6
42483600 26693445288 87.0 4677342621446768 58.7
42485500 26693445688 87.0 4677343465502448 58.7
42485600 26693446088 87.0 4677344309544816 58.7
42495300 26693446388 87.0 4677344942592688 58.7
43763400 26736642188 87.1 4705581303304880 59.0
43770000 26736642488 87.1 4705581936348848 59.0
43917400 26736643088 87.1 4705583202505776 59.0
43921400 26740693188 87.1 4710575159317552 59.1
43922100 26740693888 87.1 4710576636474672 59.1
43923000 26740694388 87.1 4710577480944048 59.1
43926400 26740694688 87.1 4710578113988144 59.1
43929000 26740694988 87.1 4710578747053872 59.1
43929900 26740695288 87.1 4710579380099760 59.1
45295900 26785996388 87.3 4740447937436336 59.5
45695200 26789875888 87.3 4745226289879728 59.5
45697400 26789876588 87.3 4745227396215216 59.5
45699100 26789876888 87.3 4745227762262224 59.5
45701700 26789877288 87.3 4745228606372816 59.5
45701800 26789877688 87.3 4745228647742416 59.5
45705700 26789878088 87.3 4745229491850320 59.5
47158900 26832482888 87.4 4773290625027152 59.9
47399500 26836717788 87.4 4778563668888656 59.9
47404500 26836717888 87.4 4778563879901760 59.9
47410100 26836718288 87.4 4778564723979712 59.9
47415000 26836718388 87.4 4778564935016512 59.9
47415200 26836718588 87.4 4778565357038400 59.9
47415800 26836718888 87.4 4778565721449696 59.9
47419200 26836718988 87.4 4778565932468896 59.9
47419400 26836719088 87.4 4778566143505792 59.9
49157900 26880955588 87.6 4807939791844736 60.3
49567100 26880956188 87.6 4807941057973248 60.3
49570600 26880956388 87.6 4807941480003936 60.3
49571100 26880956588 87.6 4807941902059552 60.3
49571400 26885320388 87.6 4813328972269600 60.4
49572000 26885320488 87.6 4813328979028000 60.4
49573000 26885321188 87.6 4813330047426912 60.4
49578100 26885321288 87.6 4813330258440416 60.4
49578300 26885321388 87.6 4813330469453920 60.4
49585900 26885321988 87.6 4813331103182496 60.4
51105000 26926318688 87.7 4840759424937632 60.7
51458200 26926318788 87.7 4840759635941936 60.7
51460800 26930413688 87.7 4845795847379504 60.8
51461200 26930413988 87.7 4845796480431792 60.8
51462000 26930414288 87.7 4845797113463088 60.8
51465400 26930414588 87.7 4845797746503792 60.8
51473500 26930414788 87.7 4845798168511792 60.8
53128000 26972505088 87.9 4874104819467568 61.1
53533300 26972505488 87.9 4874105370862384 61.1
53537600 26972505788 87.9 4874106003906352 61.1
53540100 26972506188 87.9 4874106847963440 61.1
53541400 26972506488 87.9 4874107276590832 61.1
53541900 26976787288 87.9 4879245205143280 61.2
53544300 26976787688 87.9 4879245844790384 61.2
55252000 27015935488 88.0 4905459626130544 61.5
55652900 27015935588 88.0 4905459837147744 61.5
55656800 27015935888 88.0 4905460470198368 61.5
55661100 27015936188 88.0 4905461103250080 61.5
55662300 27019840888 88.0 4910159004748448 61.6
55663700 27019841088 88.0 4910159426782432 61.6
55667200 27019841388 88.0 4910160059834528 61.6
55667300 27019841688 88.0 4910160623721824 61.6
57107700 27059709488 88.2 4937205986647392 61.9
57380700 27059709788 88.2 4937206619688160 61.9
57382200 27059710188 88.2 4937207253747296 61.9
57386100 27059710288 88.2 4937207464764096 61.9
57387900 27059710488 88.2 4937207886794496 61.9
57392400 27059710688 88.2 4937208308815200 61.9
57392900 27059710788 88.2 4937208519832096 61.9
57396000 27059710888 88.2 4937208730849792 61.9
57403000 27063729988 88.2 4942060050551296 62.0
59483600 27101037088 88.3 4967362610958848 62.3
60084900 27101037588 88.3 4967363666025824 62.3
60088100 27101037688 88.3 4967363877039424 62.3
60088700 27104908488 88.3 4972006245952832 62.4
60088900 27104908588 88.3 4972006456970432 62.4
60089100 27104908788 88.3 4972006879001632 62.4
60093200 27104908888 88.3 4972007090019328 62.4
60094200 27104909088 88.3 4972007512050720 62.4
60102800 27104909188 88.3 4972007723068624 62.4
60103600 27104909288 88.3 4972007934086528 62.4
61679600 27143048188 88.4 4997723260145024 62.7
62029200 27146845588 88.5 5002288660434304 62.7
62032000 27146845688 88.5 5002288871436304 62.7
62038200 27146845788 88.5 5002289082449904 62.7
62053700 27146845888 88.5 5002289293467808 62.7
62053800 27146846088 88.5 5002289293877408 62.7
64020400 27182303788 88.6 5026319245828256 63.0
64029100 27182303888 88.6 5026319456846160 63.0
64194500 27182303988 88.6 5026319667859456 63.0
64200200 27182304988 88.6 5026321778149120 63.0
64219200 27186228988 88.6 5031079559104256 63.1
64819100 27188116788 88.6 5033329252697856 63.1
66412000 27223890888 88.7 5057906592777984 63.4
66414800 27223891088 88.7 5057906804024080 63.4
66415600 27223891288 88.7 5057907226051568 63.4
66416500 27223891588 88.7 5057907648328560 63.4
66520900 27226472788 88.7 5058656725660528 63.4
66915700 27230323488 88.7 5063252946219888 63.5
69010000 27230323588 88.7 5063253157262096 63.5
69011000 27230323788 88.7 5063253579339600 63.5
69012800 27234385388 88.7 5064450434209616 63.5
69013300 27266045488 88.8 5087789018060624 63.8
69236600 27269683588 88.9 5092109543348048 63.9
69237800 27269683988 88.9 5092110387500368 63.9
71324200 27301281788 89.0 5115548170835280 64.2
71326400 27301281988 89.0 5115548592869488 64.2
71329300 27301283088 89.0 5115550914143600 64.2
71364200 27305315688 89.0 5116774201779568 64.2
71634000 27308836788 89.0 5120979318433136 64.2
73592000 27308836988 89.0 5120979332359536 64.2
73592500 27338509288 89.1 5143085424174448 64.5
74239200 27341040588 89.1 5146026899268976 64.5
74240400 27341040788 89.1 5146027321305264 64.5
74247700 27341041288 89.1 5146028376384752 64.5
74249100 27341041388 89.1 5146028587400144 64.5
74249700 27341041588 89.1 5146029009430928 64.5
74255700 27345021288 89.1 5147208683252112 64.6
74257800 27345021488 89.1 5147209105287216 64.6
76355100 27374770588 89.2 5169248088238128 64.8
76358900 27374770988 89.2 5169248932310512 64.8
76364100 27374771188 89.2 5169249354382192 64.8
76369700 27374771388 89.2 5169249572156496 64.8
76370800 27374771488 89.2 5169249783169600 64.8
76739600 27378131088 89.2 5173254537921088 64.9
76739700 27378131188 89.2 5173254691111488 64.9
76739800 27378131788 89.2 5173255331316288 64.9
76785200 27378132288 89.2 5173256386494912 64.9
76788200 27382076188 89.2 5174461730128320 64.9
79087500 27411752488 89.3 5196602903101888 65.2
79094000 27411752588 89.3 5196603114139488 65.2
79326000 27411752988 89.3 5196603958191904 65.2
79350700 27415219288 89.3 5200729979447072 65.2
79370600 27419090988 89.3 5201899737802528 65.2
79380100 27419091088 89.3 5201899828733728 65.2
81307000 27448460888 89.4 5223862028658464 65.5
82073200 27448461288 89.4 5223862872699168 65.5
82082700 27451568788 89.4 5227586420601120 65.6
82093500 27451568988 89.4 5227586842628128 65.6
82093900 27451569088 89.4 5227587053665024 65.6
82104500 27451569488 89.4 5227587897787648 65.6
82105000 27451569588 89.4 5227588108800944 65.6
82109700 27451569788 89.4 5227588530829648 65.6
82114400 27451569888 89.4 5227588741844544 65.6
82128900 27455335588 89.5 5228718973802816 65.6
82136300 27455336088 89.5 5228720028869888 65.6
82144000 27455336988 89.5 5228721927977856 65.6
84690600 27455337188 89.5 5228722350006464 65.6
84699300 27484525288 89.6 5250677883084992 65.9
84710700 27484525488 89.6 5250678305113696 65.9
84948300 27487896388 89.6 5254646101493344 65.9
84950500 27487896588 89.6 5254646453023840 65.9
84953800 27487896888 89.6 5254647086047136 65.9
84954200 27487897088 89.6 5254647508077344 65.9
84961200 27487897288 89.6 5254647930108128 65.9
84961700 27487897788 89.6 5254648985176608 65.9
84964100 27487898388 89.6 5254650251351840 65.9
84985100 27491484888 89.6 5255709271758624 65.9
85974300 27496467488 89.6 5260457116407584 66.0
85980200 27496468688 89.6 5260459648670752 66.0
87606800 27519917088 89.7 5277056102751264 66.2
87611500 27519917288 89.7 5277056524774976 66.2
87878500 27523300488 89.7 5281093319814720 66.2
87879000 27523300588 89.7 5281093530856416 66.2
87882300 27523300688 89.7 5281093741876016 66.2
87886300 27523300888 89.7 5281094163947920 66.2
87920400 27526886888 89.7 5282180241678736 66.2
87928700 27526887088 89.7 5282180663755024 66.2
88674600 27532405388 89.7 5287519525159184 66.3
90379700 27555528288 89.8 5303873497088272 66.5
90967800 27555528588 89.8 5303873722049968 66.5
90970500 27555528788 89.8 5303874144133456 66.5
90982000 27558842588 89.8 5307823189614928 66.6
90986900 27558842888 89.8 5307823413747920 66.6
91012000 27562337988 89.8 5308875828453584 66.6
91653100 27567808788 89.8 5314086213607632 66.6
93639600 27590759688 89.9 5330390680166608 66.9
93983500 27594025088 89.9 5334134701252816 66.9
93985100 27594025188 89.9 5334134912293120 66.9
93986100 27594025588 89.9 5334135756356352 66.9
93986900 27594025688 89.9 5334135967376048 66.9
93987500 27594026088 89.9 5334136811454832 66.9
93992200 27594026388 89.9 5334137444498224 66.9
93995900 27594026588 89.9 5334137866531440 66.9
93997700 27594026888 89.9 5334138499559152 66.9
94017200 27594027088 89.9 5334138921592144 66.9
94019400 27597486388 89.9 5335199715599696 66.9
95201700 27597486888 89.9 5335200770667280 66.9
95202700 27602988188 89.9 5340526848881424 67.0
96784700 27625706188 90.0 5356745342694160 67.2
96806300 27625706388 90.0 5356745764726960 67.2
96979500 27625706488 90.0 5356745975746256 67.2
97001500 27625706788 90.0 5356746608826832 67.2
97005100 27628956788 90.0 5360591884605904 67.2
97011000 27628957188 90.0 5360592728749584 67.2
97020200 27628957388 90.0 5360592940604176 67.2
97021000 27628957488 90.0 5360593151622080 67.2
97038500 27632272588 90.0 5361601237121984 67.2
97042700 27632272688 90.0 5361601448157680 67.2
97045800 27632273088 90.0 5361602292228976 67.2
97785500 27637801388 90.1 5366761423512432 67.3
100282000 27637801788 90.1 5366762230664048 67.3
100286700 27660172188 90.1 5382743833332592 67.5
100287400 27660172288 90.1 5382744044374288 67.5
100471000 27660172388 90.1 5382744255378288 67.5
100476400 27660172488 90.1 5382744466415184 67.5
100482100 27663512588 90.1 5386656490085968 67.6
100487400 27663512788 90.1 5386656912113072 67.6
101354400 27664697488 90.1 5388039782522288 67.6
102612300 27664698288 90.1 5388041470629936 67.6
102614700 27669386288 90.2 5392426257635376 67.6
102667700 27672638488 90.2 5393418775648304 67.6
104716300 27672638588 90.2 5393418986667600 67.6
104716700 27672638788 90.2 5393419408706192 67.6
104717100 27695524388 90.2 5409744578349712 67.8
104720200 27695524688 90.2 5409745211465808 67.8
104733900 27695524788 90.2 5409745422502000 67.8
104742600 27695525288 90.2 5409746477569008 67.8
104998100 27698898788 90.3 5413742645269488 67.9
105003500 27698898988 90.3 5413743067295984 67.9
105048500 27702179888 90.3 5414731200033008 67.9
106139900 27707893888 90.3 5420078088286448 68.0
108545800 27730315588 90.4 5436158019072240 68.2
109086500 27733726788 90.4 5440153409515760 68.2
109089600 27733726888 90.4 5440153620528864 68.2
109153200 27736811088 90.4 5441087625248480 68.2
110269500 27742411588 90.4 5446407794212576 68.3
112655900 27742411988 90.4 5446408638373472 68.3
112669700 27742412088 90.4 5446408849410368 68.3
112670400 27742412688 90.4 5446410115491008 68.3
112671400 27764275588 90.5 5462153399903424 68.5
113256700 27767719388 90.5 5466108499600576 68.6
113282200 27767719588 90.5 5466108921627392 68.6
113308400 27770743888 90.5 5467048226177792 68.6
114686500 27776335888 90.5 5472467565789952 68.6
117086200 27776335988 90.5 5472467776826848 68.6
117098100 27798418588 90.6 5488375618465248 68.8
117098300 27798418688 90.6 5488375829501152 68.8
117744300 27801827888 90.6 5492248070198496 68.9
117792000 27804936588 90.6 5493204690736352 68.9
118995400 27810629388 90.6 5498523746112736 69.0
121615900 27814158988 90.6 5502643335664864 69.0
121770700 27814159288 90.6 5502643968781984 69.0
121771900 27814159388 90.6 5502644179819088 69.0
121783800 27835698888 90.7 5518232026470992 69.2
123209400 27840950188 90.7 5523251099458128 69.3
123216900 27844163888 90.7 5524207013059152 69.3
123227300 27844163988 90.7 5524207224100848 69.3
126237100 27865645788 90.8 5539810689292272 69.5
126260400 27865646288 90.8 5539811744359856 69.5
127509000 27865646388 90.8 5539811955397264 69.5
127509800 27867842088 90.8 5542323458495120 69.5
127511500 27867842188 90.8 5542323669532224 69.5
127511800 27867842888 90.8 5542324078610944 69.5
128429200 27867843288 90.8 5542324922759936 69.5
128429300 27873486888 90.8 5547747671816960 69.6
131661000 27873487288 90.8 5547748515875456 69.6
131692600 27898123688 90.9 5564415789730432 69.8
132751800 27901802188 90.9 5568577760103040 69.8
132756100 27901802388 90.9 5568578182176128 69.8
132758300 27901802688 90.9 5568578815286720 69.8
134317100 27907368888 90.9 5573804556312000 69.9
134354300 27910345388 90.9 5574723913735616 69.9
137571800 27910345888 90.9 5574724968924864 69.9
137576200 27931119988 91.0 5589885806069440 70.1
138036400 27931120188 91.0 5589886228122144 70.1
138036700 27934917688 91.0 5594165756185120 70.2
138038300 27934917788 91.0 5594165967222224 70.2
139342900 27940483888 91.0 5599330553722320 70.2
139410400 27943490088 91.1 5600238245737936 70.2
139421700 27943490188 91.1 5600238456775040 70.2
141889100 27943490288 91.1 5600238667811936 70.2
141893500 27964267388 91.1 5615420420901984 70.4
141897400 27964268388 91.1 5615422531066080 70.4
142670000 27968056788 91.1 5619645881932000 70.5
142672200 27968056988 91.1 5619646303969600 70.5
142672600 27968057088 91.1 5619646514973904 70.5
142674000 27968057488 91.1 5619647359006096 70.5
142674300 27968057788 91.1 5619647992032592 70.5
142676500 27968058288 91.1 5619649047215376 70.5
142684100 27968058388 91.1 5619649258235072 70.5
142684700 27968058488 91.1 5619649469254768 70.5
144379200 27973567888 91.1 5624870487493744 70.5
148789000 28000375288 91.2 5644290777713776 70.8
150242100 28005820888 91.3 5649298899373168 70.9
150327500 28008742288 91.3 5650217860959344 70.9
150329900 28008742388 91.3 5650218071977248 70.9
150336600 28008743088 91.3 5650219549101600 70.9
150343400 28008743188 91.3 5650219760113904 70.9
150345800 28008743388 91.3 5650219984877712 70.9
150347400 28008743588 91.3 5650220406925808 70.9
154383500 28032903788 91.3 5669431135037936 71.1
154392900 28032903988 91.3 5669431499270128 71.1
154403200 28032904288 91.3 5669432132323120 71.1
155652600 28032904688 91.3 5669432976379696 71.1
155654000 28032904788 91.3 5669433187397600 71.1
155660800 28034340388 91.3 5671024508039136 71.1
157088100 28039766388 91.4 5676290173595616 71.2
157095500 28042698988 91.4 5677191961407456 71.2
157107900 28042699288 91.4 5677192594456352 71.2
160331500 28042699388 91.4 5677192805469648 71.2
160334900 28062733788 91.4 5691937368427984 71.4
160335500 28062733888 91.4 5691937579441584 71.4
160339000 28062734188 91.4 5691938212499888 71.4
160340300 28062734988 91.4 5691939900597936 71.4
160378400 28062735188 91.4 5691940322669936 71.4
160378600 28066827088 91.5 5696444903454064 71.4
161864300 28072124088 91.5 5701430166156656 71.5
162013500 28075040688 91.5 5702362037089648 71.5
165652000 28095313988 91.5 5717389720810864 71.7
167370400 28095314488 91.5 5717390775989680 71.7
167371300 28095315788 91.5 5717393519134640 71.7
167373200 28095316088 91.5 5717394152155632 71.7
167374600 28098770588 91.6 5721116634704368 71.8
169012000 28104078588 91.6 5726502640085488 71.8
169043300 28104078688 91.6 5726502851098896 71.8
169045800 28106989588 91.6 5727396655446288 71.8
172509100 28127069788 91.6 5742232444516624 72.0
173927000 28127069888 91.6 5742232655519632 72.0
173932400 28127070288 91.6 5742233499668944 72.0
173947100 28127070588 91.6 5742234132708752 72.0
173948100 28127070788 91.6 5742234554735760 72.0
173949900 28127071688 91.6 5742236453844496 72.0
173950000 28131034088 91.7 5746598342571536 72.1
173950100 28131034288 91.7 5746598764598352 72.1
173952900 28131034388 91.7 5746598975602656 72.1
173958000 28131034588 91.7 5746599397647360 72.1
175641300 28136471288 91.7 5752107387544576 72.1
175646900 28136471588 91.7 5752108020592896 72.1
175647600 28136471788 91.7 5752108442624896 72.1
175657200 28136471888 91.7 5752108653627904 72.1
175657400 28136472088 91.7 5752109075657504 72.1
175667600 28136472188 91.7 5752109286671104 72.1
175757800 28139314688 91.7 5753033235415808 72.2
179396500 28159723288 91.8 5768185813975808 72.3
180516500 28164425888 91.8 5773372873032448 72.4
180520700 28164425988 91.8 5773373084045952 72.4
180522100 28164426088 91.8 5773373295059248 72.4
180524200 28164426288 91.8 5773373717133648 72.4
180686100 28164603688 91.8 5773565250812240 72.4
180691200 28164603788 91.8 5773565461825840 72.4
182650100 28166512088 91.8 5775721737128240 72.4
182660400 28172110388 91.8 5781274942671152 72.5
182693500 28172110788 91.8 5781275786715632 72.5
182708400 28174894888 91.8 5782150221898224 72.5
186568000 28174894988 91.8 5782150432902128 72.5
186568600 28195234488 91.9 5797317531094000 72.7
186582900 28195234788 91.9 5797318164125680 72.7
188136700 28195235688 91.9 5797320063467120 72.7
188140900 28195235788 91.9 5797320274502320 72.7
188154200 28195236088 91.9 5797320907542448 72.7
188165700 28195236588 91.9 5797321962600432 72.7
188172500 28199923688 91.9 5802384960436208 72.8
188186800 28199923988 91.9 5802385593448304 72.8
188324600 28202472488 91.9 5803163074475888 72.8
190277800 28208202588 91.9 5808679418378096 72.9
190287000 28208202688 91.9 5808679629391696 72.9
190294200 28208203688 91.9 5808681739519312 72.9
194019200 28228947788 92.0 5824358483395920 73.0
194021800 28228947888 92.0 5824358694400016 73.0
195621100 28231817688 92.0 5825257006772240 73.1
195622600 28231817788 92.0 5825257217774336 73.1
195624200 28231817888 92.0 5825257428787840 73.1
195629000 28236009388 92.0 5829797790674560 73.1
195638900 28236009488 92.0 5829798001692464 73.1
197311700 28236009688 92.0 5829798423718672 73.1
197319000 28236009888 92.0 5829798845747376 73.1
197330400 28236010088 92.0 5829799012659376 73.1
197331200 28236010188 92.0 5829799223678880 73.1
197336700 28236010388 92.0 5829799645692576 73.1
197337800 28236010588 92.0 5829800067725280 73.1
197344900 28236010788 92.0 5829800489752096 73.1
197345700 28236010888 92.0 5829800700765600 73.1
197345900 28242050088 92.0 5835804972246432 73.2
202636500 28263212988 92.1 5851791926846880 73.4
202684800 28263213088 92.1 5851792137864976 73.4
204180200 28263213388 92.1 5851792770905168 73.4
204194700 28269006888 92.1 5858085527393728 73.5
204196900 28269007188 92.1 5858086160500416 73.5
204368600 28271482588 92.1 5858855301088960 73.5
206435500 28271482688 92.1 5858855512092960 73.5
206441300 28271483088 92.1 5858856356135328 73.5
206443800 28271483288 92.1 5858856778169120 73.5
206452000 28271483588 92.1 5858857411218400 73.5
206452700 28271483888 92.1 5858858044293856 73.5
206465300 28278164688 92.1 5865367313122016 73.6
210583000 28299716288 92.2 5881854423794400 73.8
212715700 28299716388 92.2 5881854634811296 73.8
212716900 28299716988 92.2 5881855900944032 73.8
212721100 28299717188 92.2 5881856322976416 73.8
212726500 28299717288 92.2 5881856534013520 73.8
212733800 28308323788 92.2 5889018265364048 73.9
212739000 28308323988 92.2 5889018687390736 73.9
212740600 28308324088 92.2 5889018898394832 73.9
215502400 28308324188 92.2 5889019109408336 73.9
215505000 28315008388 92.3 5895445231926864 73.9
215512400 28315008588 92.3 5895445653957072 73.9
215517900 28315009288 92.3 5895447131105744 73.9
215518600 28315009388 92.3 5895447342141744 73.9
215520100 28315009588 92.3 5895447764221552 73.9
215523300 28315009788 92.3 5895448186250352 73.9
215523500 28315010988 92.3 5895450718400624 73.9
220751500 28329618688 92.3 5908993911058544 74.1
221308200 28336695088 92.3 5912075383107696 74.1
222606000 28343355788 92.4 5919264924528752 74.2
222615600 28343356088 92.4 5919265347419344 74.2
222630100 28343356188 92.4 5919265558432848 74.2
222635100 28343356288 92.4 5919265769446352 74.2
225419800 28343356588 92.4 5919266402486672 74.2
225425700 28343356688 92.4 5919266613500576 74.2
225426700 28343356788 92.4 5919266824513680 74.2
225434900 28343356988 92.4 5919267246584976 74.2
225439800 28349503188 92.4 5925369509590160 74.3
225536500 28352671288 92.4 5926308223595664 74.3
225550800 28352671388 92.4 5926308434609168 74.3
227980800 28352671488 92.4 5926308645644672 74.3
227998500 28357605788 92.4 5931483236608384 74.4
232936200 28357606188 92.4 5931484080661568 74.4
232965300 28379418988 92.5 5948495852627008 74.6
232966900 28379419088 92.5 5948496063663008 74.6
232967500 28379419188 92.5 5948496274667312 74.6
232971300 28379419288 92.5 5948496485671312 74.6
236181500 28385867288 92.5 5955407120556432 74.7
236278500 28385867788 92.5 5955408175666576 74.7
236287200 28385867888 92.5 5955408386670672 74.7
236291200 28393855688 92.5 5963051228020816 74.8
236291500 28393856288 92.5 5963052494054480 74.8
236291600 28393856388 92.5 5963052705067984 74.8
236295600 28393856488 92.5 5963052916081280 74.8
236296400 28396607488 92.5 5963854056063616 74.8
236296800 28396607788 92.5 5963854689177600 74.8
236301400 28396608088 92.5 5963855322189888 74.8
236304400 28396608588 92.5 5963856377238464 74.8
236304700 28396608788 92.5 5963856799265056 74.8
236309400 28396608888 92.5 5963857010269360 74.8
240664400 28396608988 92.5 5963857184367456 74.8
240671600 28396609888 92.5 5963859083548640 74.8
240672300 28396610288 92.5 5963859927604832 74.8
240677000 28416787088 92.6 5979478940032608 75.0
240679400 28416787288 92.6 5979479362067712 75.0
242770900 28416787388 92.6 5979479573081312 75.0
242773600 28419341788 92.6 5982221116714208 75.0
244447200 28419342088 92.6 5982221749760224 75.0
244456700 28419342288 92.6 5982222171793536 75.0
244462900 28419342688 92.6 5982223015855040 75.0
244465100 28426445688 92.6 5988903247659968 75.1
244465500 28426445788 92.6 5988903458673376 75.1
244466500 28426446588 92.6 5988905146782816 75.1
244469500 28426446688 92.6 5988905357798208 75.1
244470400 28426446988 92.6 5988905990838080 75.1
244475000 28426447088 92.6 5988906201850384 75.1
244501000 28426447588 92.6 5988907059734288 75.1
244515900 28426447788 92.6 5988907481760880 75.1
244537000 28428761188 92.6 5989589925102704 75.1
244559100 28428761288 92.6 5989590136118096 75.1
244559300 28428761588 92.6 5989590769162480 75.1
244563900 28428762088 92.6 5989591824231472 75.1
244567000 28428762188 92.6 5989592035244576 75.1
244568600 28428762388 92.6 5989592457271680 75.1
244569500 28428762588 92.6 5989592879289472 75.1
244572600 28428762688 92.6 5989593090308768 75.1
249665500 28428762888 92.6 5989593512316960 75.1
249702100 28441057188 92.7 6001003928653856 75.3
250819200 28451609888 92.7 6008581429563424 75.4
251958300 28456977188 92.7 6013841457451040 75.4
251988100 28456977588 92.7 6013842301556944 75.4
251988300 28456977788 92.7 6013842723627440 75.4
251991700 28456978488 92.7 6013844200762160 75.4
251995100 28456978688 92.7 6013844622770352 75.4
252002900 28456978788 92.7 6013844833783856 75.4
252005900 28456978988 92.7 6013845255810448 75.4
252027000 28456979088 92.7 6013845466846144 75.4
252082400 28456979388 92.7 6013846099902848 75.4
252095400 28456979588 92.7 6013846521976960 75.4
252096600 28456979688 92.7 6013846732996656 75.4
252107400 28456979788 92.7 6013846944033552 75.4
252108500 28456979988 92.7 6013847366050768 75.4
252115700 28456980188 92.7 6013847751168560 75.4
252118700 28457204788 92.7 6013917754675760 75.4
252144000 28459192588 92.7 6014514602889776 75.4
256370500 28459192688 92.7 6014514813903072 75.4
256392400 28475579388 92.8 6027156429381856 75.6
257124100 28479593988 92.8 6031272181932256 75.6
260415700 28479594088 92.8 6031272392945760 75.6
260435400 28480730288 92.8 6031629067579488 75.6
260438300 28480730488 92.8 6031629629550688 75.6
260575800 28480730688 92.8 6031630051570400 75.6
260599100 28485266888 92.8 6035911241364192 75.7
260615200 28485267288 92.8 6035912085424864 75.7
263011000 28487118788 92.8 6037769612643040 75.7
263015800 28487118888 92.8 6037769823656448 75.7
263024900 28487119588 92.8 6037771300752384 75.7
265471300 28488740788 92.8 6039463106956288 75.7
267927100 28503552788 92.9 6050884846865408 75.9
267927700 28503552888 92.9 6050885057878608 75.9
267931100 28503553288 92.9 6050885901913424 75.9
268244500 28503626288 92.9 6050972527807824 75.9
268562600 28503626488 92.9 6050972949835024 75.9
268582600 28503626688 92.9 6050973371912336 75.9
268583900 28503626788 92.9 6050973582949632 75.9
268598400 28507745088 92.9 6054926869658880 75.9
268601700 28507745388 92.9 6054927502721664 75.9
268608900 28507745588 92.9 6054927924739168 75.9
268610300 28509311788 92.9 6055414562110560 75.9
272202800 28512299288 92.9 6058327170694240 76.0
277240400 28525958688 92.9 6068917484207200 76.1
277246000 28525958888 92.9 6068917906233792 76.1
278024600 28528985388 93.0 6072044292987328 76.2
278150000 28530345588 93.0 6072466570992064 76.2
280161700 28534150888 93.0 6076225838635456 76.2
284934600 28547132788 93.0 6086206291958208 76.3
287341000 28547132888 93.0 6086206502971712 76.3
287369900 28549421588 93.0 6088640262023488 76.4
287375600 28549422388 93.0 6088641950123840 76.4
287390400 28550649788 93.0 6089023438030656 76.4
287432300 28550649888 93.0 6089023649046560 76.4
287436200 28550649988 93.0 6089023860049568 76.4
287445100 28550650088 93.0 6089024071089872 76.4
290836100 28554474088 93.0 6092780088409808 76.4
298210100 28557027888 93.1 6095555358441168 76.4
298288600 28557028188 93.1 6095555991499984 76.4
298288700 28557028488 93.1 6095556624539792 76.4
298289600 28557028588 93.1 6095556835559488 76.4
298302900 28557029388 93.1 6095558523697728 76.4
298322000 28557029788 93.1 6095559367718208 76.4
298333100 28557029988 93.1 6095559789719008 76.4
298334100 28569700188 93.1 6105444746079712 76.6
298617100 28569700388 93.1 6105445168150208 76.6
298620500 28569700988 93.1 6105446434375872 76.6
298623600 28571125488 93.1 6106060777031872 76.6
301429100 28571760388 93.1 6106736631187648 76.6
301647400 28575593788 93.1 6110416095905984 76.6
305875900 28588199888 93.2 6120296667121856 76.8
308584400 28589866088 93.2 6122083230255296 76.8
308607000 28589866788 93.2 6122084707372608 76.8
308689100 28591030688 93.2 6122448089747008 76.8
308689300 28591030988 93.2 6122448722758400 76.8
308699300 28591031088 93.2 6122448933762496 76.8
316563400 28598893688 93.2 6129771571459520 76.9
319655700 28602708088 93.2 6133542502675904 76.9
320420800 28606418288 93.2 6135145228547520 76.9
321860900 28609134688 93.2 6138003270546880 77.0
321869600 28609135388 93.2 6138004747576128 77.0
321901600 28609135788 93.2 6138005591615744 77.0
321902000 28609135988 93.2 6138006013633152 77.0
321922900 28609136188 93.2 6138006435661856 77.0
321930000 28609136788 93.2 6138007701750048 77.0
321935400 28609137188 93.2 6138008545908448 77.0
321939400 28609137888 93.2 6138010023014112 77.0
321939600 28609138088 93.2 6138010445022304 77.0
321940100 28610370688 93.2 6138392542839904 77.0
328319100 28619470488 93.3 6146843439924320 77.1
331347600 28619470688 93.3 6146843861951328 77.1
331387300 28623206888 93.3 6150362946446176 77.1
331565100 28627074888 93.3 6152076635906912 77.2
333208900 28627075088 93.3 6152077057933920 77.2
333251700 28627075188 93.3 6152077268937920 77.2
333254800 28627075388 93.3 6152077691015328 77.2
333259400 28629976588 93.3 6155209387233440 77.2
333295500 28631263188 93.3 6155599375978656 77.2
337487600 28640570788 93.3 6164287414292640 77.3
339886900 28644371688 93.3 6168330081620128 77.4
339889500 28644371988 93.3 6168330714727648 77.4
340506300 28648519088 93.3 6170158751532256 77.4
341370000 28648519588 93.3 6170159806611168 77.4
341391600 28648519688 93.3 6170160017623472 77.4
341395800 28649923188 93.4 6170598977948080 77.4
341402200 28649923288 93.4 6170599188988384 77.4
341408200 28649923388 93.4 6170599400025280 77.4
341411200 28649923488 93.4 6170599611044784 77.4
341416700 28653287088 93.4 6174122607514544 77.4
345893500 28653287588 93.4 6174123662719792 77.4
345922600 28656407088 93.4 6177122027256624 77.5
350934600 28666336988 93.4 6186344229059376 77.6
353884300 28670276288 93.4 6190504549497648 77.6
354593600 28674800288 93.4 6192572654500656 77.7
354813400 28674800388 93.4 6192572865512960 77.7
354831500 28676236288 93.4 6193018575455744 77.7
354835300 28676236388 93.4 6193018786471136 77.7
354883100 28676236888 93.4 6193019841679648 77.7
358295300 28679473088 93.4 6196476011352352 77.7
360896300 28679473188 93.4 6196476222369552 77.7
360916200 28684160188 93.5 6200894582943504 77.8
362207800 28687868388 93.5 6202608113676048 77.8
362229300 28687868488 93.5 6202608324680048 77.8
368900300 28687868588 93.5 6202608535684352 77.8
368900700 28687868688 93.5 6202608746688256 77.8
368911800 28687868888 93.5 6202609168705568 77.8
368925300 28689600288 93.5 6203142066890784 77.8
368939700 28689600788 93.5 6203143121911200 77.8
368940300 28689600888 93.5 6203143332915200 77.8
368940900 28689600988 93.5 6203143543919296 77.8
368946000 28689601088 93.5 6203143754923296 77.8
368947500 28689601488 93.5 6203144598939488 77.8
368951000 28689601588 93.5 6203144809943792 77.8
368951800 28689601688 93.5 6203145020947888 77.8
368961200 28700464088 93.5 6213205148220848 77.9
374006400 28705465188 93.5 6217957796396464 78.0
375133900 28711179588 93.6 6224151013408176 78.1
384171000 28721140888 93.6 6233397136375216 78.2
384887700 28721140988 93.6 6233397347378224 78.2
384899000 28721141288 93.6 6233397980379056 78.2
384902400 28721141388 93.6 6233398191392464 78.2
384908400 28721141688 93.6 6233398824506192 78.2
384916900 28726249988 93.6 6235843434484560 78.2
385032400 28728175988 93.6 6236415832658768 78.2
388346300 28728176388 93.6 6236416676711952 78.2
388347300 28728176688 93.6 6236417309751952 78.2
388389100 28732246088 93.6 6240683236997776 78.3
388398100 28732246388 93.6 6240683870038288 78.3
388404400 28732246688 93.6 6240684503085392 78.3
391644600 28738266488 93.6 6246512714461520 78.3
391688400 28738266788 93.6 6246513347549712 78.3
391692800 28738266988 93.6 6246513769604112 78.3
391720000 28738267088 93.6 6246513980617520 78.3
396104000 28738267588 93.6 6246515035806512 78.3
396132200 28749774988 93.7 6257143265827632 78.5
396918900 28754570288 93.7 6259496917080880 78.5
396939200 28754571688 93.7 6259499871398960 78.5
396958400 28754571988 93.7 6259500504516656 78.5
397104400 28755936288 93.7 6259916988057648 78.5
397453600 28755936388 93.7 6259917199088848 78.5
397459800 28755936488 93.7 6259917410102144 78.5
397465000 28760296688 93.7 6264443150625664 78.6
397470700 28760296788 93.7 6264443361628672 78.6
401058800 28764655488 93.7 6268606048702976 78.6
404937600 28765513788 93.7 6269484334715392 78.6
414812600 28774292988 93.8 6277605998858752 78.7
415572600 28774293088 93.8 6277606209889952 78.7
415598800 28774293288 93.8 6277606631907264 78.7
415603200 28778246688 93.8 6279439730057152 78.8
415613900 28778246988 93.8 6279440363167760 78.8
415614300 28778247088 93.8 6279440574171664 78.8
415625400 28778247288 93.8 6279440996188976 78.8
418784300 28781905688 93.8 6283024223650608 78.8
420690900 28786124088 93.8 6286618365477680 78.8
425453900 28794474888 93.8 6294358184379184 78.9
426374300 28797887188 93.8 6295968942080816 79.0
426376300 28797887488 93.8 6295969575188208 79.0
426455200 28797887888 93.8 6295970419232688 79.0
426496400 28798728388 93.8 6296221911797680 79.0
426504600 28798728988 93.8 6296223177822512 79.0
443095700 28808982188 93.9 6305933032476976 79.1
444992600 28808982288 93.9 6305933243514384 79.1
445001300 28808982988 93.9 6305934720552080 79.1
445031700 28808983188 93.9 6305935142582768 79.1
445034200 28811444688 93.9 6308538558609904 79.1
445042300 28811445288 93.9 6308539796026864 79.1
445047000 28811445388 93.9 6308540007040368 79.1
445453300 28811445588 93.9 6308540429118864 79.1
445492700 28811445688 93.9 6308540640123168 79.1
445504100 28811445788 93.9 6308540851142560 79.1
445533500 28814460188 93.9 6309990892814240 79.1
445536400 28815251588 93.9 6310240555351968 79.1
445548100 28815251688 93.9 6310240766394864 79.1
445554500 28815251788 93.9 6310240977412064 79.1
445561900 28815252188 93.9 6310241821480288 79.1
454468300 28826232088 93.9 6320679673091424 79.3
455685100 28826232888 93.9 6320681361223776 79.3
455685700 28826233088 93.9 6320681783241568 79.3
455704400 28828604588 93.9 6323170093935456 79.3
455710900 28828605288 93.9 6323171571001200 79.3
456305700 28828605488 93.9 6323171993046000 79.3
456324800 28828605888 93.9 6323172837099120 79.3
456326700 28828606088 93.9 6323173259125920 79.3
456340800 28828606488 93.9 6323174103179104 79.3
456350000 28831512888 93.9 6324522023509856 79.3
456350700 28831513088 93.9 6324522445587360 79.3
456366700 28831513288 93.9 6324522867608352 79.3
456406300 28832307888 93.9 6324779587242784 79.3
461096300 28834418388 94.0 6326957853805344 79.4
473005700 28845401288 94.0 6337339903347488 79.5
473049700 28845402188 94.0 6337341802450336 79.5
473058500 28845402588 94.0 6337342646494816 79.5
474502100 28845402788 94.0 6337343068524320 79.5
474540700 28848164388 94.0 6338669715345184 79.5
474600500 28849074988 94.0 6338957553127200 79.5
480683000 28852138588 94.0 6342106511003424 79.5
480796900 28854673488 94.0 6344579791408928 79.6
480824000 28854673588 94.0 6344580002425920 79.6
487926800 28862893388 94.0 6352226433576000 79.7
487938500 28862893688 94.0 6352227066628480 79.7
488313700 28862893988 94.0 6352227699651584 79.7
488342700 28862894088 94.0 6352227910655584 79.7
488358000 28862894988 94.0 6352229809817184 79.7
488373100 28862895188 94.0 6352230231836288 79.7
488374300 28862895288 94.0 6352230442855984 79.7
488375700 28862895388 94.0 6352230653875680 79.7
488377100 28862895788 94.0 6352231498023456 79.7
488389400 28866279888 94.1 6353951861670432 79.7
492683400 28869187288 94.1 6357024493961760 79.7
493650400 28869187688 94.1 6357025338037664 79.7
493654600 28869187888 94.1 6357025760064352 79.7
493716400 28873074588 94.1 6360942285787264 79.8
493813700 28874122888 94.1 6361259572465792 79.8
503413600 28874123288 94.1 6361260416568768 79.8
503442100 28874123788 94.1 6361261471641280 79.8
503464600 28874123988 94.1 6361261893649280 79.8
503474800 28883479188 94.1 6369926590137216 79.9
504239000 28887349788 94.1 6371850775069568 79.9
510910500 28887349988 94.1 6371851197142880 79.9
510918900 28887350088 94.1 6371851408158080 79.9
510935000 28887350588 94.1 6371852463178176 79.9
510982000 28887350688 94.1 6371852674181984 79.9
510990900 28887351088 94.1 6371853518219808 79.9
511004300 28889575888 94.1 6373967771839008 79.9
513031000 28894565288 94.1 6379318073731616 80.0
513100200 28894565388 94.1 6379318284735616 80.0
513107500 28894566288 94.1 6379320183871616 80.0
513188600 28895871288 94.2 6379705343400064 80.0
514841500 28899046588 94.2 6381370207623296 80.0
525748800 28899049888 94.2 6381377134313600 80.0
525757700 28899049988 94.2 6381377345326896 80.0
525760900 28909617688 94.2 6391154880319280 80.2
525764500 28909617788 94.2 6391155091355472 80.2
533517000 28914171488 94.2 6395766504732496 80.2
537993800 28914171588 94.2 6395766715736496 80.2
538003300 28914171688 94.2 6395766926777392 80.2
538041500 28916699088 94.2 6398478990482480 80.2
538061800 28916699288 94.2 6398479412490480 80.2
538073600 28916699488 94.2 6398479834514192 80.2
538136600 28916700088 94.2 6398481100624144 80.2
538140200 28916700388 94.2 6398481733740240 80.2
538210500 28917692088 94.2 6398771455780560 80.3
547736600 28926272988 94.3 6406707999598288 80.4
552083100 28929966388 94.3 6410379085407952 80.4
552572900 28933345988 94.3 6412111934711504 80.4
554371600 28936617088 94.3 6415526680651472 80.5
554464500 28936617488 94.3 6415527524706576 80.5
554533500 28936617888 94.3 6415528368736656 80.5
554543500 28937373088 94.3 6415759180777872 80.5
555734300 28940110988 94.3 6417120381847952 80.5
564158900 28947171588 94.3 6423678661642640 80.6
564812300 28950193388 94.3 6426661499914640 80.6
569591100 28950193488 94.3 6426661710927936 80.6
569609400 28952299088 94.3 6428905457522752 80.6
577621000 28952891388 94.3 6429087148087360 80.6
577631400 28952891488 94.3 6429087359091664 80.6
577631700 28954339288 94.3 6430627447882704 80.7
591590500 28960725288 94.4 6436556776063952 80.7
592856100 28963143188 94.4 6437754124944336 80.7
592881200 28963143288 94.4 6437754335980144 80.7
594024800 28963143588 94.4 6437754969096432 80.7
594034700 28965234388 94.4 6439972914430192 80.8
597381400 28968043988 94.4 6442630975684848 80.8
597485200 28968671288 94.4 6442830222835952 80.8
597505000 28968672388 94.4 6442832543942896 80.8
606728100 28975571288 94.4 6449224041433328 80.9
606993800 28975571588 94.4 6449224674541744 80.9
606997200 28975571688 94.4 6449224885546048 80.9
607009300 28975571888 94.4 6449225307563648 80.9
607010900 28975572488 94.4 6449226573652608 80.9
607024000 28975572588 94.4 6449226784656912 80.9
607041300 28978126188 94.4 6450520718659088 80.9
610532200 28978126488 94.4 6450521351765264 80.9
610533800 28978126588 94.4 6450521562778768 80.9
610534600 28978126688 94.4 6450521773783072 80.9
610546500 28980573288 94.4 6453126751926304 80.9
610548100 28980573688 94.4 6453127595952480 80.9
610548900 28980573888 94.4 6453128017969888 80.9
615841300 28980574088 94.4 6453128440024672 80.9
615841500 28980574488 94.4 6453129284071456 80.9
615910900 28980574588 94.4 6453129495090848 80.9
615912100 28983597188 94.4 6456049402812064 81.0
615990700 28984322988 94.4 6456257295390368 81.0
616026000 28984323888 94.4 6456259194511264 81.0
616028200 28984324488 94.4 6456260460638368 81.0
616048000 28984325288 94.4 6456262148938400 81.0
616051200 28984325388 94.4 6456262359951808 81.0
616064900 28984325588 94.4 6456262781988096 81.0
616069600 28984325688 94.4 6456262993001696 81.0
617925600 28987190588 94.5 6457742306458848 81.0
628890900 28987190988 94.5 6457743150511968 81.0
628908400 28987191188 94.5 6457743572538656 81.0
628914900 28994933888 94.5 6464916116018464 81.1
628922400 28994933988 94.5 6464916327031760 81.1
628935900 28994934188 94.5 6464916749060368 81.1
628938500 28994934388 94.5 6464917171137680 81.1
631470300 28998594588 94.5 6468721329106064 81.1
641786200 29002772488 94.5 6472859594058896 81.2
641797900 29002773888 94.5 6472862548248208 81.2
641937500 29003679988 94.5 6473123023947408 81.2
647437700 29006527488 94.5 6476109752698512 81.2
648532100 29009731788 94.5 6477811098715792 81.2
660423600 29009731888 94.5 6477811309719792 81.2
660468000 29009732388 94.5 6477812364768368 81.2
660480700 29009733488 94.5 6477814686205296 81.2
660488300 29009733888 94.5 6477815530258992 81.2
660492400 29018558188 94.6 6485970634015280 81.3
663037200 29021943388 94.6 6489329876206128 81.4
663079700 29022596288 94.6 6489520573268528 81.4
667726500 29025389488 94.6 6492432720478768 81.4
668912700 29027830588 94.6 6493682047795760 81.4
682606400 29034587588 94.6 6499937821278768 81.5
682624300 29034588088 94.6 6499938876355248 81.5
682663500 29034588488 94.6 6499939720403056 81.5
682679900 29034588788 94.6 6499940353446256 81.5
682680100 29034588888 94.6 6499940564465952 81.5
693166200 29034588988 94.6 6499940775479248 81.5
693200100 29034589088 94.6 6499940986514848 81.5
693202300 29034589388 94.6 6499941619558368 81.5
693210500 29036254188 94.6 6501490696087520 81.5
693210800 29036254488 94.6 6501491329135008 81.5
693413100 29036734388 94.6 6501641417634208 81.5
695819600 29038606688 94.6 6503629166326176 81.6
696975000 29040575388 94.6 6504640586297760 81.6
711823500 29046353488 94.6 6510002430914976 81.6
712672200 29048801488 94.7 6512402498695584 81.7
712716900 29048802188 94.7 6512403975813664 81.7
722383300 29049253288 94.7 6512540277111328 81.7
722423400 29050294988 94.7 6513515632818720 81.7
724925600 29050295288 94.7 6513516265854496 81.7
724970400 29052118688 94.7 6515360170104352 81.7
725820400 29054106588 94.7 6516388267087392 81.7
738486800 29054107788 94.7 6516390799250464 81.7
738487800 29054108088 94.7 6516391432291488 81.7
738500100 29060029688 94.7 6521912937809056 81.8
738535500 29060029888 94.7 6521913359835648 81.8
738542400 29060030188 94.7 6521913992875776 81.8
738556600 29060030488 94.7 6521914625916384 81.8
738564100 29060030588 94.7 6521914836933584 81.8
739552700 29062913988 94.7 6524743304895440 81.8
739623300 29062914188 94.7 6524743726903536 81.8
739646100 29063478588 94.7 6524915324465392 81.8
745816600 29066354188 94.7 6527880933585136 81.9
745829700 29066354488 94.7 6527881566616624 81.9
747235100 29068848288 94.7 6529227986828336 81.9
762539700 29075916888 94.7 6535755986893872 82.0
762550800 29075917188 94.7 6535756619940400 82.0
773319400 29075917688 94.7 6535757675016816 82.0
773319600 29075917788 94.7 6535757886032208 82.0
773344700 29075918188 94.7 6535758730093776 82.0
773344900 29075918388 94.7 6535759152124560 82.0
773346900 29077988388 94.7 6538121433682576 82.0
773348100 29077988588 94.7 6538121855711376 82.0
773368600 29077988888 94.7 6538122488823952 82.0
773501600 29078616788 94.7 6538314599055504 82.0
777855100 29078617388 94.7 6538315865126800 82.0
777875000 29081928888 94.8 6541767737210768 82.0
779905300 29084255888 94.8 6543010853549968 82.1
796257800 29084255988 94.8 6543011064563472 82.1
796266500 29091048488 94.8 6549294773683984 82.1
796288700 29091048988 94.8 6549295828870160 82.1
800260900 29093777688 94.8 6552048211108880 82.2
800284000 29093777888 94.8 6552048633135472 82.2
808660400 29093778588 94.8 6552050110393712 82.2
808669000 29095894488 94.8 6553982552862064 82.2
819626300 29097543888 94.8 6555598813883760 82.2
834441300 29102774188 94.8 6560451400265072 82.3
835325100 29104525188 94.8 6561358281862512 82.3
835340100 29104525288 94.8 6561358492900016 82.3
835350500 29104525488 94.8 6561358914974704 82.3
835356400 29104525788 94.8 6561359547999920 82.3
835483600 29106507088 94.8 6563094376228528 82.3
839510000 29108644988 94.8 6565266406123184 82.3
841209100 29110358788 94.9 6566188334917296 82.4
857475600 29110359388 94.9 6566189601132464 82.4
857479400 29115526988 94.9 6570989633933232 82.4
857488800 29115527088 94.9 6570989844969136 82.4
857493500 29115527888 94.9 6570991533038896 82.4
864617300 29117878788 94.9 6573423707954480 82.4
864637200 29117880688 94.9 6573427717119280 82.4
876251300 29117880788 94.9 6573427928134672 82.4
876274300 29120766788 94.9 6576438907302928 82.5
876275100 29120767388 94.9 6576440173384080 82.5
877842700 29123508688 94.9 6577832391594384 82.5
899069700 29123508888 94.9 6577832813618192 82.5
899113400 29130024288 94.9 6583838464500752 82.6
899120800 29130025788 94.9 6583841629771280 82.6
904088100 29132745388 94.9 6586619303400976 82.6
916553600 29134966288 94.9 6588882695329296 82.6
916683000 29135402288 94.9 6589005550958096 82.6
918353100 29137116488 94.9 6589911942542864 82.6
934849200 29137116688 94.9 6589912364560464 82.6
934851600 29142165088 95.0 6594590515605584 82.7
934860900 29142165488 95.0 6594591359750352 82.7
934881100 29142165588 95.0 6594591570789456 82.7
939950700 29143610488 95.0 6596066348762192 82.7
948330000 29145390788 95.0 6598000351642704 82.7
948408100 29145674788 95.0 6598088393819216 82.8
949625000 29147034988 95.0 6598810031555664 82.8
969112100 29147036088 95.0 6598812352765776 82.8
969124000 29147036688 95.0 6598813618789328 82.8
969126100 29147038188 95.0 6598816784008144 82.8
969158200 29151368888 95.0 6602841827656656 82.8
969171900 29151369088 95.0 6602842249677744 82.8
969181300 29151369388 95.0 6602842882735856 82.8
973108100 29153318888 95.0 6604792426823408 82.8
980404000 29155367988 95.0 6606759640202992 82.9
980477700 29155368088 95.0 6606759851216496 82.9
980559400 29155368288 95.0 6606760273234000 82.9
980613700 29155717888 95.0 6606859391387728 82.9
982224800 29157439888 95.0 6607870700996688 82.9
1001042200 29162380188 95.0 6612465987799120 82.9
1001062300 29162380488 95.0 6612466620907984 82.9
1001064900 29162380588 95.0 6612466831944688 82.9
1009205700 29164662588 95.0 6614775349079024 83.0
1022942300 29166861888 95.0 6616949033626608 83.0
1023050100 29167224788 95.0 6617048102964208 83.0
1025859200 29168588588 95.0 6617781669891056 83.0
1043730700 29168589388 95.0 6617783358018160 83.0
1043748200 29168589488 95.0 6617783569031456 83.0
1043774900 29172709888 95.1 6621600244637984 83.0
1045676300 29173986888 95.1 6622850576228640 83.1
1055401000 29175423488 95.1 6624290848710944 83.1
1055417700 29175423688 95.1 6624291270728160 83.1
1055466100 29175423788 95.1 6624291274824160 83.1
1055482600 29175423888 95.1 6624291485837760 83.1
1056368200 29176630088 95.1 6624907784415680 83.1
1079245500 29180037588 95.1 6628070878931392 83.1
1087884800 29181011388 95.1 6629062344108480 83.1
1097009300 29182603688 95.1 6630606866016704 83.2
1097110600 29182604988 95.1 6630609609195968 83.2
1097131400 29182845788 95.1 6630679925637568 83.2
1098689500 29184149188 95.1 6631460581360064 83.2
1120315700 29184149288 95.1 6631460792373360 83.2
1120335600 29188169488 95.1 6635170984824944 83.2
1120373500 29188169688 95.1 6635171406854736 83.2
1124942700 29190229788 95.1 6637207401052752 83.2
1140802800 29192023088 95.1 6638892471466576 83.3
1140827000 29192023288 95.1 6638892893538576 83.3
1140846500 29192023388 95.1 6638893104575680 83.3
1140868100 29192023488 95.1 6638893315613472 83.3
1140884800 29192023688 95.1 6638893737639968 83.3
1142654100 29193151388 95.1 6639489966407712 83.3
1165362600 29196172588 95.1 6642283043618848 83.3
1168994100 29196172788 95.1 6642283056726048 83.3
1169001000 29197208688 95.1 6643335781351456 83.3
1179960500 29197208788 95.1 6643335992368960 83.3
1179966900 29198388188 95.1 6644521365331776 83.3
1180075000 29198388388 95.1 6644521787403168 83.3
1180095000 29198388588 95.1 6644522209432960 83.3
1180120000 29198545688 95.1 6644567180850560 83.3
1181450700 29199498688 95.1 6645131970950528 83.3
1210957400 29199500088 95.1 6645134925113072 83.3
1210959200 29203913788 95.2 6649313371498224 83.4
1210965600 29203913988 95.2 6649313793532624 83.4
1210966700 29203914288 95.2 6649314426583632 83.4
1210987800 29203914488 95.2 6649314848618032 83.4
1211000900 29203914588 95.2 6649315059622032 83.4
1211006900 29203914688 95.2 6649315270626336 83.4
1211007900 29203914788 95.2 6649315481630640 83.4
1211008500 29203914888 95.2 6649315692647840 83.4
1211009100 29203914988 95.2 6649315903665040 83.4
1211009300 29203915488 95.2 6649316958750224 83.4
1211009500 29203915688 95.2 6649317380784624 83.4
1226521600 29203916388 95.2 6649318857888752 83.4
1226534100 29203916688 95.2 6649319490995952 83.4
1226539900 29203916888 95.2 6649319913026144 83.4
1226553200 29205583588 95.2 6651073785885280 83.4
1226559700 29205583988 95.2 6651074629940896 83.4
1226698400 29205791488 95.2 6651138207438496 83.4
1229875100 29206619288 95.2 6651608833185440 83.4
1261246200 29209445488 95.2 6654225646868128 83.5
1267596000 29210784788 95.2 6655582918923936 83.5
1281112500 29211873088 95.2 6656637561656992 83.5
1281126600 29211873288 95.2 6656637983727488 83.5
1281161100 29211994488 95.2 6656677328879488 83.5
1302485300 29214462588 95.2 6658968227839872 83.5
1309192600 29214463988 95.2 6658971182003072 83.5
1309200200 29215995788 95.2 6660197561889664 83.5
1325005100 29217125488 95.2 6661264513332096 83.5
1328715400 29217850588 95.2 6661681042715520 83.5
1339483700 29218973188 95.2 6662664100541312 83.6
1365542700 29221586288 95.2 6665087945044864 83.6
1365570900 29221586688 95.2 6665088789197952 83.6
1382072400 29222494388 95.2 6665973563077760 83.6
1382873600 29223008088 95.2 6666264136070272 83.6
1387712500 29223686988 95.2 6666907863037056 83.6
1415860200 29225640388 95.2 6668724376122496 83.6
1415873100 29225641788 95.2 6668727330225024 83.6
1415890400 29225642088 95.2 6668727963277120 83.6
1415901000 29225642288 95.2 6668728385303712 83.6
1432958300 29226503788 95.2 6669587885946016 83.6
1432972500 29226503988 95.2 6669588308017824 83.6
1435185600 29227019488 95.2 6669904857285280 83.7
1447106800 29227793288 95.2 6670610191958688 83.7
1479007300 29229738888 95.2 6672412091826848 83.7
1479033200 29229739488 95.2 6672413357913760 83.7
1495570900 29230349488 95.2 6673005936391840 83.7
1495589700 29230349688 95.2 6673006358463456 83.7
1497792900 29230693488 95.2 6673198779712480 83.7
1503281900 29231162788 95.2 6673652504478688 83.7
1537004900 29232650788 95.3 6675033500828640 83.7
1558839600 29233221388 95.3 6675806477632480 83.7
1558851300 29233222688 95.3 6675809220879328 83.7
1561471700 29233500488 95.3 6675971289555936 83.7
1566911800 29233879288 95.3 6676345585509344 83.7
1600231000 29234999688 95.3 6677382192669664 83.7
1600247300 29235000988 95.3 6677384936138720 83.7
1615452100 29235338088 95.3 6677698456791008 83.7
1615481300 29235339188 95.3 6677700777844960 83.7
1615484500 29235339488 95.3 6677701410952288 83.7
1615493300 29235341188 95.3 6677704998077792 83.7
1628151500 29235563188 95.3 6677958664176992 83.8
1630543300 29235758288 95.3 6678069703648608 83.8
1672184700 29236504488 95.3 6678762378536288 83.8
1695684900 29236747188 95.3 6678990279222624 83.8
1701329700 29236880488 95.3 6679110632400224 83.8
1703263400 29236954388 95.3 6679160112121184 83.8
1736446700 29237238588 95.3 6679421729801568 83.8
1736606400 29237255988 95.3 6679428744611168 83.8
1740494300 29237276188 95.3 6679462307235168 83.8
1741531600 29237286188 95.3 6679471281552736 83.8
1750039900 29237299688 95.3 6679483669388640 83.8
1764967400 29237355488 95.3 6679535439945056 83.8