# 45524910080 12402725237030912 950340 1408336800 1299889848205600 0 0
0 29250648064 64.3 -4097931376328704 -33.0
1247900 33513252608 73.6 944878846476288 7.6
2098200 34778367360 76.4 2181036200951808 17.6
2859100 35524099968 78.0 2902264222056448 23.4
3566300 36046633856 79.2 3401260837371904 27.4
4236900 36448044672 80.1 3781073284628480 30.5
4878000 36773497760 80.8 4092364293406720 33.0
5496500 37046958752 81.4 4351362615738368 35.1
6094900 37281970544 81.9 4575647401771008 36.9
6674900 37487623648 82.3 4772716339003392 38.5
7241100 37670184544 82.7 4946132237025280 39.9
7789900 37833838336 83.1 5103266970992640 41.1
8336200 37981853840 83.4 5244114433998848 42.3
8861400 38117144752 83.7 5373374419173376 43.3
9381100 38241838048 84.0 5493602767601664 44.3
9892700 38356672448 84.3 5603497298886656 45.2
10397300 38463280144 84.5 5705616186146816 46.0
10882100 38562621744 84.7 5801110530949120 46.8
11370400 38655600240 84.9 5888963986325504 47.5
11851400 38742915040 85.1 5972653563183104 48.2
12323000 38825237240 85.3 6050781283221504 48.8
12323100 38825238940 85.3 6050784870797568 48.8
13260500 38976507836 85.6 6195461464920320 50.0
14165800 38976510436 85.6 6195466531624704 50.0
14166200 39112278628 85.9 6324876714825472 51.0
15076600 39235513332 86.2 6443728660453120 52.0
15078800 39235515832 86.2 6443733936405760 52.0
15947200 39348217832 86.4 6551593399778560 52.8
15948300 39348220532 86.4 6551598677315840 52.8
16808900 39348222132 86.4 6551602053867008 52.8
16809000 39451875940 86.7 6649972659414528 53.6
17648400 39547376644 86.9 6741697222501888 54.4
17649100 39547378344 86.9 6741700599881728 54.4
18496000 39636112648 87.1 6826719418785792 55.0
18498100 39636114248 87.1 6826722795382528 55.0
19316400 39636117048 87.1 6826728284174592 55.0
19316800 39718750248 87.2 6906149141690624 55.7
20122800 39796112952 87.4 6980077776222464 56.3
20123200 39796116552 87.4 6980085373533952 56.3
20912900 39796120452 87.4 6980093183743744 56.3
20913100 39868783748 87.6 7049788222035712 56.8
20920500 39870893148 87.6 7050272462690048 56.8
22060200 39968565252 87.8 7146662970873600 57.6
22061700 39968566252 87.8 7146665081223296 57.6
22070600 39971597652 87.8 7147363979802752 57.6
23264900 40061260052 88.0 7235873994750080 58.3
23266300 40061261652 88.0 7235875685320320 58.3
23277400 40064059452 88.0 7236518306367104 58.3
24360500 40146908348 88.2 7317821399746176 59.0
24367800 40149552548 88.2 7318431266424448 59.0
25503800 40149553948 88.2 7318433969931648 59.0
25505100 40226259052 88.4 7394295356523904 59.6
25509600 40228739652 88.4 7394859510269312 59.6
26605100 40300101956 88.5 7464871101072768 60.2
26621700 40302418056 88.5 7465402339722624 60.2
27705000 40368938356 88.7 7530438265439616 60.7
27706700 40368939456 88.7 7530440166271872 60.7
27711300 40371124056 88.7 7530942199065472 60.7
28714400 40371124956 88.7 7530944098348032 60.7
28714700 40371128856 88.7 7530951486637568 60.7
28718000 40434085156 88.8 7592724097041920 61.2
28733700 40436831556 88.8 7593371174274560 61.2
30102900 40436831656 88.8 7593371385290464 61.2
30103500 40515316256 89.0 7669830250487520 61.8
30104700 40515320756 89.0 7669838903840480 61.8
30110800 40517958656 89.0 7670460057259744 61.8
31483600 40517959756 89.0 7670461981174240 61.8
31484500 40517960956 89.0 7670464513607648 61.8
31490000 40590930556 89.2 7741438630070240 62.4
31499000 40593371456 89.2 7742018650540000 62.4
32760400 40593372456 89.2 7742020760909280 62.4
32762900 40661525656 89.3 7808292290835936 63.0
32766800 40661526956 89.3 7808294824304864 63.0
32774500 40663848956 89.3 7808838530654432 63.0
34032800 40663849956 89.3 7808839797692128 63.0
34039900 40727744656 89.5 7871328342234848 63.5
34046900 40727746756 89.5 7871332773973728 63.5
34054200 40730014056 89.5 7871853032754912 63.5
35326800 40730015456 89.5 7871855354760160 63.5
35327200 40730017256 89.5 7871859153415392 63.5
35328500 40790035656 89.6 7930570592988384 63.9
35330600 40790036856 89.6 7930573125429984 63.9
35338000 40792607556 89.6 7931172041304800 63.9
36933200 40863061356 89.8 8000414182845152 64.5
36934600 40863063756 89.8 8000418833237216 64.5
36935400 40865514356 89.8 8000997418599648 64.5
38501900 40931175256 89.9 8065574445516000 65.0
38507900 40931176156 89.9 8065576344861536 65.0
38510500 40931177156 89.9 8065577822717920 65.0
38511800 40931178056 89.9 8065579722047328 65.0
38527500 40933449756 89.9 8066122729389920 65.0
40049000 40933450256 89.9 8066123784463072 65.0
40049400 40933450656 89.9 8066123996083872 65.0
40049800 40994897656 90.0 8126546099320480 65.5
40059300 40997086756 90.1 8127066611791520 65.5
41490700 40997087556 90.1 8127068300092960 65.5
41494400 41054774156 90.2 8184297120310816 66.0
41496600 41054776356 90.2 8184301391512352 66.0
41499500 41054777156 90.2 8184303079806240 66.0
41500100 41057230856 90.2 8184886906017056 66.0
43266400 41057232056 90.2 8184889228435744 66.0
43270600 41122410156 90.3 8248587338948896 66.5
43272600 41122411156 90.3 8248589449318816 66.5
43274600 41122412956 90.3 8248593247965856 66.5
43296600 41124750356 90.3 8249151580607136 66.5
45075100 41124751856 90.3 8249154536105120 66.5
45078400 41124753456 90.3 8249157702260640 66.5
45079600 41124753956 90.3 8249158182628256 66.5
45080800 41124755556 90.3 8249161559212192 66.5
45081900 41185455656 90.5 8308289111490720 67.0
45087600 41187716756 90.5 8308836455252128 67.0
46807800 41245179856 90.6 8365193279668384 67.4
46807900 41245181056 90.6 8365195812109472 67.4
46813000 41245182256 90.6 8365197339833120 67.4
46814000 41245184056 90.6 8365201138487328 67.4
46825700 41247193256 90.6 8365685228736544 67.5
48467500 41301558356 90.7 8419438296338464 67.9
48471000 41301558756 90.7 8419439140482784 67.9
48471500 41301559356 90.7 8419440196511712 67.9
48472400 41301560456 90.7 8419442517876448 67.9
48475500 41301561756 90.7 8419445050517728 67.9
48475600 41301562956 90.7 8419447582943200 67.9
48487200 41303806156 90.7 8419992938309600 67.9
50433300 41363749856 90.9 8478400483780576 68.4
50435200 41363750756 90.9 8478402383096160 68.4
50435800 41363752656 90.9 8478406392798816 68.4
50440500 41363755156 90.9 8478411458289760 68.4
50445400 41365907856 90.9 8478936083374176 68.4
52291200 41365909656 90.9 8478939882030176 68.4
52291800 41365910656 90.9 8478941992390368 68.4
52294400 41365911856 90.9 8478944314816480 68.4
52294800 41420969756 91.0 8533728568834016 68.8
52295800 41420970956 91.0 8533731101253088 68.8
52306100 41423019756 91.0 8534247971102176 68.8
54198400 41423020656 91.0 8534249659601632 68.8
54202800 41423021156 91.0 8534250714783008 68.8
54207400 41423021856 91.0 8534251981797280 68.8
54210100 41474505756 91.1 8584584493823904 69.2
54211400 41474507556 91.1 8584588082464288 69.2
54214500 41474508356 91.1 8584589770768928 69.2
54231600 41476682556 91.1 8585127551812128 69.2
56249200 41476683256 91.1 8585129029066912 69.2
56252600 41476685156 91.1 8585133038771872 69.2
56254800 41476685756 91.1 8585134304998688 69.2
56255000 41476686556 91.1 8585135993297056 69.2
56260100 41531903656 91.2 8639922449324192 69.7
56268700 41533938456 91.2 8640404748834976 69.7
58292700 41533939656 91.2 8640407071266976 69.7
58295600 41533940856 91.2 8640409603702176 69.7
58300000 41585438056 91.3 8691261404118432 70.1
58301700 41585438556 91.3 8691262459299104 70.1
58302900 41585439756 91.3 8691264991737888 70.1
58303700 41585441256 91.3 8691267524790816 70.1
58307900 41585441956 91.3 8691269002052640 70.1
58314100 41587564556 91.4 8691788096750624 70.1
60478900 41587566956 91.4 8691793161650208 70.1
60483700 41587567456 91.4 8691794006414240 70.1
60486600 41641871456 91.5 8745665223365536 70.5
60488400 41641872156 91.5 8745666700616352 70.5
60496200 41641872656 91.5 8745667545375072 70.5
60499300 41641873156 91.5 8745668600553056 70.5
60513900 41641874756 91.5 8745671977140320 70.5
60516800 41643643756 91.5 8746108896018528 70.5
62640000 41643644556 91.5 8746110584310240 70.5
62643000 41643645056 91.5 8746111639493536 70.5
62643500 41645559156 91.5 8746594841467808 70.5
62644900 41645559556 91.5 8746595475398624 70.5
62648000 41645560656 91.5 8746597796803808 70.5
62649400 41645562656 91.5 8746601807345376 70.5
62650500 41696504956 91.6 8797589587097312 70.9
62653700 41696505356 91.6 8797590431237536 70.9
64910000 41696506856 91.6 8797593596810656 70.9
64915000 41696507356 91.6 8797594652007328 70.9
64922100 41696508056 91.6 8797595919054240 70.9
64922500 41696508756 91.6 8797597396311072 70.9
64923900 41749333656 91.7 8850926134565920 71.4
64938700 41749333756 91.7 8850926345601312 71.4
64943000 41751325956 91.7 8851414368174368 71.4
67452600 41751328056 91.7 8851418589737504 71.4
67475000 41800546856 91.8 8900216909247008 71.8
67476100 41800548256 91.8 8900219863766560 71.8
67480600 41800548756 91.8 8900220708944736 71.8
67481100 41802438656 91.8 8900684919798624 71.8
69872600 41853068556 91.9 8950925530430304 72.2
69879800 41853071356 91.9 8950931439474528 72.2
69881400 41853073156 91.9 8950935027271520 72.2
69886800 41853074356 91.9 8950937559715680 72.2
69890700 41855002956 91.9 8951437691113312 72.2
69896900 41855004656 91.9 8951441068318560 72.2
72104000 41902209756 92.0 8998424336326496 72.6
72127000 41902211056 92.0 8998426869577312 72.6
72129300 41902211156 92.0 8998427080595712 72.6
72131500 41902213056 92.0 8998431090290944 72.6
72132000 41904048556 92.0 8998896458051840 72.6
72137300 41904048656 92.0 8998896669088032 72.6
72666700 41910330056 92.1 9002819520092448 72.6
74820900 41910330756 92.1 9002820997349920 72.6
74839000 41951205756 92.2 9046453050016288 72.9
74842900 41951206956 92.2 9046455582453280 72.9
74867700 41953048856 92.2 9046921719737888 72.9
74868100 41953051856 92.2 9046927840421920 72.9
75125100 41960369456 92.2 9051549101500448 73.0
77392700 41998629256 92.3 9091826453358624 73.3
77394600 41998631656 92.3 9091831307811872 73.3
77398800 41998633356 92.3 9091834895450144 73.3
77403600 41998633856 92.3 9091835950613856 73.3
77406200 41998634156 92.3 9091836583685856 73.3
77422400 42000536456 92.3 9092317113921248 73.3
77763400 42007926156 92.3 9096935364538080 73.3
79850600 42007926856 92.3 9096936841790944 73.3
79876300 42046893256 92.4 9137560446027232 73.7
79878300 42046893956 92.4 9137561713068128 73.7
79884000 42046895556 92.4 9137565089655392 73.7
79896500 42048675156 92.4 9138033870826080 73.7
80345300 42055524556 92.4 9142306057284192 73.7
82478600 42091641956 92.5 9180381806389856 74.0
82479100 42091644256 92.5 9180386660279904 74.0
82489000 42091646056 92.5 9180390458957408 74.0
82493700 42091647556 92.5 9180393414292576 74.0
83101900 42099405556 92.5 9184578499736672 74.1
83109500 42099405656 92.5 9184578710754576 74.1
83110900 42099405756 92.5 9184578921790768 74.1
83117700 42099406356 92.5 9184580187986992 74.1
85350000 42099407156 92.5 9184581876286128 74.1
85353100 42135874256 92.6 9222878585520816 74.4
85356500 42135875256 92.6 9222880695878576 74.4
85358000 42135876156 92.6 9222882554602160 74.4
85378100 42135876956 92.6 9222884242911408 74.4
85383100 42137669456 92.6 9223358982418608 74.4
85674100 42144823556 92.6 9227817246552240 74.4
85703400 42144823856 92.6 9227817879656624 74.4
88019100 42144826056 92.6 9227822361116848 74.4
88030100 42181367756 92.7 9266956668666032 74.7
88036000 42183048056 92.7 9267391753289904 74.7
88048700 42183049356 92.7 9267394496775600 74.7
88066800 42183049656 92.7 9267395129881520 74.7
88412400 42189825856 92.7 9271634613351344 74.8
88427300 42189827756 92.7 9271638412792240 74.8
88431800 42189828956 92.7 9271640945224624 74.8
91003200 42189830756 92.7 9271644533657776 74.8
91006800 42226276656 92.8 9310299067355312 75.1
91012500 42226277456 92.8 9310300755660720 75.1
91029700 42228018656 92.8 9310746656051120 75.1
91031300 42228019956 92.8 9310749358904496 75.1
91032100 42228021056 92.8 9310751680309424 75.1
91642400 42228021956 92.8 9310753579641264 75.1
91648900 42228023356 92.8 9310756534182576 75.1
91649100 42234749156 92.8 9314857657262768 75.1
94204700 42234749756 92.8 9314858923490864 75.1
94218900 42234752156 92.8 9314863988378672 75.1
94222800 42234753656 92.8 9314867153949232 75.1
94228400 42268878756 92.8 9351181316346416 75.4
94251000 42270627756 92.9 9351625181942320 75.4
94889400 42270628556 92.9 9351626870277936 75.4
94891000 42277388156 92.9 9355822782269232 75.4
94909800 42277389056 92.9 9355824681599152 75.4
96978300 42277390256 92.9 9355827004024752 75.4
96985200 42277390756 92.9 9355828059205616 75.4
96989000 42277390856 92.9 9355828270224016 75.4
96990000 42311369156 92.9 9392311081390736 75.7
96999500 42311370256 92.9 9392313402781328 75.7
97001600 42311372456 92.9 9392317835569296 75.7
97016200 42313052556 92.9 9392756827089040 75.7
97129800 42313053356 92.9 9392758515322256 75.7
97145600 42313053956 92.9 9392759781543952 75.7
97181200 42319814356 93.0 9396898223443984 75.8
100018000 42319816056 93.0 9396901179404304 75.8
100019000 42319816956 93.0 9396903078734096 75.8
100020200 42319818456 93.0 9396906244318224 75.8
100022700 42353582856 93.0 9432940024649232 76.1
100024900 42353583656 93.0 9432941712940048 76.1
100047500 42355298056 93.0 9433398629997584 76.1
100507600 42361998356 93.1 9437506276531216 76.1
100523000 42361999456 93.1 9437508597943056 76.1
103128300 42362001156 93.1 9437512185565456 76.1
103137400 42362003156 93.1 9437516406283792 76.1
103140000 42362003356 93.1 9437516828354576 76.1
103142900 42362004456 93.1 9437519149795344 76.1
103154100 42395503556 93.1 9473579443554320 76.4
103154600 42395504656 93.1 9473581554946064 76.4
103161500 42395505656 93.1 9473583665326480 76.4
103773600 42395507456 93.1 9473587463929232 76.4
103780500 42403830256 93.1 9478165839822224 76.4
106515500 42403832156 93.1 9478169429156752 76.4
106519600 42436956356 93.2 9513758799045520 76.7
106522100 42436958356 93.2 9513763019791248 76.7
106522200 42436959756 93.2 9513765764111248 76.7
106524200 42436961556 93.2 9513769562789264 76.7
106532900 42445233456 93.2 9518336530175376 76.7
106560300 42445234356 93.2 9518338429504144 76.7
109518000 42445235256 93.2 9518340118410640 76.7
109542400 42445236656 93.2 9518342862085520 76.7
109558700 42445238156 93.2 9518345866248336 76.7
109563400 42477821056 93.3 9552715779997840 77.0
109577700 42477822856 93.3 9552719578685328 77.0
110286200 42477825056 93.3 9552724221479824 77.0
110295900 42485949656 93.3 9557181751610256 77.1
113592400 42485950556 93.3 9557183650943376 77.1
113608300 42485950656 93.3 9557183861979568 77.1
113611500 42485951556 93.3 9557185550484400 77.1
113612300 42485953356 93.3 9557188977350320 77.1
113612900 42493972256 93.3 9561511203428016 77.1
113616300 42493974356 93.3 9561515635216560 77.1
113622900 42493975556 93.3 9561518167667120 77.1
113630200 42493976456 93.3 9561520220409264 77.1
113631600 42526024356 93.4 9596204497243568 77.4
116549700 42526025556 93.4 9596207029682864 77.4
116570700 42557543156 93.5 9629654183969456 77.6
116582700 42557544356 93.5 9629656716408240 77.6
116584000 42557545756 93.5 9629659249667248 77.6
116589200 42557547156 93.5 9629662204198064 77.6
116590300 42557548356 93.5 9629664736633008 77.6
117098300 42565526156 93.5 9634108183339184 77.7
117125200 42565527956 93.5 9634111981983664 77.7
120143500 42565530056 93.5 9634116203729072 77.7
120149400 42596617256 93.6 9666813647147184 77.9
120156400 42596618256 93.6 9666815757514032 77.9
120180300 42597583256 93.6 9667074469688624 77.9
120206700 42597584456 93.6 9667077002124080 77.9
120207000 42597585756 93.6 9667079745585968 77.9
120421100 42597587656 93.6 9667083755302192 77.9
120427900 42603846456 93.6 9670871214435632 78.0
124388000 42603847556 93.6 9670873325841072 78.0
124389900 42603849356 93.6 9670876963109296 78.0
124410800 42603851156 93.6 9670880761775536 78.0
124417200 42634160056 93.7 9703136201049520 78.2
124417300 42634162256 93.7 9703140843842992 78.2
124422500 42634164756 93.7 9703146119786928 78.2
124426700 42635687556 93.7 9703550432866736 78.2
125114800 42635689256 93.7 9703553859147440 78.2
125165200 42642001556 93.7 9707430772299440 78.3
128045000 42642003256 93.7 9707434359886512 78.3
128109800 42642004956 93.7 9707437947509168 78.3
128116600 42672803856 93.7 9740819662264752 78.5
128143300 42673986256 93.7 9741142582057392 78.5
128149000 42673987856 93.7 9741145958634416 78.5
128149400 42673989556 93.7 9741149546268592 78.5
128156300 42673990156 93.7 9741150812496944 78.5
128187900 42673991356 93.7 9741153344927280 78.5
128249000 42673992256 93.7 9741155203649200 78.5
128274000 42673992356 93.7 9741155414667104 78.5
128277200 42680522856 93.8 9745162273648480 78.6
131974000 42680524356 93.8 9745165439195488 78.6
131981000 42710562556 93.8 9777087785720160 78.8
132043000 42710564056 93.8 9777090741089632 78.8
132062400 42712097056 93.8 9777502007768416 78.8
132066200 42712098256 93.8 9777504540231264 78.8
132069800 42712099456 93.8 9777507072680800 78.8
132075000 42712100356 93.8 9777508972012128 78.8
132593000 42718607556 93.8 9781458392621664 78.9
132605200 42718608956 93.8 9781461347126624 78.9
136645700 42720124556 93.8 9781873169419616 78.9
136669400 42720126456 93.8 9781877179129184 78.9
136671600 42720128056 93.8 9781880345289568 78.9
136680400 42720129056 93.8 9781882455661024 78.9
136683000 42749407956 93.9 9813267306322400 79.1
136683900 42750082856 93.9 9813458055420384 79.1
136735000 42750084456 93.9 9813461270612192 79.1
137099600 42750086356 93.9 9813465069883104 79.1
137120000 42756995656 93.9 9817660814888672 79.2
141384400 42756996456 93.9 9817662292953824 79.2
141410700 42756997856 93.9 9817665247492064 79.2
141424200 42756999056 93.9 9817667779957472 79.2
141425400 42757000256 93.9 9817670312388064 79.2
141433600 42758406256 93.9 9818067303753184 79.2
141471200 42787847856 94.0 9850361620030944 79.4
141565500 42794723656 94.0 9854524279580128 79.5
141575200 42794725356 94.0 9854527867199712 79.5
146206100 42794727756 94.0 9854532932068576 79.5
146209100 42794729556 94.0 9854536520539872 79.5
146212300 42794731556 94.0 9854540700637920 79.5
146233000 42823156056 94.1 9885189815851744 79.7
146245100 42824272056 94.1 9885520554220256 79.7
146254200 42824274256 94.1 9885524986794720 79.7
146999600 42831312956 94.1 9889786330976992 79.7
151163200 42831315356 94.1 9889791185645280 79.7
151188500 42831316756 94.1 9889793719757536 79.7
151193700 42859690356 94.1 9920860535220960 80.0
151207700 42861038256 94.1 9921226719062752 80.0
151214700 42861040656 94.1 9921231573958368 80.0
151218200 42861041856 94.1 9921234106370016 80.0
151233900 42861044156 94.1 9921238960230368 80.0
151756400 42861046156 94.1 9921242970742240 80.0
151803700 42868153556 94.2 9925477066104288 80.0
155778400 42896288356 94.2 9956343624523232 80.3
155783400 42896289856 94.2 9956346579819744 80.3
155799100 42896291556 94.2 9956350167455712 80.3
155806700 42896293056 94.2 9956353332998624 80.3
155829700 42896294456 94.2 9956356287512800 80.3
155846100 42896295356 94.2 9956358186839648 80.3
155881100 42897632056 94.2 9956741341687392 80.3
156342300 42897633456 94.2 9956744296200288 80.3
156346000 42904834756 94.2 9961101008631904 80.3
160495200 42904835756 94.2 9961103119003104 80.3
160511800 42904837256 94.2 9961106074161632 80.3
160520400 42931900456 94.3 9990339454489056 80.5
160532800 42931902156 94.3 9990343042139104 80.5
160540000 42931902456 94.3 9990343675245280 80.5
160557600 42933225756 94.3 9990716783588064 80.6
160575900 42933227656 94.3 9990720793284064 80.6
161036200 42933229656 94.3 9990724803197408 80.6
161060200 42940576456 94.3 9995157265021408 80.6
166582800 42967385156 94.4 10024371424950752 80.8
166597400 42967385256 94.4 10024371635968656 80.8
166612400 42967387756 94.4 10024376911902352 80.8
166632300 42967388356 94.4 10024378178128144 80.8
167683000 42971535956 94.4 10026809570543888 80.8
167703600 42971537456 94.4 10026812736101904 80.8
167718600 42971538356 94.4 10026814635437200 80.8
167719100 42972811856 94.4 10027164952554640 80.8
167754700 42972812856 94.4 10027167062971792 80.8
172150800 42972813956 94.4 10027169384357776 80.8
172179000 42972815756 94.4 10027172973026960 80.8
172189900 42999777556 94.5 10055527130766992 81.1
172266000 43000164256 94.5 10055641423822480 81.1
172547600 43000165856 94.5 10055644800397968 81.1
172553500 43007681256 94.5 10060081793643152 81.1
172584900 43007682056 94.5 10060083481951504 81.1
172601100 43007684056 94.5 10060087492461840 81.1
172603200 43007684656 94.5 10060088758686864 81.1
172637300 43007686256 94.5 10060092135290512 81.1
177757900 43007687756 94.5 10060095300840848 81.1
177765400 43007689956 94.5 10060099943747472 81.1
177766000 43007692256 94.5 10060104797606800 81.1
177800600 43033594856 94.5 10088668070761360 81.3
178540500 43033596356 94.5 10088671236318352 81.3
178567800 43042426256 94.5 10093412744422544 81.4
178569000 43042427256 94.5 10093414854788752 81.4
178576800 43042428656 94.5 10093417599102352 81.4
178626400 43042429556 94.5 10093419498439312 81.4
179426900 43046089956 94.6 10096888879907472 81.4
183555600 43067482756 94.6 10120349847257744 81.6
183574000 43067483956 94.6 10120352379702416 81.6
183583600 43067484856 94.6 10120354068814736 81.6
183595700 43067486756 94.6 10120357658077072 81.6
184709900 43067486856 94.6 10120357869095472 81.6
184715300 43067487956 94.6 10120360190500912 81.6
184718300 43067489756 94.6 10120363989187120 81.6
184723300 43068660256 94.6 10120712204499504 81.6
184735100 43068661056 94.6 10120713892793008 81.6
184738000 43076060656 94.6 10125007269923504 81.6
184761800 43076062256 94.6 10125010646494640 81.6
185171800 43079862656 94.6 10128733767626160 81.7
189644700 43101371756 94.7 10152669429525936 81.9
189663400 43101373156 94.7 10152672384028080 81.9
189678700 43101373756 94.7 10152673650242736 81.9
189693900 43101375556 94.7 10152677812510896 81.9
190807400 43101377256 94.7 10152681400132528 81.9
190832000 43110675456 94.7 10157690818880432 81.9
190832400 43110678156 94.7 10157696516888496 81.9
190833000 43110680056 94.7 10157700316584880 81.9
190836400 43110680156 94.7 10157700527603280 81.9
190845200 43110682456 94.7 10157705381417040 81.9
191539700 43110682556 94.7 10157705592435440 81.9
191539900 43114401556 94.7 10161399909708528 81.9
196666700 43114403056 94.7 10161403075304432 81.9
196674100 43115604856 94.7 10161743133285360 81.9
196686900 43136677356 94.8 10185380871674864 82.1
196707100 43136679056 94.8 10185384418691568 82.1
197931200 43136680256 94.8 10185386951169008 82.1
197950100 43136682956 94.8 10185392649192944 82.1
197952000 43136685356 94.8 10185397083213296 82.1
197957500 43145376756 94.8 10190337560710640 82.2
197970600 43145377856 94.8 10190339882135024 82.2
198567700 43149101156 94.8 10194015703576048 82.2
203545700 43170445356 94.8 10218438619868656 82.4
203617900 43171331856 94.8 10218680802618864 82.4
203619000 43171333256 94.8 10218683546739440 82.4
204954100 43171334556 94.8 10218686290213360 82.4
204956000 43179694156 94.8 10223500290046448 82.4
204981800 43179695756 94.8 10223503246179056 82.4
204987300 43179697056 94.8 10223505989652720 82.4
205004700 43179698956 94.8 10223509999360240 82.4
205029700 43179700756 94.8 10223513588003056 82.4
205770600 43183359356 94.9 10227140295979248 82.5
211598300 43184533956 94.9 10227468865564912 82.5
211636000 43205921456 94.9 10251857254346992 82.7
211672200 43205922356 94.9 10251859153682800 82.7
213095200 43205924356 94.9 10251863164215920 82.7
213096200 43205924456 94.9 10251863375233824 82.7
213112800 43214489556 94.9 10256664194466592 82.7
213114300 43214490856 94.9 10256666727895584 82.7
213131700 43214493656 94.9 10256672636936480 82.7
213155400 43214496556 94.9 10256678757014304 82.7
213156800 43214497756 94.9 10256681289445408 82.7
213788000 43218169056 94.9 10260368642076704 82.7
219344400 43240293956 95.0 10285400674070560 82.9
219383600 43241452756 95.0 10285745756663840 82.9
220836900 43251072456 95.0 10291237333200928 83.0
220845700 43251075356 95.0 10291243453191200 83.0
220860500 43251076756 95.0 10291246197683232 83.0
220873100 43251078956 95.0 10291250630478880 83.0
220910100 43251081356 95.0 10291255485347872 83.0
220910700 43251082556 95.0 10291258017818656 83.0
221739300 43254797956 95.0 10295021807183904 83.0
228699000 43277962556 95.1 10321130097584160 83.2
228781700 43279201856 95.1 10321470138656800 83.2
228794100 43279202156 95.1 10321470771729824 83.2
230314700 43279203756 95.1 10321474148307360 83.2
230319800 43279204956 95.1 10321476680768416 83.2
230322800 43279206356 95.1 10321479263465632 83.2
230334100 43279208356 95.1 10321483484187552 83.2
230354000 43279210156 95.1 10321487282877856 83.2
230363100 43279212356 95.1 10321491925678496 83.2
230363300 43279214956 95.1 10321497202230176 83.2
230402100 43288549456 95.1 10326796291670944 83.3
231205800 43292271056 95.1 10330537656976288 83.3
231712400 43292703356 95.1 10330880561742752 83.3
232103600 43321367756 95.2 10362981384291232 83.6
232619900 43321505556 95.2 10363112660419488 83.6
232903800 43321944556 95.2 10363445676196768 83.6
233071400 43334251656 95.2 10370337367507872 83.6
233992500 43334422056 95.2 10370389822489504 83.6
234123200 43334841256 95.2 10370782918362016 83.6
234201400 43334950256 95.2 10370814607655840 83.6
234226500 43335262656 95.2 10370899962389408 83.6
234237600 43335410656 95.2 10370946751435680 83.6
235310400 43335426356 95.2 10370953478446496 83.6
235354600 43338196056 95.2 10373448826920352 83.6
235357500 43338276556 95.2 10373506114633120 83.6
236556900 43339419456 95.2 10374429122936224 83.6
238232600 43341716156 95.2 10376355493625248 83.7
238427400 43345270556 95.2 10379957978447264 83.7
238456200 43370020556 95.3 10408705322827168 83.9
238514800 43371326756 95.3 10409077588442528 83.9
239070500 43371632056 95.3 10409170022047136 83.9
239118200 43371763756 95.3 10409208304340384 83.9
239155700 43372097956 95.3 10409530184273312 83.9
239176300 43372251056 95.3 10409693654486432 83.9
239181900 43372561256 95.3 10409779194121632 83.9
239182400 43372562356 95.3 10409781305304224 83.9
239224700 43372564256 95.3 10409785314989216 83.9
239265600 43375057656 95.3 10411218767402144 83.9
239833000 43385565056 95.3 10417105545417888 84.0
239864100 43385566556 95.3 10417108500940448 84.0
239874300 43385568756 95.3 10417112303527840 84.0
239890900 43385572256 95.3 10417119059035552 84.0
239909200 43385574856 95.3 10417124335985568 84.0
239913300 43385575756 95.3 10417126235313440 84.0
240320800 43396874456 95.3 10423392619861280 84.0
240364200 43423014956 95.4 10452760031270176 84.3
240366300 43424928956 95.4 10454670463079712 84.3
240391600 43424930456 95.4 10454673628625184 84.3
241010300 43425054356 95.4 10454713694906656 84.3
241089200 43451406156 95.4 10484735210121504 84.5
241930400 43461425656 95.5 10490289816561952 84.6
242072400 43461580856 95.5 10490335105509664 84.6
242919800 43463145156 95.5 10491735993084192 84.6
243322100 43463148256 95.5 10491742535211808 84.6
243343900 43463164756 95.5 10491749107953440 84.6
243353600 43463495056 95.5 10491844776513312 84.6
245477500 43463695056 95.5 10491909424279328 84.6
245512700 43468570556 95.5 10494660586237728 84.6
245585900 43468695156 95.5 10494697425694496 84.6
251252500 43469692656 95.5 10495597486042912 84.6
251401300 43492518456 95.5 10521142867291936 84.8
251584700 43492833856 95.5 10521378799677216 84.8
252751600 43493093256 95.5 10521451397287712 84.8
252825000 43493093356 95.5 10521451608305616 84.8
252829000 43495795956 95.5 10524110641065936 84.9
252837500 43495851056 95.5 10524125608945616 84.9
252929300 43496111256 95.5 10524365771974608 84.9
252975400 43496162156 95.5 10524380137110480 84.9
253102500 43496391956 95.5 10524599790369744 84.9
253180700 43496527156 95.5 10524640098843600 84.9
253268700 43504466156 95.6 10529173939092432 84.9
253348600 43504628356 95.6 10529226667568080 84.9
258465300 43525031056 95.6 10552070986247120 85.1
258816700 43525089956 95.6 10552091523902416 85.1
258895400 43525185456 95.6 10552121279763408 85.1
258896600 43525185756 95.6 10552121912836432 85.1
258925800 43525344356 95.6 10552172491452752 85.1
258926600 43525344556 95.6 10552172913489040 85.1
260537100 43528631356 95.6 10555370674451600 85.1
260871000 43528730356 95.6 10555406005900432 85.1
260927100 43532539056 95.6 10557511255004304 85.1
261059400 43532612756 95.6 10557534011258000 85.1
261386500 43532691056 95.6 10557555908154512 85.1
261719000 43532809056 95.6 10557588463793296 85.1
261739100 43532982156 95.6 10557637349364880 85.1
261751600 43532991656 95.6 10557640184912272 85.1
261761900 43533028956 95.6 10557672667036048 85.1
261785300 43533112256 95.6 10557697239392656 85.1
261804700 43533139156 95.6 10557706770711952 85.1
263750400 43536398756 95.6 10560848949806480 85.1
264557300 43542991056 95.6 10564571185939856 85.2
264615100 43543174056 95.6 10564625448572304 85.2
264796600 43543276556 95.6 10564655356255632 85.2
264830400 43543381556 95.6 10564685330263440 85.2
264926900 43543540556 95.6 10564729752677776 85.2
265034600 43562589656 95.7 10585698309402000 85.3
265053000 43562693256 95.7 10585735811263888 85.4
265069500 43562788356 95.7 10585764749321616 85.4
265135200 43562822456 95.7 10585793479032208 85.4
265142300 43562834756 95.7 10585797455724432 85.4
265218000 43562939756 95.7 10585828529180560 85.4
268219400 43562998156 95.7 10585847335255952 85.4
268489800 43569057356 95.7 10589318231654288 85.4
268516500 43569174456 95.7 10589352786730896 85.4
268569600 43572389556 95.7 10592478363983760 85.4
268582900 43572440156 95.7 10592496631299984 85.4
268595500 43572588056 95.7 10592540572094352 85.4
268639200 43572690956 95.7 10592567942958992 85.4
268762000 43572765056 95.7 10592591374180240 85.4
268836300 43572837056 95.7 10592627017162640 85.4
268995200 43591180656 95.8 10612748735520656 85.6
269389600 43591518756 95.8 10612936210456464 85.6
269477600 43592727456 95.8 10613639522885520 85.6
269665600 43614580456 95.8 10635906074091408 85.8
269974600 43615486356 95.8 10636690955247504 85.8
270329100 43615634956 95.8 10636767177711504 85.8
270972100 43616275256 95.8 10637111134298000 85.8
271008200 43616366056 95.8 10637185785085840 85.8
271014300 43617207056 95.8 10637681734893456 85.8
271083600 43618588556 95.8 10638424644304784 85.8
271126100 43618844056 95.8 10638577385340816 85.8
271371700 43621753856 95.8 10641405942955920 85.8
271658600 43621815256 95.8 10641423894861712 85.8
271972800 43622083956 95.8 10641563269814160 85.8
272043200 43622208956 95.8 10641636918761360 85.8
272098100 43622210256 95.8 10641639662254992 85.8
272724900 43622617556 95.8 10641815254694800 85.8
273098700 43622747156 95.8 10641854400973712 85.8
273144700 43623539756 95.8 10642334152215440 85.8
273435800 43623889356 95.8 10642499455355792 85.8
273445500 43624072356 95.8 10642606893689744 85.8
273575200 43624546256 95.8 10642879819361168 85.8
278877000 43624751256 95.8 10642970621217680 85.8
278892400 43624820456 95.8 10643009332607888 85.8
279103100 43625282256 95.8 10643280867720080 85.8
279310700 43626744756 95.8 10644119874993040 85.8
279327400 43626865156 95.8 10644170659863440 85.8
279756700 43627190056 95.8 10644362257537936 85.8
280167700 43627326256 95.8 10644437913525136 85.8
280345600 43630799056 95.8 10647746671500176 85.9
280383900 43631279656 95.8 10648003940277136 85.9
281296700 43631361456 95.8 10648027278580624 85.9
281323000 43631470256 95.8 10648059726597008 85.9
281328300 43631736956 95.8 10648203466754960 85.9
281383000 43631861256 95.8 10648238241778576 85.9
281427200 43631922756 95.8 10648272709708688 85.9
281427900 43650765956 95.9 10668999617899408 86.0
281706500 43651016456 95.9 10669140523969424 86.0
281745300 43651425856 95.9 10669373325978512 86.0
281773600 43651444056 95.9 10669379672389520 86.0
281835800 43652093156 95.9 10669733717489552 86.0
282151400 43652417156 95.9 10669897541416848 86.0
282421500 43652609456 95.9 10670000658806672 86.0
283080300 43653767256 95.9 10670678677288848 86.0
293853100 43653866556 95.9 10670708663930768 86.0
293876200 43653867756 95.9 10670711196375952 86.0
293891100 43670394456 95.9 10688878337612688 86.2
293923500 43670486356 95.9 10688905264530320 86.2
295497800 43670847856 95.9 10689111146202000 86.2
295646400 43671318256 95.9 10689250449654672 86.2
295654600 43671319256 95.9 10689252560017808 86.2
295668800 43671420256 95.9 10689281715818896 86.2
295701000 43673488856 95.9 10691337144193424 86.2
297668100 43674002056 95.9 10691604779438480 86.2
298283900 43680076856 95.9 10695014754881936 86.2
305515700 43699231656 96.0 10715989334626704 86.4
305557700 43699409356 96.0 10716046137491856 86.4
305570700 43699498056 96.0 10716076542347664 86.4
305676800 43699574956 96.0 10716103512830352 86.4
305713600 43699694156 96.0 10716139698028944 86.4
306282100 43699695556 96.0 10716142231908240 86.4
306342200 43699763856 96.0 10716166959521680 86.4
306347500 43699868056 96.0 10716197787901840 86.4
306382100 43703087656 96.0 10719422729002896 86.4
306384400 43703194056 96.0 10719454082738064 86.4
306390400 43703194256 96.0 10719454504774256 86.4
306476800 43703311456 96.0 10719490683513456 86.4
306943100 43710483956 96.0 10723550317324912 86.5
315913200 43729647456 96.1 10744326955281008 86.6
315973100 43729648756 96.1 10744329488518512 86.6
315973600 43729974356 96.1 10744425502297456 86.6
317474800 43732586456 96.1 10747015343459696 86.7
319631900 43734914456 96.1 10748311315500400 86.7
319671500 43734915556 96.1 10748313636896880 86.7
319739700 43734972456 96.1 10748328797889648 86.7
319797200 43734974156 96.1 10748332385501040 86.7
319853900 43735041156 96.1 10748354830804848 86.7
319861100 43735176556 96.1 10748392585877360 86.7
319893200 43735511256 96.1 10748486788781936 86.7
331482800 43755004256 96.1 10769714580756336 86.8
331488900 43755183356 96.1 10769767544723312 86.8
334446400 43762832656 96.1 10774047925016432 86.9
334881100 43762834056 96.1 10774050669129584 86.9
334938400 43762835756 96.1 10774054256753008 86.9
334954500 43762836856 96.1 10774056368143088 86.9
334998300 43762839456 96.1 10774061434866928 86.9
335044300 43762841356 96.1 10774065444555760 86.9
335049400 43766025156 96.1 10777365920615408 86.9
336656800 43768159556 96.1 10779632586722288 86.9
349301000 43768160556 96.1 10779634486668528 86.9
349363700 43788203356 96.2 10801889992174832 87.1
351973500 43788873256 96.2 10802080139586800 87.1
352053700 43788875156 96.2 10802084149294064 87.1
352136800 43797710256 96.2 10806734972875760 87.1
352145200 43797712156 96.2 10806738982583280 87.1
352181800 43797714256 96.2 10806743252970480 87.1
352197500 43797715356 96.2 10806745574386160 87.1
352315400 43797799056 96.2 10806771681372656 87.1
353828600 43801128256 96.2 10810237390465520 87.2
368133100 43801177956 96.2 10810255144282608 87.2
368183800 43821215256 96.3 10832917656660464 87.3
371319200 43821217256 96.3 10832921667190512 87.3
371385200 43821219156 96.3 10832925676882672 87.3
371410500 43830837156 96.3 10838302381918960 87.4
371421400 43830839856 96.3 10838307869684464 87.4
371448300 43830842956 96.3 10838314201774832 87.4
371450300 43830845756 96.3 10838319690689776 87.4
385448400 43830847856 96.3 10838324122480880 87.4
385499200 43852203056 96.3 10862321031704816 87.6
388469000 43860704556 96.3 10867034965405936 87.6
389822400 43864291556 96.4 10870931050459376 87.6
389884100 43864293056 96.4 10870933844197360 87.6
389911600 43865030256 96.4 10871140266852336 87.7
389916900 43865032256 96.4 10871144277582576 87.7
389925000 43865033256 96.4 10871146387961840 87.7
389959100 43865035456 96.4 10871151030772720 87.7
389960500 43866218556 96.4 10871495169123312 87.7
389969600 43866219956 96.4 10871498123621616 87.7
404955100 43889170756 96.4 10897568069694704 87.9
406984700 43892020556 96.4 10900606242370800 87.9
408737800 43892021656 96.4 10900608353555696 87.9
408790900 43892024256 96.4 10900613840519408 87.9
408795100 43902175456 96.4 10906078285676784 87.9
408802100 43902176956 96.4 10906081200373488 87.9
408816400 43902178156 96.4 10906083732818160 87.9
408857500 43902179656 96.4 10906086898371824 87.9
408873000 43902181356 96.4 10906090485988592 87.9
411798000 43902747856 96.4 10906270589140208 87.9
411878900 43908258856 96.4 10909244770368752 88.0
423622600 43926275356 96.5 10928947741998320 88.1
424378200 43929057956 96.5 10931936605650160 88.1
424446900 43929058156 96.5 10931937027685456 88.1
424450100 43929059356 96.5 10931939560143184 88.1
424498800 43929059556 96.5 10931939982178288 88.1
424501300 43929407856 96.5 10932047906617328 88.1
424502500 43929409356 96.5 10932051072171248 88.1
424506000 43929410156 96.5 10932052760467568 88.1
424580300 43929411456 96.5 10932055503938928 88.1
424587300 43929412656 96.5 10932057826373744 88.1
427977400 43935574056 96.5 10935311559012464 88.2
428035800 43935576356 96.5 10935316202848368 88.2
440098000 43951179256 96.5 10952387226697840 88.3
441518200 43956480856 96.6 10955234948612208 88.3
441536400 43956480956 96.6 10955235159629808 88.3
441538600 43956481856 96.6 10955237058944752 88.3
442130000 43958924456 96.6 10957814406061808 88.4
442169300 43958925856 96.6 10957817360577776 88.4
442265100 43958927256 96.6 10957820315088368 88.4
442265800 43958928556 96.6 10957822848342512 88.4
442291300 43959588856 96.6 10958026935933424 88.4
442324500 43959589756 96.6 10958028625046896 88.4
442335600 43959590356 96.6 10958029891270384 88.4
450399200 43974288156 96.6 10973691316500208 88.5
451116700 43974289256 96.6 10973693637915888 88.5
451119100 43974290456 96.6 10973695960258288 88.5
451191500 43974292256 96.6 10973699758926064 88.5
451192400 43974919656 96.6 10973894371420400 88.5
451249300 43977254956 96.6 10976411726620912 88.5
451282600 43977256056 96.6 10976413627783280 88.5
451301700 43977257056 96.6 10976415738154992 88.5
452320800 43977258756 96.6 10976419115553008 88.5
452428600 43982722756 96.6 10979383801663728 88.5
452462400 43982787356 96.6 10979405519591664 88.5
463276700 43997199856 96.6 10994826597570800 88.6
464478500 43997201356 96.6 10994829763118320 88.6
464482000 43997202356 96.6 10994831663475568 88.6
464510900 43999623456 96.6 10997282331077488 88.7
464565300 43999698156 96.6 10997309869300592 88.7
464588800 43999698756 96.6 10997310925103216 88.7
464664800 43999725456 96.6 10997321821427824 88.7
464750600 43999799756 96.6 10997346238845040 88.7
465839100 43999803056 96.6 10997353203065968 88.7
465960800 44005281056 96.7 11000355825083504 88.7
475549700 44019720156 96.7 11015791402771568 88.8
476999500 44019861656 96.7 11015838247249008 88.8
477033000 44019862956 96.7 11015840780702320 88.8
477063100 44019864456 96.7 11015843946248560 88.8
477134100 44020457556 96.7 11016022097475952 88.8
477198200 44022816256 96.7 11018543109323120 88.8
477247200 44022817056 96.7 11018544797627248 88.8
480520600 44022953756 96.7 11018588069970800 88.8
480609600 44023032656 96.7 11018615596424048 88.8
480774600 44023033956 96.7 11018618299274608 88.8
480793600 44028657456 96.7 11021649458812272 88.9
495034600 44043679956 96.7 11037899963553136 89.0
496741900 44043681056 96.7 11037902127104112 89.0
496775400 44043682756 96.7 11037905714717808 89.0
496875600 44043683956 96.7 11037908247157616 89.0
496881200 44043686656 96.7 11037913904535920 89.0
496990900 44043687356 96.7 11037915381789680 89.0
496996900 44046142756 96.8 11040608833532912 89.0
500537400 44046143656 96.8 11040610732857072 89.0
500613500 44046144356 96.8 11040612210104432 89.0
500632600 44053773656 96.8 11044694094960752 89.1
500692100 44053774756 96.8 11044696416363120 89.1
516823300 44071269556 96.8 11064591703122544 89.2
518702400 44074745556 96.8 11067867342873200 89.2
518711800 44074746356 96.8 11067869031158000 89.2
518740300 44074747656 96.8 11067871774630128 89.2
518792100 44074748756 96.8 11067874096017904 89.2
518826900 44074883356 96.8 11067911992807920 89.2
523720700 44083892156 96.8 11072771967455728 89.3
523737700 44083892256 96.8 11072772178491920 89.3
523743800 44083893956 96.8 11072775555905808 89.3
523765700 44083895156 96.8 11072778088346384 89.3
523806600 44083896356 96.8 11072780620780304 89.3
523822200 44083896456 96.8 11072780831797408 89.3
543855600 44083897756 96.8 11072783575262112 89.3
543934400 44101346256 96.9 11092170990527392 89.4
545621900 44101347756 96.9 11092174156095392 89.4
545648100 44104217256 96.9 11095413640159136 89.5
545655200 44104218356 96.9 11095415961572000 89.5
545676400 44105047856 96.9 11095653495427744 89.5
545782300 44105048656 96.9 11095655183714976 89.5
548079300 44105049956 96.9 11095657927184800 89.5
548100400 44112951156 96.9 11099866793021856 89.5
548109800 44112992956 96.9 11099882736593312 89.5
548127200 44112993056 96.9 11099882947595408 89.5
548305100 44113026756 96.9 11099894585264272 89.5
563458800 44127782156 96.9 11115713125976208 89.6
563650400 44127784056 96.9 11115717135664272 89.6
565572400 44130254756 96.9 11118365409772688 89.6
565602400 44130256256 96.9 11118368575295632 89.6
565645200 44130258556 96.9 11118373429111440 89.6
565675800 44130259356 96.9 11118375117356816 89.6
565722000 44130260356 96.9 11118377227708560 89.6
568955100 44130332456 96.9 11118403578153104 89.6
568995700 44136162656 96.9 11121533137373328 89.7
569107100 44136213056 96.9 11121551400468624 89.7
569175500 44136275056 96.9 11121572099633296 89.7
582030500 44136313856 96.9 11121585060172944 89.7
582344500 44149151356 97.0 11135167032317072 89.8
583283200 44149202456 97.0 11135183786643600 89.8
583332200 44151218756 97.0 11137430380122256 89.8
583353600 44151220656 97.0 11137434179170448 89.8
583406000 44151222056 97.0 11137437133675664 89.8
583408300 44151223256 97.0 11137439665734032 89.8
583410800 44151272156 97.0 11137456811641232 89.8
584249900 44151273656 97.0 11137459977182608 89.8
584350500 44155825656 97.0 11139970658196880 89.8
584432900 44156048156 97.0 11140041561529744 89.8
584461600 44156049256 97.0 11140043882920080 89.8
597532800 44168489456 97.0 11153155691411600 89.9
597887500 44168640056 97.0 11153200884439184 89.9
599004900 44168672856 97.0 11153215039248528 89.9
599033400 44168731256 97.0 11153239096928400 89.9
599083400 44170750856 97.0 11155428192397456 89.9
599138700 44170752456 97.0 11155431568967312 89.9
599234400 44170815256 97.0 11155452131520144 89.9
601995500 44170931356 97.0 11155488251010704 89.9
602047400 44170932956 97.0 11155491627553680 89.9
602124100 44170935156 97.0 11155496270368144 89.9
602230700 44175982456 97.0 11158249251605904 90.0
602236100 44175982556 97.0 11158249462621200 90.0
617598600 44175982856 97.0 11158250095671184 90.0
617625400 44175983056 97.0 11158250517690896 90.0
617626200 44188540156 97.1 11171527604828688 90.1
619765700 44190565556 97.1 11173776137648656 90.1
619881400 44190567156 97.1 11173779514204688 90.1
619881900 44190575256 97.1 11173784167430672 90.1
619929000 44190885156 97.1 11173878041123344 90.1
619932700 44190958556 97.1 11173900087018000 90.1
624362000 44191070956 97.1 11173932493181456 90.1
624405300 44197344456 97.1 11177246407266832 90.1
624416400 44197415256 97.1 11177265017168400 90.1
624637600 44197416856 97.1 11177267979467792 90.1
643762600 44197550256 97.1 11177309143280656 90.1
643953900 44212244956 97.1 11193600318090256 90.3
645905400 44214525256 97.1 11196189654363152 90.3
645914400 44214526756 97.1 11196192609823504 90.3
646036300 44214527856 97.1 11196194931219472 90.3
646083000 44214529056 97.1 11196197463648272 90.3
646106500 44214530856 97.1 11196201262293776 90.3
649562500 44214531756 97.1 11196203161611792 90.3
649637200 44215027456 97.1 11196343795265040 90.3
649728600 44223749156 97.1 11200951203606032 90.3
652624300 44223749756 97.1 11200952469704464 90.3
652630200 44225704356 97.1 11203189132644112 90.3
676621100 44242013856 97.2 11220883772952336 90.5
676752100 44242052256 97.2 11220897689756432 90.5
676809400 44242098656 97.2 11220910012694288 90.5
677063100 44242207456 97.2 11220945297129232 90.5
681653700 44247474956 97.2 11223726410874640 90.5
681721100 44247476356 97.2 11223729365379600 90.5
681790300 44247477256 97.2 11223731054687248 90.5
681797200 44247517556 97.2 11223746214116368 90.5
681801300 44247518456 97.2 11223748113412624 90.5
681895400 44247659456 97.2 11223795562525200 90.5
696361100 44249643256 97.2 11225989386285584 90.5
696697200 44249644156 97.2 11225991285624080 90.5
696699800 44249648256 97.2 11225994995115792 90.5
696798700 44261739456 97.2 11238819128878864 90.6
698183200 44261841156 97.2 11238854234072848 90.6
698188200 44266530856 97.2 11241419938064144 90.6
698246800 44266566456 97.2 11241432853053200 90.6
698252700 44266596556 97.2 11241442746227472 90.6
698304000 44266652156 97.2 11241462149167888 90.6
698424900 44266706556 97.2 11241483413920528 90.6
700547300 44268361456 97.2 11243303427808016 90.7
713862200 44268391356 97.2 11243314255726352 90.7
713883400 44268446556 97.2 11243333530119952 90.7
714051700 44268481956 97.2 11243348422093584 90.7
714084200 44278962356 97.3 11254524897979152 90.7
715054400 44278988256 97.3 11254532762025232 90.7
715116200 44278989656 97.3 11254535716526096 90.7
715167100 44282787056 97.3 11256639724378128 90.8
715229100 44282829756 97.3 11256653351846928 90.8
715317900 44282831256 97.3 11256656517384208 90.8
715323500 44282832456 97.3 11256659049814800 90.8
717555200 44284418256 97.3 11258428060834576 90.8
733560800 44284592856 97.3 11258485002337040 90.8
733762100 44294682656 97.3 11269067644467984 90.9
739356100 44294745556 97.3 11269089018542864 90.9
739364500 44294746856 97.3 11269091762020624 90.9
739384800 44294858156 97.3 11269126415069456 90.9
739429900 44294875656 97.3 11269135424724240 90.9
739438700 44298501356 97.3 11271097155886352 90.9
739460400 44298502856 97.3 11271100321388560 90.9
739461800 44298612856 97.3 11271134278320144 90.9
739978700 44300476956 97.3 11273274114441232 90.9
764172300 44313308756 97.3 11286845731897360 91.0
764220500 44313310556 97.3 11286849530546448 91.0
767929200 44313358156 97.3 11286864959324432 91.0
767949900 44313370056 97.3 11286870820179216 91.0
767977600 44313434356 97.3 11286894040313104 91.0
768105300 44319995856 97.4 11290356268133648 91.0
771149500 44320060856 97.4 11290375484499216 91.0
771182800 44320060956 97.4 11290375695517808 91.0
771188400 44320061056 97.4 11290375906534800 91.0
771248300 44320078656 97.4 11290385575401872 91.0
771267900 44321235356 97.4 11291728885012880 91.0
771352900 44321252956 97.4 11291735047066000 91.0
795295600 44332036556 97.4 11303292352123280 91.1
795417900 44332095456 97.4 11303314096075152 91.1
800505400 44332124156 97.4 11303324111500688 91.1
800621300 44332156656 97.4 11303335170953616 91.1
800644500 44332187956 97.4 11303347714187664 91.1
800652400 44336967956 97.4 11305876915937680 91.2
800685900 44337013456 97.4 11305893716256144 91.2
800712500 44337051456 97.4 11305905524984208 91.2
800837500 44337066656 97.4 11305913149207440 91.2
800896300 44338514656 97.4 11307550871827344 91.2
817062700 44341741556 97.4 11309326403679120 91.2
817178600 44341788956 97.4 11309341767570320 91.2
817310100 44341791956 97.4 11309344649614224 91.2
817341400 44350473556 97.4 11318384816526224 91.3
817351500 44350496156 97.4 11318392622900112 91.3
817515800 44350549456 97.4 11318408651522960 91.3
821427600 44350591756 97.4 11318422144624528 91.3
821453500 44350655456 97.4 11318443525140368 91.3
821457600 44350656556 97.4 11318445846531216 91.3
821548600 44351942456 97.4 11319907831090320 91.3
821554500 44351942856 97.4 11319908675163728 91.3
821556300 44351943256 97.4 11319909519303120 91.3
838524400 44360356356 97.4 11328545981833680 91.3
838659200 44360357156 97.4 11328547670110160 91.3
842223800 44361775456 97.4 11330219349553104 91.4
842250700 44361777656 97.4 11330223992376784 91.4
842359800 44361778356 97.4 11330225469625040 91.4
842598200 44362049656 97.4 11330304441774800 91.4
843263800 44362051056 97.4 11330307396290768 91.4
843295500 44362052056 97.4 11330309506415312 91.4
843303000 44362130056 97.4 11330334866524880 91.4
843350000 44365915056 97.5 11332382004202192 91.4
843362600 44365915756 97.5 11332383271029584 91.4
874104000 44376674256 97.5 11343789454265168 91.5
874107500 44376738656 97.5 11343809364394832 91.5
881575000 44381988956 97.5 11346677639709520 91.5
881589400 44381989956 97.5 11346679750068048 91.5
885387800 44381990556 97.5 11346681016288208 91.5
885413300 44381990756 97.5 11346681438356496 91.5
885535900 44382987756 97.5 11347842357347344 91.5
885585900 44382989556 97.5 11347846156002320 91.5
885761200 44383211956 97.5 11347915665343504 91.5
905066900 44383214056 97.5 11347917654798608 91.5
905161500 44391234456 97.5 11356320336261392 91.6
905792900 44394530056 97.5 11358061553463568 91.6
906245500 44394553456 97.5 11358069602922768 91.6
906336500 44394554056 97.5 11358070869140240 91.6
906338400 44395691056 97.5 11359377556316944 91.6
906351400 44395691556 97.5 11359378611503248 91.6
906358600 44395692256 97.5 11359380088767760 91.6
906370300 44395692356 97.5 11359380299785168 91.6
906381100 44395693556 97.5 11359382832231888 91.6
906417400 44395930356 97.5 11359459904878032 91.6
922479700 44402976356 97.5 11366699435062736 91.6
927479300 44405705956 97.5 11368198410761680 91.7
927490600 44405707056 97.5 11368200732160464 91.7
928779800 44406772356 97.5 11369447554822608 91.7
928915800 44406773056 97.5 11369449032061136 91.7
929015300 44406903656 97.5 11369483312670928 91.7
929031200 44406942656 97.5 11369494617687248 91.7
933440700 44407012356 97.5 11369517223343312 91.7
933556900 44407024956 97.5 11369522738304720 91.7
933680900 44407657456 97.5 11370257018787536 91.7
965673200 44416416756 97.6 11379694666258128 91.8
971417500 44416417856 97.6 11379696987653584 91.8
971424100 44421017056 97.6 11382173437380048 91.8
971558400 44421018856 97.6 11382177236024528 91.8
971721500 44421267356 97.6 11382255680158928 91.8
971748600 44421269256 97.6 11382259689840592 91.8
971904100 44422426556 97.6 11383663994462160 91.8
996022100 44422454956 97.6 11383673112841168 91.8
996149500 44429232956 97.6 11390672003222480 91.8
1002246400 44429258856 97.6 11390684110700496 91.8
1002338400 44432055856 97.6 11392176315350992 91.9
1002393700 44432057556 97.6 11392179902968016 91.9
1002478200 44432060956 97.6 11392182640532944 91.9
1002544600 44432061856 97.6 11392184539858256 91.9
1004203700 44432062756 97.6 11392186439179600 91.9
1004203800 44432063456 97.6 11392187916436304 91.9
1004224300 44432926656 97.6 11393186917925712 91.9
1021532600 44432990756 97.6 11393263761851216 91.9
1021696700 44435284756 97.6 11394535252132688 91.9
1021710100 44435289656 97.6 11394539737753424 91.9
1022192600 44435290656 97.6 11394541848109264 91.9
1022316700 44441064756 97.6 11400636279824592 91.9
1025962800 44441137656 97.6 11400724300210384 91.9
1026225400 44441722956 97.6 11401260441149648 91.9
1026626700 44442023756 97.6 11401619757211856 91.9
1033602000 44444351656 97.6 11402888543871184 91.9
1073395400 44450340356 97.6 11409208469758160 92.0
1073518600 44450340456 97.6 11409208680776064 92.0
1073524300 44450342456 97.6 11409212901500544 92.0
1073535200 44450343456 97.6 11409215011861504 92.0
1073655700 44450359056 97.6 11409221167944704 92.0
1073671200 44450560556 97.6 11409283362464768 92.0
1073846400 44451433456 97.6 11410337711924224 92.0
1076882100 44453687856 97.6 11411575412106240 92.0
1102410500 44453688156 97.6 11411576045211904 92.0
1102415200 44453688956 97.6 11411577733495936 92.0
1102416300 44453689456 97.6 11411578788675712 92.0
1102502300 44458825156 97.7 11417037532725376 92.1
1106914900 44459297356 97.7 11417578930667648 92.1
1106928000 44459310456 97.7 11417584510336640 92.1
1107061100 44459436156 97.7 11417625388826240 92.1
1107249900 44459453556 97.7 11417631582550656 92.1
1112987600 44461398056 97.7 11418727033174656 92.1
1131890700 44461494356 97.7 11418841783835264 92.1
1132160700 44461495856 97.7 11418843086033408 92.1
1132835600 44461510156 97.7 11418848070670336 92.1
1132861600 44461510456 97.7 11418848703780352 92.1
1132939200 44461511056 97.7 11418849969997440 92.1
1132949100 44466205056 97.7 11423718708643456 92.1
1136998100 44466393956 97.7 11423946889021056 92.1
1138254800 44466659356 97.7 11424104636827264 92.1
1138515000 44467377156 97.7 11425006040663680 92.1
1142475200 44467381956 97.7 11425011243935872 92.1
1147193900 44467403256 97.7 11425037048520832 92.1
1147430200 44467533056 97.7 11425081906700416 92.1
1147479200 44469502956 97.7 11426176345972864 92.1
1162817600 44469999156 97.7 11426441905414272 92.1
1163478300 44474661956 97.7 11431259902419072 92.2
1171496500 44474662856 97.7 11431261364728960 92.2
1171632200 44474672656 97.7 11431265496159360 92.2
1171661400 44474681256 97.7 11431270175020160 92.2
1171850900 44475213956 97.7 11431904993154176 92.2
1171932900 44475222056 97.7 11431906974184576 92.2
1171948100 44475231756 97.7 11431909730997376 92.2
1172471200 44475244056 97.7 11431913790542976 92.2
1172747200 44475353656 97.7 11431971386446976 92.2
1172804000 44475361756 97.7 11431974297474176 92.2
1172859400 44475371056 97.7 11431976790094976 92.2
1178245100 44475423956 97.7 11432038251844736 92.2
1209539500 44475433856 97.7 11432040749380736 92.2
1209594700 44475442456 97.7 11432051457091712 92.2
1210003800 44478907256 97.7 11435549928155264 92.2
1210132700 44478917556 97.7 11435552646056064 92.2
1211054600 44478920456 97.7 11435556246720640 92.2
1211952100 44478921056 97.7 11435557005961536 92.2
1214419900 44478933756 97.7 11435572433408320 92.2
1215035800 44478998456 97.7 11435653036118336 92.2
1215608700 44479033156 97.7 11435665057059136 92.2
1215852900 44480684656 97.7 11436588187128128 92.2
1215862600 44480684756 97.7 11436588398134528 92.2
1215862800 44480684856 97.7 11436588609140736 92.2
1216253500 44480787756 97.7 11436719598712832 92.2
1217361400 44480898656 97.7 11436864528152576 92.2
1219351000 44480904556 97.7 11436869505076224 92.2
1219379000 44480913756 97.7 11436871676161024 92.2
1219681200 44480922056 97.7 11436874989415424 92.2
1219710700 44480932556 97.7 11436883487910400 92.2
1221375300 44481063956 97.7 11437049918614016 92.2
1229288800 44481915356 97.7 11437523393505792 92.2
1246423800 44485615556 97.7 11441427771484672 92.2
1250331200 44485806856 97.7 11441650047740416 92.3
1250417100 44485863156 97.7 11441718415022592 92.3
1251090700 44485892356 97.7 11441750537505280 92.3
1251152100 44485905256 97.7 11441765126712832 92.3
1251207600 44485906756 97.7 11441766705184640 92.3
1251242800 44485915256 97.7 11441776122752896 92.3
1251591700 44485925856 97.7 11441788406034304 92.3
1251783000 44485935956 97.7 11441802036199296 92.3
1251788700 44485944656 97.7 11441812294701952 92.3
1252126000 44485955256 97.7 11441821906424704 92.3
1252239000 44485984456 97.7 11441846905232256 92.3
1252422400 44486054556 97.7 11441925906701184 92.3
1252578300 44486057556 97.7 11441929199560064 92.3
1252831100 44486062856 97.7 11441933577934208 92.3
1253263900 44486063956 97.7 11441933878733600 92.3
1255398100 44486066156 97.7 11441934479821600 92.3
1255899700 44486074456 97.7 11441938667776800 92.3
1256080600 44486076656 97.7 11441942438123296 92.3
1256159700 44486077456 97.7 11441942882526208 92.3
1256742300 44486078156 97.7 11441943308793216 92.3
1257312000 44486083056 97.7 11441948818507136 92.3
1257343500 44486085856 97.7 11441952912104320 92.3
1257534000 44486090056 97.7 11441955973482368 92.3
1257735700 44486090456 97.7 11441957069693824 92.3
1257772000 44486090956 97.7 11441957572561024 92.3
1258100800 44486099456 97.7 11441969451421824 92.3
1258123200 44486102256 97.7 11441971901167488 92.3
1258609000 44486126656 97.7 11441998288236416 92.3
1258952000 44486151556 97.7 11442028560144256 92.3
1258995000 44486153556 97.7 11442031417104256 92.3
1259988500 44486161256 97.7 11442040591971200 92.3
1261390200 44486211856 97.7 11442098105885568 92.3
1275512100 44486310456 97.7 11442224449790848 92.3
1278955900 44489501756 97.7 11445461635900288 92.3
1280914500 44490739156 97.7 11446150726361984 92.3
1281765000 44490741756 97.7 11446152878591360 92.3
1291201900 44491659556 97.7 11446666280865152 92.3
1291338400 44491741656 97.7 11446691544173952 92.3
1339439400 44491743456 97.7 11446693592784896 92.3
1340599200 44491753056 97.7 11446696971575296 92.3
1340628100 44491758556 97.7 11446698742890496 92.3
1340835000 44491759056 97.7 11446699730231296 92.3
1340867500 44494942056 97.7 11449876269326336 92.3
1340908900 44494950456 97.7 11449885506668544 92.3
1345350300 44494950656 97.7 11449885755705344 92.3
1347109600 44494976056 97.7 11449922055710720 92.3
1347447300 44494997656 97.7 11449948247293952 92.3
1347665600 44495483656 97.7 11450514563792896 92.3
1350044600 44496457456 97.7 11451086229209088 92.3
1389498800 44498850256 97.7 11453463988535296 92.3
1389505700 44498897356 97.7 11453480813879296 92.3
1389538000 44498899856 97.7 11453486089786368 92.3
1400085200 44498904656 97.7 11453493515852800 92.3
1400315100 44498909656 97.7 11453498190900736 92.3
1400917200 44500224956 97.7 11454455562087936 92.4
1406363900 44500225656 97.7 11454456318310656 92.4
1406478400 44500234356 97.7 11454469058362624 92.4
1406560000 44500348456 97.7 11454599414873344 92.4
1449935500 44502302056 97.8 11456606118280448 92.4
1450100300 44502337756 97.8 11456614722747648 92.4
1453961800 44502882156 97.8 11456904999320832 92.4
1454004500 44502883156 97.8 11456907109676416 92.4
1455961400 44503067656 97.8 11457137975801216 92.4
1501309200 44504166456 97.8 11458234628224384 92.4
1501418100 44504182956 97.8 11458240862336384 92.4
1510035500 44504657656 97.8 11458505308697984 92.4
1513472100 44504747856 97.8 11458600336381312 92.4
1555328500 44505194956 97.8 11459116266214784 92.4
1555398600 44505198656 97.8 11459117248845184 92.4
1566688400 44505211556 97.8 11459129329445248 92.4
1568316100 44505219056 97.8 11459138908566912 92.4
1574069100 44505264856 97.8 11459160008496512 92.4