---------------------------------------------------------------------------------------------------------------------------------------------------------------------------------
Metro   Traffic               ─────────────────── Knee ───────────────────                           ──────────────── Cost-Optimal ────────────────               ΔCost%  KneeSrc
           Mbps    Disk(MB)     HR%    Cost$/mo    p50 ms    p95 ms     Penalty    Disk(MB)     HR%    Cost$/mo    p50 ms    p95 ms     Penalty        %         
---------------------------------------------------------------------------------------------------------------------------------------------------------------------------------
  DKR    429392   281274100    77.8     6659.31      75.3     240.8  3135023.02   171960320    74.0     6196.23      80.5     244.5  3767590.06     +7.5      MAD
  LON    395131   509961900    84.9    14161.29      17.9      97.2        0.00    41574400    59.0     4269.09      20.9     106.0      508.76   +231.7      LON
  SVO    290515   122272300    76.1     4632.09      60.8     196.3   721624.77    69662720    71.0     4418.62      63.0     199.7   805712.01     +4.8      STO
  MAD    286945   281274100    77.8     5557.72      24.8     129.7     8952.71    43796480    59.0     3000.62      26.9     134.1    13226.26    +85.2      MAD
  PAR    280711   379094500    85.1    10477.11      15.9     108.5     1819.76    25282560    60.0     2868.99      18.8     115.3     5396.72   +265.2      PAR
  MRS    264549   408874700    79.2     8434.16      15.1     101.0        0.00    71383040    60.0     5303.83      17.7     106.5      130.78    +59.0      MIL
  MIL    262221   408874700    79.2    11486.74      28.8     131.8    12987.06    36710400    50.0     3532.98      32.5     138.1    27538.90   +225.1      MIL
  LIS    252641   281274100    77.8     6528.50      28.0     113.8      998.32    66949120    64.0     4644.04      31.9     120.6     3135.46    +40.6      MAD
         187982   179902400    79.9     3339.31     126.5     293.8  8654237.96    82339840    73.0     2859.33     168.2     311.2  16997782.24    +16.8      FCO
  JNB    186434   179902400    79.9     4242.61      42.3     246.9    64939.78    49633280    68.0     3133.56      60.9     269.7   207375.46    +35.4      FCO
  MCT    162372   173080000    74.8     3391.35      54.9     242.9   271903.42    67133440    66.0     2881.78      69.7     257.1   556283.21    +17.7      VIE
  AMS    162246   277459800    77.9     7772.13      14.6     110.4     1587.28    18196480    47.0     2167.49      19.4     117.7     3743.98   +258.6      AMS
  FRA    160696   365642600    77.7    10016.00      17.9     131.6     5442.49    18298880    41.0     2344.92      23.1     138.9     6933.50   +327.1      FRA
  IST    150700   173080000    74.8     4155.21      43.1     151.9    82064.28    52531200    63.0     3022.52      49.7     158.9   143122.12    +37.5      VIE
  WAW    148698   173080000    74.8     4135.12      44.4     156.7    92481.27    52531200    63.0     2993.02      51.0     165.1   156069.20    +38.2      VIE
  SDA    117116   173080000    74.8     2937.21      55.8     215.6   262312.41    61132800    65.0     2254.61      73.4     225.3   600478.30    +30.3      VIE
  FCO    109669   179902400    79.9     3626.84      34.8     142.0    19471.35    37304320    65.0     2098.12      37.7     146.2    29074.13    +72.9      FCO
  KBP     96816   173080000    74.8     3614.49      49.2     171.7   138722.40    30504960    56.0     2162.14      58.6     183.8   252613.03    +67.2      VIE
  PMO     95412   179902400    79.9     3512.48       0.0       0.0        0.00    26296320    61.0     1883.30       0.0       0.0        0.00    +86.5      FCO
  RUH     88622   179902400    79.9     2542.30      54.9     193.6   184832.19    37304320    65.0     1614.91      76.7     208.7   510271.72    +57.4      FCO
  TUN     79564   179902400    79.9     2469.64      53.8     208.8   158217.09    37304320    65.0     1488.66      60.0     215.1   223638.51    +65.9      FCO
  HAM     79098    15437300    77.2      953.00      28.2     109.9     3324.10    14592000    77.0      947.26      28.3     110.0     3387.97     +0.6      CPH
  BER     75355    15437300    77.2      919.06      29.6     115.3     5830.93    14592000    77.0      912.98      29.6     115.4     5906.40     +0.7      CPH
  DUB     75261    95106300    79.9     2055.38      13.1      78.8        0.00    19783680    66.0     1321.06      15.9      87.6        0.00    +55.6      DUB
  DUS     74081   113846400    69.5     2059.64      29.7     112.0     6271.60    42629120    60.0     1613.95      31.4     115.0    10288.93    +27.6      DUS
  OTP     72814   173080000    74.8     2492.65      37.7     137.2    32056.50    35758080    58.0     1581.81      45.5     146.1    73482.33    +57.6      VIE
  BUD     71936   173080000    74.8     2483.84      35.0     129.2    22663.69    35758080    58.0     1567.13      42.0     137.6    55761.03    +58.5      VIE
  TLV     70540   179902400    79.9     2397.26      29.5     139.2     9037.81    37304320    65.0     1362.89      47.3     151.2    82907.48    +75.9      FCO
  STO     64387   122272300    76.1     3416.89      19.6     112.8      792.55     8765440    40.0      988.80      26.1     124.5     2429.73   +245.6      STO
  JED     62392   179902400    79.9     2331.90      54.1     189.3   123274.56    26296320    61.0     1236.65      79.1     206.9   391838.53    +88.6      FCO
  MSQ     61800   122272300    76.1     1832.93      51.3     181.8   157094.03    31662080    60.0     1306.69      59.4     191.8   256146.06    +40.3      STO
  BRU     50596   277459800    77.9     4682.12      29.9     106.0     3640.70    18196480    47.0     1345.69      35.2     117.0    13839.92   +247.9      AMS
  ATH     49534   179902400    79.9     3144.48      30.0     132.6     6289.71    14325760    53.0     1145.82      46.5     148.7    54476.39   +174.4      FCO
  OVB     49046   122272300    76.1     1711.54      91.3     231.7   456323.29    25681920    57.0     1101.25     110.7     255.3   752603.31    +55.4      STO
  CPT     48816   179902400    79.9     2223.00      42.3     233.6    29571.70    26296320    61.0     1025.81      89.0     267.1   279457.27   +116.7      FCO
  CMN     47752   281274100    77.8     3285.54      62.2     201.1   285005.99    25180160    52.0     1169.06      68.3     208.0   377262.79   +181.0      MAD
  OSL     47289   122272300    76.1     1694.82      26.1     120.9     1905.26    25681920    57.0     1071.17      31.2     130.0     7250.93    +58.2      STO
  VIE     46707   173080000    74.8     3111.66      34.7     133.9    11557.24    16650240    48.0     1221.40      41.2     142.8    26791.54   +154.8      VIE
  MUC     46327    82558400    70.8     2639.98      29.2     112.8     3097.61     9635840    47.0     1222.96      33.9     120.5    10131.63   +115.9      ZRH
  ALG     44725   281274100    77.8     3258.78      72.1     219.8  1515847.53    25180160    52.0     1111.21      78.9     226.1  1957492.34   +193.3      MAD
  BCN     44683   281274100    77.8     3258.41      22.2     109.3      214.30    25180160    52.0     1110.40      27.0     117.8     1084.94   +193.4      MAD
  PRG     44182   173080000    74.8     3086.32      29.5     118.1     2847.98    15472640    47.0     1168.73      35.3     127.1     9768.22   +164.1      VIE
  LFW     42563   281274100    77.8     3239.67      85.4     271.2   146348.74    23439360    51.0     1069.11      88.0     296.5   159364.39   +203.0      MAD
  CAI     42507   179902400    79.9     2172.40      82.4     220.6  1175691.56    20807680    58.0      922.74      88.0     227.6  1409695.87   +135.4      FCO
  DXB     42194   173080000    74.8     3066.37      39.6     198.2    28477.31    15472640    47.0     1126.77     117.1     258.5   743764.91   +172.1      VIE
  LED     42033   122272300    76.1     1644.80      36.0     173.4    15842.41    25681920    57.0      981.17      42.9     184.2    32374.51    +67.6      STO
  LYS     41992    82558400    70.8     1328.88      27.5     119.6     3979.59    24616960    59.0      936.18      31.5     125.2    11373.70    +41.9      ZRH
  MAN     39606   509961900    84.9     8025.36      19.0      89.2        0.00    16138240    45.0     1113.86      25.1     104.1       76.24   +620.5      LON
  DMM     36371   173080000    74.8     2126.95      60.1     205.7   102226.11    19251200    50.0      920.14     101.2     230.3   442755.39   +131.2      VIE
  SVX     33444   122272300    76.1     1563.05      58.8     199.0    64642.58    17356800    51.0      829.26      82.7     228.1   177212.03    +88.5      STO
  LOS     33417   281274100    77.8     3158.82     177.2     281.1  14850652.15    18841600    48.0      883.77     181.0     285.9  15592064.61   +257.4      MAD
  LBA     33398   509961900    84.9     7988.04      20.1      84.0        0.00    13414400    42.0      976.20      26.1     102.8      288.93   +718.3      LON
  ESB     31477   173080000    74.8     2077.84      46.0     150.4    76520.64    16650240    48.0      821.29      56.5     160.4   161468.99   +153.0      VIE
  HEL     30860   122272300    76.1     2160.83      33.8     128.2     7345.55    13342720    47.0      855.04      40.5     140.0    18923.38   +152.7      STO
  BHX     28784   509961900    84.9     7960.29      19.7      86.5        0.00    12636160    41.0      869.21      24.6     102.8       33.84   +815.8      LON
  ZRH     26454    82558400    70.8     1568.38      19.6     107.2      114.71     9635840    47.0      705.45      22.0     112.5      397.27   +122.3      ZRH
  EVN     25248   173080000    74.8     2015.33      71.6     195.8   223403.16    14448640    46.0      690.00      91.8     211.9   444927.31   +192.1      VIE
  RBA     22593   281274100    77.8     3063.13      40.7     178.1    15921.92    13352960    43.0      648.74      51.8     191.8    38920.91   +372.2      MAD
  ADJ     18826   179902400    79.9     2898.15      39.8     162.8    11588.39     7690240    44.0      537.24      66.3     187.2    70336.48   +439.5      FCO
  CPH     17831    15437300    77.2      397.42      26.6     115.8      625.09     3584000    64.0      310.34      29.6     122.7     1765.97    +28.1      CPH
  BRN     16340    82558400    70.8     1030.51      21.6     103.1        0.00     8304640    45.0      442.41      25.4     110.7      253.76   +132.9      ZRH
  DOH     16313   173080000    74.8     1925.67      32.9     180.0     5026.10     8826880    39.0      486.11     103.5     213.5   209900.38   +296.1      VIE
  SOF     15889   173080000    74.8     1921.42      35.1     122.2     3490.83     8826880    39.0      475.81      48.0     139.5    15287.28   +303.8      VIE
  BAH     14520   173080000    74.8     1907.68      41.0     171.8    10333.30     8826880    39.0      442.56     103.0     207.7   184267.51   +331.1      VIE
  DAR     14100   179902400    79.9     1944.53     138.1     421.6   510745.05     8232960    45.0      392.62     195.7     433.4  1141958.87   +395.3      FCO
  KTW     13779   173080000    74.8     1900.25      39.6     138.1    32737.45     8284160    38.0      424.52      47.9     147.8    72553.65   +347.6      VIE
  GLA     11586    95106300    79.9     1061.04      20.9      88.8        0.00     5642240    52.0      278.89      27.5     103.8      277.41   +280.4      DUB
  GOJ     11251   122272300    76.1     1351.83      46.6     221.4     6950.19     7362560    37.0      357.21      70.3     253.4    25359.97   +278.4      STO
  ADB     10796   179902400    79.9     1918.03      34.8     128.6     5732.70     6307840    41.0      317.86      51.2     143.7    32050.24   +503.4      FCO
  MMX     10209    15437300    77.2      249.73      24.1     107.4      143.71     3584000    64.0      182.84      27.7     116.4     1500.35    +36.6      CPH
  KWI      9461   173080000    74.8     1856.92      50.9     184.3    15212.46     5601280    32.0      313.21     119.5     224.3   174867.85   +492.9      VIE
  OPO      9170   281274100    77.8     2944.47      25.8     111.7      408.08     6154240    31.0      314.61      32.8     122.4     3876.13   +835.9      MAD
  EMA      8974   509961900    84.9     5245.44      20.9      81.2        0.00     6072320    28.0      319.11      28.6     105.2      668.36  +1543.8      LON
  CEK      7320   122272300    76.1     1314.42      45.5     205.8    17926.17     5027840    30.0      255.22      68.8     233.3    68206.38   +415.0      STO
  VNO      6650   122272300    76.1     1308.04      30.5     150.5     1164.82     4761600    29.0      236.49      47.1     170.4     7979.79   +453.1      STO
  DUR      6432   179902400    79.9     1883.02      21.3     212.2     1336.07     3778560    33.0      210.07     163.3     274.3   244150.11   +796.4      FCO
  SVG      5273    15437300    77.2      204.97      19.9     100.7        0.00     2273280    60.0      107.13      26.6     113.1      157.16    +91.3      CPH
  PEE      5270   122272300    76.1     1294.90      35.3     183.8     2178.68     4055040    26.0      196.57      65.9     216.5    19688.28   +558.7      STO
---------------------------------------------------------------------------------------------------------------------------------------------------------------------------------
  (no local disk — traffic served by neighbouring metros, Traffic column = client Mbps)
---------------------------------------------------------------------------------------------------------------------------------------------------------------------------------
  FIH     38341           0     0.0        0.00     122.3     317.5   757267.72           0     0.0        0.00     152.1     350.3  1276735.85     +0.0        -
  STR     27854           0     0.0        0.00      28.9     110.0     1641.30           0     0.0        0.00      33.9     119.0     6184.84     +0.0        -
  KUF     26766           0     0.0        0.00      62.2     202.7    83551.27           0     0.0        0.00      64.3     205.6    92541.44     +0.0        -
  SVQ     17690           0     0.0        0.00      30.6     121.5     2134.98           0     0.0        0.00      32.2     126.2     3145.38     +0.0        -
  BRS     15559           0     0.0        0.00      22.1      89.5        0.00           0     0.0        0.00      24.6     100.9       12.35     +0.0        -
  RTM     14729           0     0.0        0.00      22.0      92.2        0.00           0     0.0        0.00      25.6     104.6       80.20     +0.0        -
  PSA     11389           0     0.0        0.00      32.7     123.9     2146.20           0     0.0        0.00      35.4     129.4     3526.86     +0.0        -
  LIL      7256           0     0.0        0.00      18.6      93.2        0.00           0     0.0        0.00      20.9     103.5        0.00     +0.0        -
  KZN      5730           0     0.0        0.00      48.7     226.1     8379.67           0     0.0        0.00      71.8     257.2    27972.09     +0.0        -
  BIO      5484           0     0.0        0.00      23.3     103.8        0.00           0     0.0        0.00      24.5     109.6       53.20     +0.0        -
---------------------------------------------------------------------------------------------------------------------------------------------------------------------------------
TOTAL   6218684                       264449.39                      34686151.32                       111621.25                      51601932.47   +136.9         
---------------------------------------------------------------------------------------------------------------------------------------------------------------------------------
