# 9184736256 20379143078150144 950340 429411300 907596960401600 0 0
0 1280644480 13.9 825544924987392 4.1
1737900 2159964160 23.5 2550602030645248 12.5
3228000 2630733152 28.6 3643013205065728 17.9
4605800 2957699232 32.2 4467276015206400 21.9
5909000 3207596832 34.9 5129727610191872 25.2
7151100 3410727232 37.1 5686212731863040 27.9
8333800 3582383136 39.0 6163931777204224 30.2
9465000 3731627728 40.6 6583863211982848 32.3
10560200 3863279928 42.1 6956709658492928 34.1
11609300 3981409432 43.3 7292384639451136 35.8
12639600 4088206328 44.5 7596225859682304 37.3
13627700 4186361528 45.6 7874840774049792 38.6
14586400 4277074432 46.6 8132736917176320 39.9
15529900 4361574136 47.5 8371949768015872 41.1
16430900 4440320728 48.3 8594142015782912 42.2
17343100 4513693528 49.1 8802137987350528 43.2
18240100 4581770232 49.9 8995905587904512 44.1
19123300 4645467432 50.6 9177909105262592 45.0
19968600 4705549932 51.2 9349411125592064 45.9
20834200 4762366932 51.9 9512070647119872 46.7
21680700 4816370032 52.4 9667089237278720 47.4
21685100 4816445132 52.4 9667116515391488 47.4
23289400 4916699732 53.5 9953322633459712 48.8
23297500 4916852432 53.5 9953382058399744 48.8
24838700 5008425728 54.5 10213135070238720 50.1
24843300 5008567128 54.5 10213191766181888 50.1
26329400 5093406024 55.5 10453188314335232 51.3
27790200 5172209528 56.3 10673123674228736 52.4
27798200 5172261328 56.3 10673152364535808 52.4
29210000 5246077920 57.1 10878029837524992 53.4
29213800 5246199320 57.1 10878077929234432 53.4
30609600 5314690824 57.9 11066952001757184 54.3
30614300 5314819524 57.9 11067003030421504 54.3
32023000 5378282424 58.6 11243419634188288 55.2
32028100 5378390024 58.6 11243466293698560 55.2
33372000 5438221624 59.2 11407879116533336 56.0
34652900 5494715324 59.8 11563390846842744 56.7
35868000 5548331524 60.4 11709471693944696 57.5
35876800 5548380324 60.4 11709499832645496 57.5
37725600 5624183732 61.2 11916124635903864 58.5
37729900 5624333432 61.2 11916192927688568 58.5
39463600 5624334232 61.2 11916193002363968 58.5
39463700 5695373728 62.0 12107695761888624 59.4
41285000 5761118628 62.7 12285094050895216 60.3
41298900 5761168728 62.7 12285114715283416 60.3
43038500 5822385028 63.4 12448527231819736 61.1
43050700 5822510128 63.4 12448586460117512 61.1
44642500 5880069728 64.0 12603257325697544 61.8
44651200 5880183128 64.0 12603310469761544 61.8
44662200 5880229928 64.0 12603331796750856 61.8
46199000 5934782728 64.6 12748482481443336 62.6
46201400 5934897428 64.6 12748545142542856 62.6
47770000 5935034528 64.6 12748619110068744 62.6
47772700 5987230128 65.2 12885714013172232 63.2
49882400 6051715628 65.9 13056087715394056 64.1
49900500 6051787028 65.9 13056116038005256 64.1
49900600 6051788028 65.9 13056116064627256 64.1
51962200 6112100028 66.5 13215061630626360 64.8
51968100 6112102128 66.5 13215061726414856 64.8
51968200 6112257628 66.5 13215128678316040 64.8
53831300 6168819028 67.2 13362864295786504 65.6
53846200 6168953728 67.2 13362929102792712 65.6
53846300 6168954728 67.2 13362929166216612 65.6
53846500 6168955728 67.2 13362929229295012 65.6
55858600 6168956428 67.2 13362929261318812 65.6
55858700 6168957628 67.2 13362929345286812 65.6
55858800 6222214528 67.7 13500850064904860 66.2
57532900 6272338528 68.3 13630657918456476 66.9
57533000 6272338928 68.3 13630657924460576 66.9
57533100 6272340528 68.3 13630658024124080 66.9
57533400 6272340828 68.3 13630658038869680 66.9
57555400 6272471828 68.3 13630719484415664 66.9
59924700 6331140428 68.9 13781875070258864 67.6
59942200 6331141228 68.9 13781875151974064 67.6
59942300 6331171128 68.9 13781896512418328 67.6
61880300 6331321928 68.9 13781996321149464 67.6
61885600 6386665328 69.5 13923932877132312 68.3
61903300 6386689028 69.5 13923946801149304 68.3
61903500 6386690128 69.5 13923946842993904 68.3
64235500 6438360028 70.1 14056572421584112 69.0
64235700 6438361128 70.1 14056572462414312 69.0
64250100 6438497528 70.1 14056645345704424 69.0
64250200 6438498528 70.1 14056645403792624 69.0
64250300 6438498728 70.1 14056645404130324 69.0
66187900 6487252228 70.6 14180718251605012 69.6
66203200 6487252528 70.6 14180718280481812 69.6
66203300 6487253128 70.6 14180718314965612 69.6
66203400 6487284828 70.6 14180733170349676 69.6
66228400 6487362828 70.6 14180762463829612 69.6
68115600 6542489028 71.2 14320008751283820 70.3
68126700 6542567328 71.2 14320048532844140 70.3
68140700 6542595628 71.2 14320057515242092 70.3
68163300 6542598028 71.2 14320057652660684 70.3
68163500 6542627928 71.2 14320073125066188 70.3
70380100 6593879328 71.8 14449476253447628 70.9
70405300 6593880828 71.8 14449476359264332 70.9
70405400 6593881228 71.8 14449476454291532 70.9
70405700 6593947828 71.8 14449516833765452 70.9
72761800 6593948628 71.8 14449516875271852 70.9
72761900 6642480328 72.3 14570808781754028 71.5
72781500 6642524428 72.3 14570827874438828 71.5
72786500 6642583228 72.3 14570865115803308 71.5
72806700 6642583328 72.3 14570865125428908 71.5
72806800 6642609328 72.3 14570877310069420 71.5
75161100 6688168828 72.8 14684464900860588 72.1
75170600 6688193028 72.8 14684475129510184 72.1
75171000 6688193328 72.8 14684475139545384 72.1
75201300 6688215628 72.8 14684487173593384 72.1
75204500 6688216428 72.8 14684487217420584 72.1
75204800 6688285028 72.8 14684524503800104 72.1
77664000 6688307228 72.8 14684539321694504 72.1
77664300 6688307528 72.8 14684539330705704 72.1
77668400 6688329028 72.8 14684551953225000 72.1
77691000 6688374128 72.8 14684576316966184 72.1
77691100 6688374628 72.8 14684576343525284 72.1
77693800 6688394628 72.8 14684588214757284 72.1
77703100 6738125028 73.4 14808832181446564 72.7
80029300 6738169328 73.4 14808853318854564 72.7
80052800 6785009128 73.9 14925150979357804 73.2
80052900 6785009728 73.9 14925151040388204 73.2
80087300 6785025828 73.9 14925157213341804 73.2
80097500 6785082128 73.9 14925182375805036 73.2
80097700 6785082728 73.9 14925182440726636 73.2
82452700 6785219428 73.9 14925258508517484 73.2
82476200 6785219528 73.9 14925258519371884 73.2
82476300 6828925928 74.4 15033343968591980 73.8
82476400 6828926428 74.4 15033343995967180 73.8
82476600 6828927328 74.4 15033344046487880 73.8
82476700 6828927928 74.4 15033344089495880 73.8
84909800 6876025028 74.9 15148964391000392 74.3
84920600 6876058328 74.9 15148983713675592 74.3
84949000 6876094628 74.9 15149003184746824 74.3
84949300 6876095328 74.9 15149003241004324 74.3
84969200 6876095528 74.9 15149003241349024 74.3
84969700 6876116428 74.9 15149013073971104 74.3
84972800 6876159228 74.9 15149037463332768 74.3
87157400 6876159428 74.9 15149037472548768 74.3
87157900 6876221628 74.9 15149069873368992 74.3
87169900 6876222328 74.9 15149069937676192 74.3
87170000 6876246828 74.9 15149084073586592 74.3
87193500 6920317428 75.3 15256841791532960 74.9
87194500 6920333528 75.3 15256850348896160 74.9
87219000 6920374528 75.3 15256873868332960 74.9
87222800 6920429428 75.3 15256903519686560 74.9
89977500 6920475128 75.3 15256925134808992 74.9
90014700 6920476228 75.3 15256925223077792 74.9
90015100 6920497328 75.3 15256933369612192 74.9
90033900 6966997428 75.9 15370280593229728 75.4
90034000 6966998328 75.9 15370280646347228 75.4
90034300 6966998628 75.9 15370280664705128 75.4
90052600 6967058428 75.9 15370309544083560 75.4
92822800 6967100928 75.9 15370328019910760 75.4
92883400 6967121328 75.9 15370338055110760 75.4
92891600 6967135128 75.9 15370346077536360 75.4
92906300 7010486228 76.3 15475550739415144 75.9
92923400 7010519428 76.3 15475568793495656 75.9
92926300 7010531628 76.3 15475574776522856 75.9
92926900 7010532128 76.3 15475574794482556 75.9
92963100 7010584828 76.3 15475609934840700 75.9
95456700 7010633828 76.3 15475643977182076 75.9
95465900 7010679628 76.3 15475667320970108 75.9
95469200 7055736628 76.8 15584304735460220 76.5
95469700 7055736828 76.8 15584304746519420 76.5
95502800 7055771628 76.8 15584320946637692 76.5
95503400 7055772228 76.8 15584320995103892 76.5
95506700 7055772428 76.8 15584321019270292 76.5
95507000 7055783228 76.8 15584326326181012 76.5
98270700 7055814328 76.8 15584345299733652 76.5
98310500 7055849728 76.8 15584365944124564 76.5
98312100 7097972228 77.3 15686139606611092 77.0
98341900 7097997728 77.3 15686159433503892 77.0
98355400 7098031228 77.3 15686183625913492 77.0
98372500 7098055228 77.3 15686198216479892 77.0
100799800 7098146228 77.3 15686252898079892 77.0
100879200 7098207028 77.3 15686283122435220 77.0
100879300 7141169028 77.8 15789648699450516 77.5
100879400 7141169628 77.8 15789648728941716 77.5
100921200 7141170128 77.8 15789648746743616 77.5
100921300 7141201228 77.8 15789672106782528 77.5
103120700 7141223828 77.8 15789683292548928 77.5
103152200 7141261228 77.8 15789703297687360 77.5
103155000 7181343928 78.2 15885783679033152 78.0
103172000 7181376128 78.2 15885800214993728 78.0
103211400 7181416328 78.2 15885828164764480 78.0
103237100 7181437528 78.2 15885841109206848 78.0
106376500 7222306928 78.6 15983238049023808 78.4
106376900 7222307428 78.6 15983238073395008 78.4
106425900 7222332028 78.6 15983249222624064 78.4
106466300 7222333228 78.6 15983249281656764 78.4
106466500 7222357528 78.6 15983266826463164 78.4
106480300 7222411128 78.6 15983298629429180 78.4
109181200 7222456228 78.6 15983320940341180 78.4
109229800 7222533328 78.6 15983351632687036 78.4
109252500 7222561528 78.6 15983365492936636 78.4
109258400 7222591328 78.6 15983387855663036 78.4
109284600 7260868528 79.1 16073800146857916 78.9
109286700 7260896828 79.1 16073812901309372 78.9
109295700 7260923628 79.1 16073834190941116 78.9
112304400 7260924128 79.1 16073834234973116 78.9
112305000 7260950628 79.1 16073852360494012 78.9
112345900 7299631628 79.5 16165055378656188 79.3
112356700 7299652328 79.5 16165075127724988 79.3
112377400 7299695728 79.5 16165105273633724 79.3
112413200 7299735828 79.5 16165130499662780 79.3
112464500 7299762328 79.5 16165141783240636 79.3
115236300 7299791828 79.5 16165166451195836 79.3
115236600 7299792628 79.5 16165166493319736 79.3
115270700 7335805028 79.9 16250316132565560 79.7
115281400 7335845128 79.9 16250341809445432 79.7
115306200 7335876328 79.9 16250361323403832 79.7
115348100 7335895228 79.9 16250374395378232 79.7
115348200 7335896228 79.9 16250374434155832 79.7
117323800 7335915028 79.9 16250382403046200 79.7
117376100 7335937928 79.9 16250394138883896 79.7
117423800 7372149128 80.3 16335431085569848 80.2
117443700 7372149728 80.3 16335431109851448 80.2
117444200 7372161228 80.3 16335437038327608 80.2
117463600 7372198728 80.3 16335457291884344 80.2
117553900 7372225228 80.3 16335470782469944 80.2
120100600 7372252028 80.3 16335488646477624 80.2
120107300 7408756628 80.7 16420563476117304 80.6
120216400 7408757228 80.7 16420563489095604 80.6
120217200 7408775328 80.7 16420573381280692 80.6
120256000 7408775528 80.7 16420573400736692 80.6
120256300 7408803928 80.7 16420585966975924 80.6
120312500 7408832628 80.7 16420601873371060 80.6
123835700 7408847928 80.7 16420609119809460 80.6
123881500 7408848428 80.7 16420609173262260 80.6
123881900 7445047628 81.1 16505283723694004 81.0
123916200 7445067928 81.1 16505294722273204 81.0
123916500 7445068528 81.1 16505294759825204 81.0
123917000 7445107228 81.1 16505311622585140 81.0
123926800 7445133028 81.1 16505325739449140 81.0
124052100 7445234328 81.1 16505369144142644 81.0
125692900 7445339928 81.1 16505431455132468 81.0
125694900 7479040228 81.4 16583776582724404 81.4
125781000 7479041328 81.4 16583776670174004 81.4
125781100 7479042228 81.4 16583776719186804 81.4
125781300 7479062428 81.4 16583790639647604 81.4
125781700 7479063528 81.4 16583790744846804 81.4
128701700 7479086328 81.4 16583803937653204 81.4
128758700 7512735928 81.8 16662077636248020 81.8
128761900 7512776328 81.8 16662103423566292 81.8
128801100 7512783628 81.8 16662106831570388 81.8
128816700 7512808628 81.8 16662129951165908 81.8
128828900 7512816228 81.8 16662134788472276 81.8
128829300 7512817028 81.8 16662134829832676 81.8
128829400 7512836928 81.8 16662146273442276 81.8
128910500 7512870528 81.8 16662166773922276 81.8
130998800 7512909128 81.8 16662192382759396 81.8
131031200 7512931528 81.8 16662205616935396 81.8
131054100 7512968028 81.8 16662238027215332 81.8
131054300 7512968428 81.8 16662238029748932 81.8
131058100 7512984928 81.8 16662246295886532 81.8
131140800 7513006128 81.8 16662257352116932 81.8
131144000 7513006828 81.8 16662257404674932 81.8
131144100 7545960628 82.2 16738428842607476 82.1
131165500 7545960928 82.2 16738428846908276 82.1
131166300 7545970728 82.2 16738437997167476 82.1
134253100 7545986228 82.2 16738445375423348 82.1
134269700 7546001228 82.2 16738454330098548 82.1
134337600 7546001728 82.2 16738454373311348 82.1
134337700 7546008128 82.2 16738459036812148 82.1
134368800 7546022028 82.2 16738465120882548 82.1
134375700 7546022428 82.2 16738465154403948 82.1
134376400 7578878328 82.5 16814773167263340 82.5
134419500 7578923028 82.5 16814805298947692 82.5
134428300 7578961928 82.5 16814825447046764 82.5
137659800 7578989628 82.5 16814843594370668 82.5
137719100 7611576628 82.9 16889934646701676 82.9
137739900 7611604128 82.9 16889949907373676 82.9
137746400 7611661928 82.9 16889991045070444 82.9
137804600 7611677728 82.9 16890003524021868 82.9
137923200 7611695128 82.9 16890015437634156 82.9
140861500 7611726628 82.9 16890035207451244 82.9
140922400 7611735528 82.9 16890041362509420 82.9
140930500 7611736128 82.9 16890041408933420 82.9
140930600 7611736628 82.9 16890041436171820 82.9
140930700 7643948728 83.2 16965062535900716 83.2
140930800 7643949628 83.2 16965062609975316 83.2
140984800 7644031328 83.2 16965120715610132 83.2
143454600 7675694228 83.6 17037775925893140 83.6
143491800 7675712828 83.6 17037787604408340 83.6
143558400 7675713328 83.6 17037787633629840 83.6
143558500 7675733528 83.6 17037801438788240 83.6
143572000 7675776528 83.6 17037826740320912 83.6
143591900 7675803528 83.6 17037845588603536 83.6
143627700 7675820028 83.6 17037861222216336 83.6
143659500 7675831228 83.6 17037866383106704 83.6
146039600 7707000728 83.9 17109741343793808 84.0
146106700 7707013028 83.9 17109750089573008 84.0
146114600 7707029928 83.9 17109763372081808 84.0
146151100 7707035928 83.9 17109767071793808 84.0
146211700 7707059928 83.9 17109779704201872 84.0
146238000 7707096528 83.9 17109811726537360 84.0
146246300 7707131128 83.9 17109839607126672 84.0
146291000 7707160928 83.9 17109855484582544 84.0
150756100 7707178328 83.9 17109861380364944 84.0
150791900 7738149928 84.3 17181298757704336 84.3
150809000 7738181128 84.3 17181314047799952 84.3
150832800 7738198028 84.3 17181323812683408 84.3
150889600 7738218228 84.3 17181332552868496 84.3
150894800 7738255628 84.3 17181358089585296 84.3
150952500 7738294628 84.3 17181390648240784 84.3
152729200 7738317528 84.3 17181404789885584 84.3
152766900 7738340328 84.3 17181425782977168 84.3
152783600 7738358328 84.3 17181435735233168 84.3
152841900 7738378028 84.3 17181448558661264 84.3
152853200 7768871328 84.6 17251938484670096 84.7
152855200 7768888628 84.6 17251947566861968 84.7
152860000 7768902328 84.6 17251953739670672 84.7
152932000 7768916428 84.6 17251963751303312 84.7
153039000 7768936728 84.6 17251972788389008 84.7
156173600 7768959328 84.6 17251987763077264 84.7
156193800 7768996028 84.6 17252009044050064 84.7
156220000 7769007628 84.6 17252014065541264 84.7
156234200 7769037228 84.6 17252038473400464 84.7
156254500 7800209428 84.9 17324698079314064 85.0
156256100 7800239528 84.9 17324720465733776 85.0
156310700 7800255928 84.9 17324734351378576 85.0
156332600 7800278828 84.9 17324744730712208 85.0
156334500 7800298228 84.9 17324756189965456 85.0
159800400 7800312128 84.9 17324766918618256 85.0
159830500 7800333028 84.9 17324778690659472 85.0
159834600 7800333328 84.9 17324778712920172 85.0
159835200 7800353328 84.9 17324796875198572 85.0
159867400 7830916428 85.3 17395587859959916 85.4
159884100 7830934528 85.3 17395599057950828 85.4
159932600 7830955628 85.3 17395615401134188 85.4
159949300 7830979428 85.3 17395627839457388 85.4
160038200 7831000028 85.3 17395643265402988 85.4
162382500 7831028728 85.3 17395671705159788 85.4
162452500 7861284228 85.6 17466303616747628 85.7
162532900 7861323928 85.6 17466329950410860 85.7
162564400 7861360328 85.6 17466351170967660 85.7
162572600 7861394528 85.6 17466372915548268 85.7
162606600 7861410028 85.6 17466385807913068 85.7
162688000 7861434028 85.6 17466400195661932 85.7
162720000 7861446528 85.6 17466407739395692 85.7
166667400 7861490728 85.6 17466435408899692 85.7
166674000 7861513428 85.6 17466454598454892 85.7
166718900 7891930728 85.9 17537306090245740 86.1
166726900 7891960328 85.9 17537318717804140 86.1
166824300 7891976128 85.9 17537326110393964 86.1
166849600 7891995428 85.9 17537340635694700 86.1
166928400 7892046428 85.9 17537376504460908 86.1
166964700 7892082228 85.9 17537395569229420 86.1
170555600 7892112728 85.9 17537414837223020 86.1
170556000 7892113228 85.9 17537414885351020 86.1
170646000 7892144828 85.9 17537438541280876 86.1
170651900 7922103428 86.3 17606829387675244 86.4
170660100 7922119528 86.3 17606834575811180 86.4
170719900 7922120228 86.3 17606834630355380 86.4
170720200 7922168428 86.3 17606863250745780 86.4
170759600 7922233928 86.3 17606903072319924 86.4
175937400 7952287528 86.6 17676513159178676 86.7
176018100 7952307628 86.6 17676521421495220 86.7
176019000 7952347828 86.6 17676547256519604 86.7
176070900 7952390628 86.6 17676570662497204 86.7
176071500 7952391528 86.6 17676570719504804 86.7
176100100 7952420328 86.6 17676592802976164 86.7
176163800 7952436928 86.6 17676602443514276 86.7
176289700 7952456528 86.6 17676616571375012 86.7
176337100 7952502628 86.6 17676646531157412 86.7
180917200 7952537828 86.6 17676670953074084 86.7
180932900 7952567028 86.6 17676687387045284 86.7
180965500 7952589228 86.6 17676707010366884 86.7
180983200 7952611528 86.6 17676720508253604 86.7
181029100 7952627328 86.6 17676734228951460 86.7
181156300 7952653128 86.6 17676753345970596 86.7
181162400 7952673528 86.6 17676765938303396 86.7
181173200 7952696028 86.6 17676778541490596 86.7
181285500 7982897428 86.9 17747053735911844 87.1
185537200 7982929528 86.9 17747073455899044 87.1
185619300 8012269228 87.2 17815085034783140 87.4
185632500 8012332728 87.2 17815158951936420 87.4
185659700 8012386028 87.2 17815201545261476 87.4
185684000 8012430428 87.2 17815236731470244 87.4
185740100 8012460428 87.2 17815253779914908 87.4
185791300 8012466628 87.2 17815256521497500 87.4
185798800 8012483028 87.2 17815267896565660 87.4
190837000 8012510228 87.2 17815288636186524 87.4
190841900 8012533628 87.2 17815306879307676 87.4
190872300 8041701528 87.6 17882608874229660 87.7
191022200 8041744028 87.6 17882639584317340 87.7
191024500 8041771028 87.6 17882658648944540 87.7
191034000 8041801528 87.6 17882687039551388 87.7
191050300 8041832528 87.6 17882707988465564 87.8
191179100 8041838828 87.6 17882711379408284 87.8
195470800 8070937628 87.9 17949882574960028 88.1
195595800 8070963428 87.9 17949898636448156 88.1
195624500 8070978228 87.9 17949909127328156 88.1
195627000 8071007528 87.9 17949929578725788 88.1
195634000 8071066928 87.9 17949979643781532 88.1
195721400 8071075428 87.9 17949984873081756 88.1
195750400 8071127328 87.9 17950033141775260 88.1
195871300 8071146228 87.9 17950043499125660 88.1
202312000 8100196228 88.2 18017256553831324 88.4
202395100 8100245228 88.2 18017290188880796 88.4
202433000 8100274828 88.2 18017311633693596 88.4
202475000 8100306528 88.2 18017331947942812 88.4
202483800 8100341128 88.2 18017351480200092 88.4
202545300 8100351628 88.2 18017359030700956 88.4
202562700 8100367728 88.2 18017370926508956 88.4
202648100 8100393428 88.2 18017396714591356 88.4
209870100 8100422028 88.2 18017416915383420 88.4
209887800 8129615728 88.5 18084956383409276 88.7
209996900 8129686128 88.5 18084987974964348 88.7
210035800 8129700228 88.5 18084997103097980 88.7
210040000 8129720128 88.5 18085008503138428 88.7
210048300 8129739628 88.5 18085021048905852 88.7
210072600 8129763428 88.5 18085039941632124 88.7
210077800 8129794028 88.5 18085062903668860 88.7
210080700 8129819828 88.5 18085082836361340 88.7
216211400 8159360228 88.8 18153978570334332 89.1
216282800 8159403928 88.8 18154012995166332 89.1
216323600 8159465828 88.8 18154059696894076 89.1
216416600 8159515528 88.8 18154095145869436 89.1
216436400 8159523728 88.8 18154100024205436 89.1
216467900 8159524528 88.8 18154100082969436 89.1
216468000 8159551028 88.8 18154127354956636 89.1
216468300 8159551528 88.8 18154127390182236 89.1
224509400 8159665428 88.8 18154231173008220 89.1
224536100 8159686128 88.8 18154245137090396 89.1
224628000 8189097428 89.2 18222703245772636 89.4
224664800 8189102128 89.2 18222707398158684 89.4
224686300 8189144728 89.2 18222743145130332 89.4
224695900 8189169828 89.2 18222761416499548 89.4
224754600 8189215428 89.2 18222798305218908 89.4
224800700 8189258828 89.2 18222829048250716 89.4
232685300 8219804928 89.5 18294472298807644 89.8
232716800 8219805828 89.5 18294472352799444 89.8
232717200 8219862028 89.5 18294516797418196 89.8
232728000 8219866228 89.5 18294518442922964 89.8
232800500 8219910828 89.5 18294556131615700 89.8
232800800 8219911528 89.5 18294556208340804 89.8
232860000 8219998128 89.5 18294631238393668 89.8
232862300 8220028728 89.5 18294655423082308 89.8
240714500 8220056028 89.5 18294676085692228 89.8
240770800 8250934128 89.8 18367562737669956 90.1
240834700 8250986328 89.8 18367599834322756 90.1
240974400 8250986628 89.8 18367599839033156 90.1
240975000 8250987228 89.8 18367599871177756 90.1
240975200 8250987528 89.8 18367599897392156 90.1
240975800 8251021228 89.8 18367637536695324 90.1
240977000 8251037128 89.8 18367650920784924 90.1
240996400 8251098728 89.8 18367702088082460 90.1
250332400 8251099228 89.8 18367702124741660 90.1
250332800 8282967528 90.2 18444056593712156 90.5
250333400 8282968228 90.2 18444056645247656 90.5
250447800 8283003728 90.2 18444088431026856 90.5
250466500 8283004328 90.2 18444088480307056 90.5
250467100 8283034128 90.2 18444112552814448 90.5
250467400 8283034328 90.2 18444112560596848 90.5
250532200 8283225328 90.2 18444273382631280 90.5
260363300 8283502328 90.2 18444505140520816 90.5
260476100 8283503228 90.2 18444505214248816 90.5
260476800 8283504228 90.2 18444505287773120 90.5
260477300 8316000028 90.5 18522657066339264 90.9
260477800 8316000228 90.5 18522657086819264 90.9
260538800 8316034428 90.5 18522684486216640 90.9
260539800 8316035028 90.5 18522684517346240 90.9
260590200 8316119428 90.5 18522764717370304 90.9
260828000 8316161728 90.5 18522792074013632 90.9
271016700 8316246728 90.5 18522857532373952 90.9
271018700 8349544328 90.9 18603120614521792 91.3
271200300 8349596528 90.9 18603160677628864 91.3
271201500 8349597228 90.9 18603160717155264 91.3
271205300 8349635328 90.9 18603185914649536 91.3
271245900 8349671028 90.9 18603209491729344 91.3
271247300 8349725528 90.9 18603245154913216 91.3
271280800 8349738828 90.9 18603255292785600 91.3
271298000 8349783428 90.9 18603284706931648 91.3
282818300 8383106528 91.3 18683821014430656 91.7
282819700 8383107228 91.3 18683821044117356 91.7
283005500 8383138228 91.3 18683850049392492 91.7
283046300 8383217428 91.3 18683900801449836 91.7
283051500 8383263728 91.3 18683933083664236 91.7
283069000 8383311428 91.3 18683965037786988 91.7
283070700 8383312428 91.3 18683965092048188 91.7
283113000 8383382928 91.3 18684023517740348 91.7
283270100 8383471928 91.3 18684108842892604 91.7
293397900 8415338228 91.6 18760577975745852 92.1
293707600 8415353528 91.6 18760593434734908 92.1
293707700 8415354328 91.6 18760593543830108 92.1
293744100 8415416428 91.6 18760649219734108 92.1
293826000 8415448728 91.6 18760682867554908 92.1
293846600 8415626428 91.6 18760840677833308 92.1
304166500 8415666528 91.6 18760873129638492 92.1
304166600 8415667228 91.6 18760873179339092 92.1
304210600 8443867628 91.9 18827636986337620 92.4
304254100 8443868228 91.9 18827637018211520 92.4
304255200 8443868728 91.9 18827637051798720 92.4
304256400 8443931528 91.9 18827692202185920 92.4
304256900 8443932028 91.9 18827692203073120 92.4
304373400 8444053428 91.9 18827799326187104 92.4
304472000 8444077928 91.9 18827817453917792 92.4
313239100 8444124628 91.9 18827858550445664 92.4
313274700 8444225928 91.9 18827939367663200 92.4
313429500 8468828628 92.2 18884701584143968 92.7
313429600 8468829628 92.2 18884701637121768 92.7
313581100 8468842828 92.2 18884715577380584 92.7
313600600 8468853628 92.2 18884724591448808 92.7
313810800 8468885728 92.2 18884755800771304 92.7
313875200 8468937128 92.2 18884806876805864 92.7
321445200 8490133028 92.4 18932864893270760 92.9
321481600 8490167128 92.4 18932900303600360 92.9
321482900 8490167728 92.4 18932900337187560 92.9
321543800 8490222028 92.4 18932957649513192 92.9
321582100 8490292628 92.4 18933021040487144 92.9
321599100 8490293128 92.4 18933021052073044 92.9
321602300 8490344928 92.4 18933066512757844 92.9
321893800 8490387528 92.4 18933112765944916 92.9
328822400 8508792028 92.6 18973875344249940 93.1
328839600 8508823928 92.6 18973908268852308 93.1
328875700 8508851428 92.6 18973926795746388 93.1
328932300 8508851828 92.6 18973926815947988 93.1
328932600 8508895328 92.6 18973970807815380 93.1
328981100 8508955328 92.6 18974026952916180 93.1
329162600 8508975428 92.6 18974044624225492 93.1
329231500 8509003228 92.6 18974065013220564 93.1
329323600 8509038928 92.6 18974100533658836 93.1
335106400 8509095728 92.6 18974140591301844 93.1
335178200 8509120228 92.6 18974161802101972 93.1
335291200 8509137128 92.6 18974172661556436 93.1
335336600 8509163328 92.6 18974187851844820 93.1
335342600 8525445928 92.8 19009747790302420 93.3
335477500 8525460728 92.8 19009760915934420 93.3
335629700 8525489728 92.8 19009781669547220 93.3
335761300 8525529628 92.8 19009809374069972 93.3
335764300 8525550528 92.8 19009831606338772 93.3
340286100 8525570828 92.8 19009844806853844 93.3
340406400 8540523328 93.0 19041692945654996 93.4
340522800 8540555428 93.0 19041718267331796 93.4
340589300 8540570128 93.0 19041735320213716 93.4
340614400 8540580728 93.0 19041742976579796 93.4
340643000 8540586928 93.0 19041748107843796 93.4
340657200 8540621528 93.0 19041785430821076 93.4
340838300 8540684528 93.0 19041842920454356 93.4
340972100 8540731128 93.0 19041883935135956 93.4
345610800 8540753728 93.0 19041904662329556 93.4
345684500 8540794828 93.0 19041923059669204 93.4
345712700 8554982228 93.1 19072090930927828 93.6
345724000 8555009528 93.1 19072118962854100 93.6
345780900 8555039028 93.1 19072146543335636 93.6
345821000 8555065128 93.1 19072167884243156 93.6
345859600 8555084328 93.1 19072184067267796 93.6
345985700 8555116028 93.1 19072212023751892 93.6
346110700 8555139028 93.1 19072236781057236 93.6
349276500 8569135728 93.3 19102033083118804 93.7
349353100 8569158828 93.3 19102054251861204 93.7
349522400 8569163928 93.3 19102058390588372 93.7
349598100 8569207328 93.3 19102108041202644 93.7
349682200 8569241028 93.3 19102133531141076 93.7
349695200 8569267428 93.3 19102150613051348 93.7
349822000 8569278828 93.3 19102159320927188 93.7
350066900 8569330228 93.3 19102194577247188 93.7
350144000 8569356228 93.3 19102218744196052 93.7
354610600 8569382328 93.3 19102240129063892 93.7
354682100 8569400328 93.3 19102256592322516 93.7
354703500 8583414628 93.5 19131860017217492 93.9
354790600 8583437228 93.5 19131884846632916 93.9
354823500 8583465328 93.5 19131906171563988 93.9
354909400 8583506728 93.5 19131932816863188 93.9
354949400 8583544528 93.5 19131962078009300 93.9
355010000 8583592228 93.5 19132005980149716 93.9
355333900 8583620428 93.5 19132028343752660 93.9
362750000 8598349928 93.6 19163723438692308 94.0
362765800 8598391028 93.6 19163768580802516 94.0
362799300 8598431128 93.6 19163802658074580 94.0
362804300 8598458828 93.6 19163836304181204 94.0
363040800 8598485328 93.6 19163864630274004 94.0
363115600 8598512228 93.6 19163899562797012 94.0
363131800 8598522828 93.6 19163911855502292 94.0
363133300 8598523428 93.6 19163911880962592 94.0
363135100 8598554328 93.6 19163943653978656 94.0
370575700 8598604128 93.6 19163985396314656 94.0
370719500 8614589428 93.8 19199084129104416 94.2
370779700 8614615628 93.8 19199105958507040 94.2
370799100 8614688428 93.8 19199165928366624 94.2
370810900 8614740728 93.8 19199205980348960 94.2
370889900 8614798228 93.8 19199261324886560 94.2
370892700 8614798428 93.8 19199261325296160 94.2
370923700 8614864428 93.8 19199327724110368 94.2
371081500 8614872228 93.8 19199333258552864 94.2
381291400 8614935028 93.8 19199394519623200 94.2
381291800 8614936328 93.8 19199394616838496 94.2
381351100 8632671128 94.0 19239488073632096 94.4
381399500 8632726528 94.0 19239533294868832 94.4
381616700 8632745428 94.0 19239547383128416 94.4
381630000 8632804528 94.0 19239608790384992 94.4
381643700 8632921328 94.0 19239704377614688 94.4
381670000 8632943428 94.0 19239718250291552 94.4
381728000 8632989228 94.0 19239756176679264 94.4
393075600 8633037228 94.0 19239803866730848 94.4
393383200 8653139728 94.2 19286487820816736 94.6
393397000 8653206828 94.2 19286548564013408 94.6
393434700 8653207428 94.2 19286548606947408 94.6
393435100 8653231128 94.2 19286588597153872 94.6
393435400 8653231628 94.2 19286588628823672 94.6
393438000 8653232328 94.2 19286588647928672 94.6
393692400 8653250928 94.2 19286605679432544 94.6
393753600 8653428428 94.2 19286760495223648 94.6
407185300 8653504828 94.2 19286835259511648 94.6
407302100 8653562028 94.2 19286890888278880 94.6
407561700 8674868028 94.4 19337510429111136 94.9
407615900 8674868428 94.4 19337510452663136 94.9
407616500 8674870528 94.4 19337511497621344 94.9
407619200 8674870828 94.4 19337511623982944 94.9
407652900 8675015528 94.5 19337649577181024 94.9
408050300 8675065928 94.5 19337698624147296 94.9
408252800 8675118028 94.5 19337744137604960 94.9
420934800 8675154728 94.5 19337771607764832 94.9
421151000 8675175128 94.5 19337787772093280 94.9
421234100 8675201828 94.5 19337813577507680 94.9
421302800 8693322528 94.6 19379726393353056 95.1
421306000 8693381728 94.7 19379779728368480 95.1
421307000 8693382028 94.7 19379779737239280 95.1
421453800 8693409428 94.7 19379813555519216 95.1
421483100 8693456528 94.7 19379844197836528 95.1
421570300 8693512528 94.7 19379892303836912 95.1
431827900 8693543728 94.7 19379918907766512 95.1
431828500 8693577128 94.7 19379966127273712 95.1
431942200 8707822728 94.8 19411899588703984 95.3
431962300 8707862028 94.8 19411934400333552 95.3
432129300 8707874428 94.8 19411943773269744 95.3
432141700 8707889328 94.8 19411955944050416 95.3
432222200 8707893328 94.8 19411958663589616 95.3
432285700 8707943528 94.8 19412011949723376 95.3
432321600 8707996628 94.8 19412050306244336 95.3
438867300 8708033328 94.8 19412076811665136 95.3
438965700 8708084728 94.8 19412127167471344 95.3
439290800 8719758928 94.9 19437293670948592 95.4
439299400 8719782428 94.9 19437312826623728 95.4
439311100 8719807128 94.9 19437334751954672 95.4
439492000 8719838528 94.9 19437360149612272 95.4
439557200 8719838928 94.9 19437360176236272 95.4
439559900 8719879428 94.9 19437397709252336 95.4
439858200 8719939028 94.9 19437450461636336 95.4
444721400 8720023928 94.9 19437529928132336 95.4
444737200 8720085928 94.9 19437586325137136 95.4
445148200 8720155228 94.9 19437641434629872 95.4
445201600 8730502228 95.1 19459445324744432 95.5
445258800 8730502928 95.1 19459445326501532 95.5
445259500 8730518828 95.1 19459455548158620 95.5
445445600 8730568428 95.1 19459494552859292 95.5
449244900 8730661728 95.1 19459582919332508 95.5
449286800 8740662628 95.2 19480188809269916 95.6
449446000 8740680428 95.2 19480205029014172 95.6
449470800 8740724528 95.2 19480239024108188 95.6
449472600 8740725128 95.2 19480239069295988 95.6
449692500 8740835728 95.2 19480340272231796 95.6
449720400 8740847128 95.2 19480354499687796 95.6
449939800 8740888428 95.2 19480391541658996 95.6
457918100 8740935128 95.2 19480432877466996 95.6
458127000 8740996128 95.2 19480497558889844 95.6
458147700 8751717328 95.3 19503465913623924 95.7
458185500 8751724528 95.3 19503471051252084 95.7
458361300 8751758528 95.3 19503495533957492 95.7
458558700 8751791628 95.3 19503522299410804 95.7
458603700 8751832928 95.3 19503540733186420 95.7
458768100 8751936528 95.3 19503631515267444 95.7
470239500 8764727028 95.4 19531905914122612 95.8
470239800 8764727328 95.4 19531905932481912 95.8
470239900 8764762428 95.4 19531937066851704 95.8
470254800 8764763528 95.4 19531937147952504 95.8
470254900 8764765328 95.4 19531937241349512 95.8
470255500 8764766428 95.4 19531937310886712 95.8
470258500 8764840628 95.4 19532017268493112 95.8
470259200 8764840928 95.4 19532017276480312 95.8
470273000 8765073128 95.4 19532222978960184 95.8
485354900 8765121328 95.4 19532247351782200 95.8
485644300 8765180728 95.4 19532283834510136 95.8
485743400 8765181228 95.4 19532283864001336 95.8
485745000 8765251328 95.4 19532346132532024 95.8
485745600 8765251728 95.4 19532346166119224 95.8
485794100 8781064728 95.6 19569172943768376 96.0
485896900 8781090828 95.6 19569199191403320 96.0
486185500 8781284528 95.6 19569383726525240 96.0
499380100 8781345128 95.6 19569442980899640 96.0
500021200 8781346028 95.6 19569443115591736 96.0
500021600 8781374728 95.6 19569466999996472 96.0
500025600 8781375228 95.6 19569467036446072 96.0
500069400 8795307228 95.8 19601393780698488 96.2
500074300 8795311828 95.8 19601397624042104 96.2
500557900 8795436928 95.8 19601512606749304 96.2
500592100 8795523428 95.8 19601599433683576 96.2
500620400 8795562128 95.8 19601633531658872 96.2
509424000 8795563528 95.8 19601634345933880 96.2
509460200 8795563928 95.8 19601634359245880 96.2
509460300 8795576328 95.8 19601643967437880 96.2
509460500 8795577328 95.8 19601644045461080 96.2
509673200 8805453728 95.9 19623293031540312 96.3
509751500 8805455528 95.9 19623296445901144 96.3
509929300 8805618728 95.9 19623461023902040 96.3
510281700 8805664828 95.9 19623508332173656 96.3
517269200 8805697328 95.9 19623538498945368 96.3
517288700 8805769628 95.9 19623592456827224 96.3
517399000 8805772328 95.9 19623597225511768 96.3
517482500 8813447228 96.0 19639246190512984 96.4
517659700 8813462828 96.0 19639258647881560 96.4
517904800 8813489228 96.0 19639280093777752 96.4
518033000 8813603628 96.0 19639367355133784 96.4
518105500 8813636928 96.0 19639399926667096 96.4
518241800 8813683528 96.0 19639434620815192 96.4
524309500 8813683928 96.0 19639434629806492 96.4
524309800 8813804828 96.0 19639548904094108 96.4
524319300 8813869428 96.0 19639617085766044 96.4
524333700 8813915628 96.0 19639664609675676 96.4
524335300 8821488228 96.0 19655246300137884 96.4
524336900 8821488628 96.0 19655246312296984 96.4
524338600 8821489128 96.0 19655246325885784 96.4
524470300 8821492728 96.0 19655247666096984 96.4
525117600 8821566728 96.0 19655321459559256 96.4
538138900 8821589528 96.0 19655344272438104 96.4
538139100 8821590128 96.0 19655344353334104 96.4
538139600 8821591028 96.0 19655344419074904 96.4
538141400 8821591628 96.0 19655344454360304 96.4
538143200 8821592028 96.0 19655344528088304 96.4
538146000 8821592828 96.0 19655344582077104 96.4
538176500 8830586428 96.1 19674704010848944 96.5
558057100 8830686428 96.1 19674802986797744 96.5
558102100 8842039428 96.3 19700669500738224 96.7
558257300 8842039828 96.3 19700669562038624 96.7
558258900 8842412728 96.3 19701004718745952 96.7
558664700 8842416028 96.3 19701009451394912 96.7
558665200 8842416528 96.3 19701009477589412 96.7
558668800 8842417428 96.3 19701009514252912 96.7
559273200 8842628228 96.3 19701193245936240 96.7
570868100 8851753528 96.4 19721383067208304 96.8
571206300 8851754328 96.4 19721383161839304 96.8
571208500 8851771028 96.4 19721395190896328 96.8
571214500 8851771528 96.4 19721395214098828 96.8
571221200 8851844028 96.4 19721465736520076 96.8
571289500 8851900728 96.4 19721514736353676 96.8
571826000 8851926528 96.4 19721539252552076 96.8
571894400 8851994028 96.4 19721604022395276 96.8
578960400 8858121128 96.4 19734099219964300 96.8
579197000 8858148128 96.4 19734122969651596 96.8
579228500 8858193628 96.4 19734164171663756 96.8
579293400 8858218828 96.4 19734187982604684 96.8
579690500 8858239428 96.4 19734212581822860 96.8
579750300 8858239828 96.4 19734212631794060 96.8
579752100 8858251228 96.4 19734222671436172 96.8
579955200 8858296328 96.4 19734264794831244 96.8
579961400 8858341728 96.4 19734307028277644 96.8
585110200 8863927628 96.5 19745578245101964 96.9
585202900 8863928428 96.5 19745578258581664 96.9
585203400 8863929028 96.5 19745578296128964 96.9
585204700 8863929528 96.5 19745578329101764 96.9
585205100 8863989828 96.5 19745636561253828 96.9
585207000 8863990428 96.5 19745636578661828 96.9
585207800 8863990928 96.5 19745636613199028 96.9
585209000 8863992028 96.5 19745636690270028 96.9
605817200 8863992428 96.5 19745636710477028 96.9
605824000 8864016128 96.5 19745660475878628 96.9
606195800 8871241628 96.6 19760824068680932 97.0
606496200 8871295728 96.6 19760872401177828 97.0
606497600 8871296028 96.6 19760872416474628 97.0
606499700 8871389128 96.6 19760977200494084 97.0
621193200 8871389428 96.6 19760977217838884 97.0
621194300 8871389828 96.6 19760977231077584 97.0
621194800 8879669528 96.7 19779352577564880 97.1
621196800 8879670528 96.7 19779352713004672 97.1
621357100 8880000628 96.7 19779644119451264 97.1
622047600 8880064028 96.7 19779709761463936 97.1
622106100 8880102628 96.7 19779750448653952 97.1
637221000 8885289328 96.7 19790286614644352 97.1
637222600 8885289828 96.7 19790286631505652 97.1
637223700 8885290128 96.7 19790286657354052 97.1
637223800 8885290428 96.7 19790286669454952 97.1
637224100 8885290828 96.7 19790286808923752 97.1
637433000 8885573528 96.7 19790516738408040 97.1
644548700 8889823128 96.8 19798633694969448 97.2
644549500 8889823528 96.8 19798633723157648 97.2
644552800 8889824228 96.8 19798633772172748 97.2
644553700 8889824528 96.8 19798633783084348 97.2
645286500 8889824928 96.8 19798633807796348 97.2
645286900 8889825328 96.8 19798633821862148 97.2
645288100 8889994228 96.8 19798800917362948 97.2
662432500 8890258628 96.8 19799057062852868 97.2
662548800 8895771628 96.9 19810565503219972 97.2
662550100 8895772028 96.9 19810565526362372 97.2
662551000 8895772328 96.9 19810565526776072 97.2
662551600 8895772428 96.9 19810565539473672 97.2
663313200 8895772928 96.9 19810565544110572 97.2
663313400 8895841528 96.9 19810621766920684 97.2
663315800 8895841728 96.9 19810621783243484 97.2
680138200 8895842428 96.9 19810621812253584 97.2
680141000 8901474428 96.9 19822713842836368 97.3
680141800 8901474828 96.9 19822713858941268 97.3
680142200 8901475328 96.9 19822713889597568 97.3
680236900 8901493628 96.9 19822725010032768 97.3
680803600 8901765128 96.9 19822970006259840 97.3
694682800 8905186828 97.0 19829518307281024 97.3
694683600 8905187028 97.0 19829518317650124 97.3
694704200 8905195028 97.0 19829523734534860 97.3
695353600 8905307228 97.0 19829610203757260 97.3
695400400 8905339728 97.0 19829637358189260 97.3
709389700 8909199328 97.0 19837244777593548 97.3
709457800 8909217428 97.0 19837261192704716 97.3
710305400 8909217728 97.0 19837261199800016 97.3
710306000 8909218228 97.0 19837261237688016 97.3
710308600 8909218428 97.0 19837261257348816 97.3
710309800 8909241428 97.0 19837282562078416 97.3
710311000 8909242228 97.0 19837282593143016 97.3
710340800 8909304628 97.0 19837318747007208 97.3
731477100 8913742628 97.0 19846569884264680 97.4
732346900 8913742928 97.0 19846569890140580 97.4
732347100 8913743328 97.0 19846569908777380 97.4
732348300 8913755728 97.0 19846578868162980 97.4
732349500 8913756528 97.0 19846578889034680 97.4
732357900 8913965928 97.1 19846778801310648 97.4
732419000 8913995328 97.1 19846797395307448 97.4
745060800 8913995828 97.1 19846797438315448 97.4
745063900 8916592128 97.1 19851761162742712 97.4
745252100 8916593128 97.1 19851761267453008 97.4
745254400 8916769428 97.1 19851923615198288 97.4
759671700 8919948628 97.1 19858512753011792 97.4
760604900 8920141528 97.1 19858678653021264 97.4
760608900 8920141928 97.1 19858678667562064 97.4
760610200 8920142328 97.1 19858678685174864 97.4
760610700 8920142428 97.1 19858678695824464 97.4
782911200 8920365028 97.1 19858860917607504 97.4
783212700 8923260328 97.2 19864754792385616 97.5
783908000 8923260828 97.2 19864754828020816 97.5
783911100 8923261128 97.2 19864754880654416 97.5
783911400 8923261428 97.2 19864754883663316 97.5
783913400 8923263828 97.2 19864756840862164 97.5
790040800 8925212628 97.2 19868530515677652 97.5
790044700 8925212928 97.2 19868530576298452 97.5
790700900 8925424728 97.2 19868705569001940 97.5
790702300 8925425028 97.2 19868705575415840 97.5
790703500 8925425428 97.2 19868705603850840 97.5
790707800 8925425928 97.2 19868705633688240 97.5
810400300 8927989028 97.2 19874092071606960 97.5
811354700 8927989628 97.2 19874092110444360 97.5
811359200 8927989928 97.2 19874092129212760 97.5
811360300 8928150128 97.2 19874224860871000 97.5
811360800 8928150528 97.2 19874224875411800 97.5
811361700 8928150928 97.2 19874224900192600 97.5
824014200 8929624528 97.2 19876942798436696 97.5
824624100 8929624828 97.2 19876942813722396 97.5
824624500 8929625228 97.2 19876942912932100 97.5
824625000 8929625628 97.2 19876942933551200 97.5
824625600 8929738328 97.2 19877034990020704 97.5
824627100 8929738628 97.2 19877035008862304 97.5
824628500 8929739028 97.2 19877035072350304 97.5
843505000 8931654228 97.2 19880910609770592 97.6
843862900 8931654828 97.2 19880910633736592 97.6
843863100 8931794728 97.2 19881061828762000 97.6
845035100 8931842228 97.2 19881116219615632 97.6
845035200 8931842628 97.2 19881116237023632 97.6
845038800 8931843128 97.2 19881116245279632 97.6
859012000 8931843828 97.2 19881116278047632 97.6
859012100 8931844128 97.2 19881116299069332 97.6
859014900 8932929728 97.3 19883134387128212 97.6
859643300 8933061228 97.3 19883243959764884 97.6
877331200 8934271028 97.3 19885632249153428 97.6
877332500 8934272028 97.3 19885632397421028 97.6
878608100 8934362128 97.3 19885711234853348 97.6
890857100 8935108628 97.3 19887106280679908 97.6
891844300 8935172928 97.3 19887165324110308 97.6
907670400 8935849328 97.3 19888509936708068 97.6
908932900 8935893028 97.3 19888539103914468 97.6
908934400 8935893528 97.3 19888539157572068 97.6
922291100 8936303828 97.3 19889275050699236 97.6
922292500 8936304028 97.3 19889275059300836 97.6
923189300 8936350228 97.3 19889312996248036 97.6
933604500 8936514228 97.3 19889618082908644 97.6
934162400 8936520928 97.3 19889622179727844 97.6
944174100 8936561928 97.3 19889688463657444 97.6