# 17352120320 40393948375547904 950340 382732000 816410748669300 0 0
0 3527055104 20.3 4009393846747136 9.9
3335000 5599414656 32.3 8953574977437696 22.2
6021900 6588485440 38.0 11686260267548672 28.9
8460200 7256889856 41.8 13618562832793600 33.7
10709400 7762397952 44.7 15108957823565824 37.4
12797500 8169934944 47.1 16322593845936128 40.4
14762700 8511579744 49.1 17339501709885440 42.9
16613800 8806180352 50.7 18215267419029504 45.1
18383600 9064087248 52.2 18978232657248256 47.0
20092600 9293761248 53.6 19655122522996736 48.7
21742100 9500304448 54.8 20261562979713024 50.2
23321700 9687825344 55.8 20811178737401856 51.5
24866900 9859897648 56.8 21311581820289024 52.8
26350500 10018899552 57.7 21771051516035072 53.9
27819300 10166556352 58.6 22195261677764608 54.9
29196400 10304250848 59.4 22589287211991040 55.9
30577300 10432162448 60.1 22954901403336704 56.8
31979500 10551657648 60.8 23296685773946880 57.7
33324000 10664054544 61.5 23617823666339840 58.5
34634300 10770008352 62.1 23919536830939136 59.2
35881300 10870502152 62.6 24203955537969152 59.9
35882800 10870503152 62.6 24203956028874752 59.9
38329300 11057172144 63.7 24729344849125376 61.2
38329500 11057172944 63.7 24729344939237376 61.2
40703100 11057173544 63.7 24729345038565376 61.2
40705300 11227023544 64.7 25205330796167168 62.4
42905600 11227023944 64.7 25205330813575168 62.4
42909800 11382478056 65.6 25635536112115712 63.5
45070300 11526629160 66.4 26033579554693120 64.4
45073800 11526629560 66.4 26033579638456320 64.4
47175500 11526629860 66.4 26033579679416320 64.4
47176300 11660732756 67.2 26400823173316608 65.4
49213100 11784983256 67.9 26740625986396160 66.2
51253200 11900774056 68.6 27056316182536192 67.0
51259100 11900774556 68.6 27056316460654592 67.0
53194600 12009211852 69.2 27349647627476992 67.7
53200600 12009212452 69.2 27349647729057792 67.7
55063400 12111180756 69.8 27625078243942400 68.4
55068400 12111181056 69.8 27625078264217600 68.4
56876400 12111181656 69.8 27625078461440000 68.4
56880500 12207543648 70.4 27884092143935488 69.0
59585800 12343264640 71.1 28246490042310656 69.9
59586900 12343265340 71.1 28246490262470656 69.9
62048900 12343266140 71.1 28246490327187456 69.9
62051100 12469035844 71.9 28581060494917632 70.8
62056000 12469036244 71.9 28581060565164032 70.8
64520800 12469036944 71.9 28581060627832832 70.8
64522800 12585694352 72.5 28890267570839552 71.5
64523200 12585694752 72.5 28890267717885952 71.5
66902200 12585695352 72.5 28890267929034752 71.5
66904100 12585695952 72.5 28890267981873152 71.5
66904600 12694090848 73.2 29177646156251136 72.2
69279000 12694091848 73.2 29177647765774336 72.2
69282100 12795327048 73.7 29445064291115008 72.9
69285200 12795327348 73.7 29445064396382208 72.9
71583400 12795328048 73.7 29445064526020608 72.9
71587900 12890595840 74.3 29695080947662848 73.5
73745000 12980790736 74.8 29930513690411008 74.1
73754200 12980791536 74.8 29930513998635008 74.1
73755800 12980791936 74.8 29930514083627008 74.1
76676300 13092338336 75.5 30221094089015296 74.8
76677000 13092342036 75.5 30221094640132096 74.8
76679000 13092343836 75.5 30221095158890496 74.8
76688900 13092344236 75.5 30221095296311296 74.8
79396800 13092344436 75.5 30221095350378496 74.8
79398800 13092344936 75.5 30221095411613696 74.8
79402000 13195916840 76.0 30488776614313984 75.5
79406100 13195917140 76.0 30488776624758784 75.5
82076000 13292804940 76.6 30737607618650112 76.1
82082800 13292805140 76.6 30737607625613312 76.1
82083800 13292805240 76.6 30737607632371712 76.1
84491300 13383675240 77.1 30970907940634624 76.7
84506000 13383675340 77.1 30970907956609024 76.7
87001500 13383675440 77.1 30970907963367424 76.7
87006200 13468686736 77.6 31189104868139008 77.2
87014200 13468687036 77.6 31189104955383808 77.2
87016100 13468687136 77.6 31189105103454208 77.2
90186200 13468687336 77.6 31189105116971008 77.2
90189100 13567536040 78.2 31440802363998208 77.8
90199700 13567536340 78.2 31440802492612608 77.8
92894200 13567536540 78.2 31440802804523008 77.8
92903900 13659611132 78.7 31673842344517632 78.4
92904700 13659612532 78.7 31673842599698432 78.4
92905100 13659612832 78.7 31673842788933632 78.4
95669900 13745675632 79.2 31891314716647424 79.0
95670800 13745675832 79.2 31891314774810624 79.0
95672000 13745676032 79.2 31891314811674624 79.0
95674500 13745676332 79.2 31891314941108224 79.0
98380200 13745676432 79.2 31891314947866624 79.0
98388300 13745676632 79.2 31891314961383424 79.0
98389900 13745676832 79.2 31891315024666624 79.0
98392300 13826379936 79.7 32094865101103104 79.5
98393900 13826380236 79.7 32094865121378304 79.5
98394900 13826380536 79.7 32094865188962304 79.5
101396100 13916822232 80.2 32321394481283072 80.0
101411200 13916822632 80.2 32321394739331072 80.0
101412800 13916822932 80.2 32321394837839872 80.0
101414600 13916823432 80.2 32321395274678272 80.0
101417400 13916823632 80.2 32321395437903872 80.0
101417600 13916823732 80.2 32321395439951872 80.0
104648300 13916823932 80.2 32321395533340672 80.0
104649000 13916824332 80.2 32321395589660672 80.0
104650000 13916824432 80.2 32321395596419072 80.0
104665300 14000631536 80.7 32531652985708544 80.5
104666500 14000631636 80.7 32531653067423744 80.5
104668600 14000631736 80.7 32531653230034944 80.5
107262200 14000631936 80.7 32531653261778944 80.5
107262400 14000632236 80.7 32531653358854144 80.5
107264400 14078937036 81.1 32726864907280384 81.0
107269900 14078937236 81.1 32726865077673984 81.0
110446400 14078937336 81.1 32726865077878784 81.0
110451700 14078937536 81.1 32726865094877184 81.0
110459900 14152103832 81.6 32907849010487296 81.5
110461900 14152103932 81.6 32907849013968896 81.5
113552700 14152104432 81.6 32907849052676096 81.5
113564100 14152104732 81.6 32907849191940096 81.5
113573000 14231594428 82.0 33104828220071936 82.0
113577200 14231594528 82.0 33104828251201536 82.0
113577300 14231594728 82.0 33104828256731136 82.0
116623300 14305603128 82.4 33287239997308928 82.4
116627500 14305603328 82.4 33287240036835328 82.4
116627600 14305603428 82.4 33287240038883328 82.4
116633000 14305603628 82.4 33287240052400128 82.4
116633800 14305603828 82.4 33287240072060928 82.4
119684300 14305604028 82.4 33287240089673728 82.4
119689300 14305604328 82.4 33287240127561728 82.4
119697900 14374739832 82.8 33457155207806976 82.8
119701200 14374740032 82.8 33457155258187776 82.8
119713700 14374740132 82.8 33457155264946176 82.8
119713800 14374740232 82.8 33457155278872576 82.8
122565600 14374740332 82.8 33457155285630976 82.8
122581800 14374740432 82.8 33457155292184576 82.8
122582000 14448494032 83.3 33638183449313280 83.3
125853400 14517061032 83.7 33805835148902400 83.7
125857200 14517061332 83.7 33805835198464000 83.7
125859300 14517061632 83.7 33805835214643200 83.7
125860700 14517063432 83.7 33805835591270400 83.7
125861900 14517063932 83.7 33805835618508800 83.7
125870900 14517064132 83.7 33805835632025600 83.7
125876700 14517064232 83.7 33805835638784000 83.7
129052200 14588589528 84.1 33979509956263936 84.1
129057100 14588589628 84.1 33979509986983936 84.1
129065000 14588589828 84.1 33979510000500736 84.1
129071200 14588590428 84.1 33979510235406336 84.1
129075200 14588590728 84.1 33979510293364736 84.1
129077000 14588590928 84.1 33979510373441536 84.1
129079100 14588591028 84.1 33979510380199936 84.1
132427200 14588591128 84.1 33979510386958336 84.1
132428300 14588591528 84.1 33979510417063936 84.1
132428500 14588591928 84.1 33979510448807936 84.1
132433000 14588592028 84.1 33979510526631936 84.1
132434500 14588592428 84.1 33979510553665536 84.1
132437600 14655160228 84.5 34140835867090944 84.5
132442500 14655160828 84.5 34140836014218048 84.5
135593800 14655160928 84.5 34140836014627648 84.5
135598600 14723695232 84.9 34306463677324096 84.9
135599600 14723695332 84.9 34306463688178496 84.9
135604700 14723696232 84.9 34306463872498496 84.9
135609400 14723696532 84.9 34306463969983296 84.9
135615700 14723696732 84.9 34306464076274496 84.9
135621000 14723696832 84.9 34306464083032896 84.9
138234500 14723697532 84.9 34306464146725696 84.9
138235900 14723697732 84.9 34306464161061696 84.9
138246200 14787249532 85.2 34459608769747776 85.3
138251800 14787249632 85.2 34459608776506176 85.3
138265800 14787249832 85.2 34459608783469376 85.3
142132400 14787250532 85.2 34459608839379776 85.3
142133500 14787251432 85.2 34459609152723776 85.3
142136200 14787251532 85.2 34459609160506176 85.3
142137000 14852035132 85.6 34615780899052352 85.7
142145200 14852035432 85.6 34615780958239552 85.7
145605600 14852035532 85.6 34615780989573952 85.7
145605900 14852035732 85.6 34615781052447552 85.7
145606900 14852035932 85.6 34615781067807552 85.7
145612400 14912374732 85.9 34760266519108416 86.1
148659700 14973060132 86.3 34905536020044608 86.4
148659800 14973060232 86.3 34905536039295808 86.4
148660300 14973060832 86.3 34905536070015808 86.4
148665700 14973061332 86.3 34905536268876608 86.4
151729200 14973061632 86.3 34905536289766208 86.4
151730200 14973062232 86.3 34905536330726208 86.4
151730300 14973062332 86.3 34905536337484608 86.4
151736600 14973062632 86.3 34905536661068608 86.4
151740500 14973062732 86.3 34905536663116608 86.4
151741200 15029340732 86.6 35039634576628544 86.7
154602100 15086023432 86.9 35174648517745472 87.1
154603900 15086027632 86.9 35174649018891072 87.1
154611100 15086031232 86.9 35174649892977472 87.1
157577900 15086031432 86.9 35174649978379072 87.1
157581500 15086031832 86.9 35174650174372672 87.1
157584100 15086032232 86.9 35174650202225472 87.1
157585100 15138326332 87.2 35298974808603456 87.4
160721400 15190701432 87.5 35423084213631808 87.7
160722000 15190701732 87.5 35423084233907008 87.7
160722200 15190702032 87.5 35423084295756608 87.7
160726100 15190702432 87.5 35423084381363008 87.7
160728100 15190702632 87.5 35423084397951808 87.7
164277600 15190702732 87.5 35423084403891008 87.7
164278000 15242452132 87.8 35546024688622400 88.0
164278100 15242452632 87.8 35546024844065600 88.0
164281800 15242453332 87.8 35546024946670400 88.0
166824300 15242453432 87.8 35546024981896000 88.0
166825900 15242453832 87.8 35546025104366400 88.0
166829000 15242454432 87.8 35546025353608000 88.0
166834400 15242454832 87.8 35546025490414400 88.0
166834700 15242454932 87.8 35546025492462400 88.0
166844600 15293718432 88.1 35667180337478464 88.3
169935700 15293718732 88.1 35667180357753664 88.3
169937100 15293719132 88.1 35667180579552064 88.3
169937400 15293719632 88.1 35667180608633664 88.3
169937900 15341330032 88.4 35779738487610176 88.6
169938400 15341330332 88.4 35779738806893376 88.6
173116500 15341330532 88.4 35779738830035776 88.6
173116600 15388385132 88.7 35890288419330880 88.9
173117300 15388385332 88.7 35890288508009280 88.9
173118000 15388385532 88.7 35890288603446080 88.9
173120800 15388386532 88.7 35890289053186880 88.9
173145800 15388386632 88.7 35890289119337280 88.9
175673100 15435249132 89.0 36000155230018368 89.1
175675000 15435249332 89.0 36000155242101568 89.1
175684900 15435249532 89.0 36000155300264768 89.1
175694400 15435249932 89.0 36000155396930368 89.1
175701200 15435250032 89.0 36000155438504768 89.1
175702000 15435250232 89.0 36000155458779968 89.1
178351200 15435250332 89.0 36000155505474368 89.1
178353300 15435250932 89.0 36000155652725568 89.1
178357400 15435251332 89.0 36000155703720768 89.1
178358500 15435251432 89.0 36000155710479168 89.1
178363100 15435251632 89.0 36000155947227968 89.1
178384100 15435251932 89.0 36000155968117568 89.1
178386000 15480991532 89.2 36108029809564480 89.4
179963600 15480991832 89.2 36108029884316480 89.4
179966800 15480992332 89.2 36108029932239680 89.4
179972500 15526107732 89.5 36214308864424768 89.7
179978100 15526107932 89.5 36214308873231168 89.7
184288200 15570422132 89.7 36318107361139520 89.9
184292500 15570422532 89.7 36318107436301120 89.9
184293800 15570422832 89.7 36318107482790720 89.9
184297500 15570423032 89.7 36318107490449020 89.9
184309600 15570423432 89.7 36318107583633020 89.9
186989200 15570423632 89.7 36318107671287420 89.9
186995700 15570424332 89.7 36318107714909820 89.9
187001700 15613496932 90.0 36419256602261116 90.2
187003300 15613497232 90.0 36419256621921916 90.2
187003500 15613497432 90.0 36419256642401916 90.2
190373200 15655818532 90.2 36518110079448700 90.4
190378000 15655818632 90.2 36518110086207100 90.4
190388000 15655818732 90.2 36518110086616700 90.4
190388600 15655818832 90.2 36518110098085500 90.4
190413700 15655819032 90.2 36518110129829500 90.4
192345500 15697812432 90.5 36616786156205692 90.6
192351500 15697812532 90.5 36616786163168892 90.6
192351700 15697812732 90.5 36616786171975292 90.6
192373500 15697812832 90.5 36616786172180092 90.6
195784900 15697813632 90.5 36616786296493692 90.6
195788400 15697813732 90.5 36616786298541692 90.6
195788700 15697813932 90.5 36616786312058492 90.6
195793700 15697814132 90.5 36616786360391292 90.6
195800400 15739003032 90.7 36712871011538556 90.9
195802700 15739003132 90.7 36712871018296956 90.9
195819600 15739003932 90.7 36712871321400956 90.9
199535800 15739004032 90.7 36712871396357756 90.9
199538700 15739004732 90.7 36712871448172156 90.9
199540400 15739004832 90.7 36712871456773756 90.9
199540700 15739005632 90.7 36712871684716156 90.9
199541300 15781048032 90.9 36811735783683708 91.1
199555500 15781048232 90.9 36811735810102908 91.1
199558000 15781048632 90.9 36811735898576508 91.1
202857200 15781049232 90.9 36811735998723708 91.1
202878000 15781049332 90.9 36811736006096508 91.1
202878200 15781049632 90.9 36811736055862908 91.1
202878600 15822219232 91.2 36908474993268348 91.4
202885400 15822219332 91.2 36908475033818748 91.4
202887100 15822219432 91.2 36908475040577148 91.4
202901100 15822220132 91.2 36908475190490748 91.4
206748900 15822220432 91.2 36908475270362748 91.4
206753200 15822220732 91.2 36908475284084348 91.4
206757300 15822221332 91.2 36908475423553148 91.4
206776500 15862494232 91.4 37002856491021948 91.6
206780600 15862494532 91.4 37002856549594748 91.6
206780900 15862494932 91.4 37002856707085948 91.6
210126500 15862495632 91.4 37002856977626748 91.6
210130200 15862495732 91.4 37002856984794748 91.6
210135800 15862496032 91.4 37002857004250748 91.6
210161700 15862496232 91.4 37002857030874748 91.6
210161900 15903211032 91.6 37097905772820092 91.8
210162000 15903211432 91.6 37097905872557692 91.8
215376700 15943149732 91.9 37192046606407292 92.1
215376900 15943149832 91.9 37192046672967292 92.1
215377800 15943149932 91.9 37192046701639292 92.1
215389500 15943151132 91.9 37192046946170492 92.1
215399100 15943151732 91.9 37192047065364092 92.1
222244800 15983592432 92.1 37287105135441532 92.3
222247700 15983592532 92.1 37287105144452732 92.3
222248200 15983593032 92.1 37287105256478332 92.3
222288000 15983593232 92.1 37287105306654332 92.3
222289400 15983594032 92.1 37287105707243132 92.3
226328800 15983594332 92.1 37287105736734332 92.3
226334900 15983595132 92.1 37287105984542332 92.3
226336000 15983595332 92.1 37287106095953532 92.3
226355300 15983595432 92.1 37287106123396732 92.3
226355400 15983595932 92.1 37287106157188732 92.3
226372500 16023921232 92.3 37382540389226108 92.5
231546900 16063122632 92.6 37474344023332476 92.8
231547100 16063122832 92.6 37474344038078076 92.8
231548000 16063122932 92.6 37474344044631676 92.8
231561800 16063123432 92.6 37474344135562876 92.8
231562100 16063123732 92.6 37474344152561276 92.8
231578700 16063124232 92.6 37474344186558076 92.8
237349400 16102484332 92.8 37566266846623356 93.0
237350400 16102484532 92.8 37566266860140156 93.0
237350800 16102484832 92.8 37566266880415356 93.0
237351300 16102485132 92.8 37566266913797756 93.0
237357600 16102485632 92.8 37566266954143356 93.0
244708500 16141833932 93.0 37659167994336892 93.2
244711200 16141834232 93.0 37659168023213692 93.2
244711700 16141834432 93.0 37659168048608892 93.2
244712800 16141835032 93.0 37659168171284092 93.2
244722300 16141835632 93.0 37659168402298492 93.2
250688700 16141835932 93.0 37659168427898492 93.2
250691600 16181245032 93.3 37752412033676924 93.5
250697100 16181245132 93.3 37752412076275324 93.5
250719700 16181245532 93.3 37752412192806524 93.5
250723800 16181245732 93.3 37752412196902524 93.5
250725200 16181246232 93.3 37752412255475324 93.5
250726300 16181246332 93.3 37752412272883324 93.5
259503100 16181246432 93.3 37752412375078524 93.5
259507600 16181246632 93.3 37752412377331324 93.5
259516600 16181246732 93.3 37752412384499324 93.5
259528100 16181247232 93.3 37752412569843324 93.5
259534100 16220667132 93.5 37844934906328700 93.7
259542000 16220668232 93.5 37844935252440700 93.7
259560800 16220668932 93.5 37844935375115900 93.7
266149700 16220670432 93.5 37844935638283900 93.7
266149800 16220670732 93.5 37844935664907900 93.7
266192800 16220671332 93.5 37844935730443900 93.7
266194700 16260859032 93.7 37940182217045628 93.9
266195200 16260859132 93.7 37940182227900028 93.9
274340600 16260859532 93.7 37940182249199228 93.9
274342400 16260860032 93.7 37940182289749628 93.9
274373600 16260860232 93.7 37940182330300028 93.9
274374200 16260860432 93.7 37940182343612028 93.9
274374500 16301102932 93.9 38035335733442172 94.2
283688800 16301103132 93.9 38035335758018172 94.2
283689700 16342538032 94.2 38134229703652988 94.4
283712200 16342538232 94.2 38134229734782588 94.4
283712500 16342538732 94.2 38134229770008188 94.4
283712900 16342538832 94.2 38134229772056188 94.4
283729700 16342539132 94.2 38134229796632188 94.4
293960000 16342539532 94.2 38134229826123388 94.4
293969900 16342539732 94.2 38134229833291388 94.4
293975600 16384158432 94.4 38234013793457788 94.7
293989100 16384158532 94.4 38234013793662588 94.7
293991000 16384158732 94.4 38234013808408188 94.7
303584500 16384158932 94.4 38234013854897788 94.7
303585700 16384159032 94.4 38234013856945788 94.7
303586900 16384159132 94.4 38234013870667388 94.7
303588600 16426686932 94.7 38336814936307324 94.9
303604000 16426687332 94.7 38336814988736124 94.9
315579300 16426687432 94.7 38336815000000124 94.9
315580000 16426687632 94.7 38336815019865724 94.9
315580700 16470455232 94.9 38443360575567484 95.2
315581000 16470455932 94.9 38443360644994684 95.2
315604600 16470456332 94.9 38443360666089084 95.2
315606200 16470456432 94.9 38443360682882684 95.2
327055700 16514649032 95.2 38551818111399548 95.4
327075200 16514649332 95.2 38551818141505148 95.4
327105500 16514649732 95.2 38551818391565948 95.4
327107500 16514650832 95.2 38551818488231548 95.4
327107700 16514650932 95.2 38551818552538748 95.4
327108200 16514651532 95.2 38551818817959548 95.4
327109200 16514651732 95.2 38551818824922748 95.4
339215500 16558390732 95.4 38659528534865532 95.7
339223200 16558391132 95.4 38659528559851132 95.7
339233700 16558391332 95.4 38659528616990332 95.7
339234400 16558392232 95.4 38659528863774332 95.7
339248700 16558392732 95.4 38659528929105532 95.7
339249800 16558393432 95.4 38659529073694332 95.7
350141200 16600137332 95.7 38761278769927804 96.0
350144600 16600137432 95.7 38761278775867004 96.0
350145800 16600138432 95.7 38761278911320508 96.0
350160200 16600139732 95.7 38761279137829308 96.0
350163100 16600140232 95.7 38761279190053308 96.0
350164000 16600140532 95.7 38761279321944508 96.0
350188900 16600140932 95.7 38761279357374908 96.0
350189400 16600141532 95.7 38761279658021308 96.0
363001800 16600142032 95.7 38761279791960508 96.0
363014800 16600142832 95.7 38761279900094908 96.0
363020900 16600143232 95.7 38761279932658108 96.0
363038000 16600143432 95.7 38761279951909308 96.0
363039000 16636594232 95.9 38848726937285052 96.2
363051800 16636594532 95.9 38848726974558652 96.2
363067100 16636594932 95.9 38848727117304252 96.2
372733000 16636595732 95.9 38848727173214652 96.2
372733100 16636596032 95.9 38848727191851452 96.2
372736500 16636596532 95.9 38848727466897852 96.2
372752900 16636596832 95.9 38848727506833852 96.2
372753700 16636597132 95.9 38848728163217852 96.2
372766800 16667651532 96.1 38921995272122812 96.4
372802800 16667652332 96.1 38921995649774012 96.4
372802900 16667652632 96.1 38921995668206012 96.4
381937600 16667653132 96.1 38921995786170812 96.4
381941900 16667653632 96.1 38921995965166012 96.4
381945200 16667653932 96.1 38921995996295612 96.4
381945400 16667654332 96.1 38921996088660412 96.4
382006900 16693319332 96.2 38981752299999676 96.5
382007400 16693319632 96.2 38981752397074876 96.5
382008500 16693320132 96.2 38981752427794876 96.5
389791700 16693320732 96.2 38981752465068476 96.5
389803300 16693321332 96.2 38981752499679676 96.5
389804500 16693322232 96.2 38981752570130876 96.5
389807200 16693324832 96.2 38981753178591676 96.5
389868100 16714896632 96.3 39030543008829884 96.6
393941200 16714897332 96.3 39030543130890684 96.6
393941900 16714898332 96.3 39030543412285884 96.6
393942100 16714899032 96.3 39030543469834684 96.6
393943100 16714899532 96.3 39030543517143484 96.6
393973400 16733035332 96.4 39070892318970300 96.7
393984200 16733035732 96.4 39070892413178300 96.7
393985300 16733036432 96.4 39070892796768700 96.7
397991200 16749262832 96.5 39106309751402940 96.8
397994800 16749263232 96.5 39106309792772540 96.8
398005500 16749263632 96.5 39106309827793340 96.8
398006700 16749264332 96.5 39106309870801340 96.8
398007000 16749264532 96.5 39106309884318140 96.8
398007700 16749265032 96.5 39106309929988540 96.8
398007800 16749265232 96.5 39106310008631740 96.8
398021700 16749266032 96.5 39106310108574140 96.8
399430700 16749266132 96.5 39106310180868540 96.8
399431700 16749266632 96.5 39106310231454140 96.8
399433100 16764336732 96.6 39139118427566524 96.9
399460100 16764337532 96.6 39139118535905724 96.9
399469700 16764338032 96.6 39139118630318524 96.9
399471000 16764338732 96.6 39139118753608124 96.9
403450100 16764339032 96.6 39139118778798524 96.9
403450300 16764339732 96.6 39139118933217724 96.9
403451300 16764339932 96.6 39139118953902524 96.9
403451500 16764340432 96.6 39139119037870524 96.9
403466000 16779216932 96.7 39171746996351420 97.0
403468600 16779217632 96.7 39171747185791420 97.0
405985500 16779218032 96.7 39171747221631420 97.0
406014300 16779218132 96.7 39171747257061820 97.0
406025700 16794708332 96.8 39205331208573372 97.1
406027200 16794709332 96.8 39205331296022972 97.1
406036300 16794710032 96.8 39205331350499772 97.1
406037300 16794710332 96.8 39205331418493372 97.1
411846500 16794710432 96.8 39205331420541372 97.1
411847300 16811311232 96.9 39242235230777788 97.1
411897500 16811311732 96.9 39242235372294588 97.1
411897600 16811312032 96.9 39242235387449788 97.1
411897700 16811312532 96.9 39242235423494588 97.1
411906600 16811313132 96.9 39242235506028988 97.1
411908100 16811313532 96.9 39242235534291388 97.1
411920000 16811313932 96.9 39242235561939388 97.1
421609500 16811314432 96.9 39242235614572988 97.1
421610600 16811314832 96.9 39242235642835388 97.1
421610800 16811315532 96.9 39242235704684988 97.1
421610900 16811316632 96.9 39242236099334588 97.1
421646400 16811317132 96.9 39242236139065788 97.1
421646800 16829845432 97.0 39284155783238076 97.3
421661400 16829846032 97.0 39284155962642876 97.3
432922200 16829846832 97.0 39284156032684476 97.3
432922600 16829848032 97.0 39284156331487676 97.3
432923100 16829848332 97.0 39284156357292476 97.3
432965500 16850855632 97.1 39332384092074428 97.4
432966000 16850856332 97.1 39332384142660028 97.4
432974300 16850856632 97.1 39332384189968828 97.4
443291900 16850857032 97.1 39332384226218428 97.4
443293500 16874876132 97.2 39389386851815868 97.5
443315400 16874876932 97.2 39389387009716668 97.5
443346200 16874877932 97.2 39389387225780668 97.5
443354400 16874880132 97.2 39389387826663868 97.5
443378800 16874882632 97.2 39389388370817468 97.5
443381600 16874882832 97.2 39389388394983868 97.5
443381700 16874883032 97.2 39389388410753468 97.5
456142900 16874883832 97.2 39389388454785468 97.5
456143800 16900488232 97.4 39450281620304316 97.7
456174400 16900488732 97.4 39450281675805116 97.7
456174700 16900489532 97.4 39450281838825916 97.7
456175600 16900490332 97.4 39450282016182716 97.7
456176900 16900492132 97.4 39450282770665916 97.7
456215600 16900493132 97.4 39450282839069116 97.7
456231300 16900494432 97.4 39450283220406716 97.7
468818400 16900494832 97.4 39450283340624316 97.7
468838500 16900494932 97.4 39450283343286716 97.7
468893800 16922037232 97.5 39500654874923452 97.8
468896100 16922037632 97.5 39500654973637052 97.8
468916100 16922038832 97.5 39500655043269052 97.8
468940600 16922039532 97.5 39500656237867452 97.8
479007300 16922039832 97.5 39500656267358652 97.8
479008900 16922040432 97.5 39500656305041852 97.8
479009000 16922040932 97.5 39500656357265852 97.8
479009600 16922042532 97.5 39500656636408252 97.8
479047900 16938276832 97.6 39537486182298044 97.9
479051100 16938277132 97.6 39537486203392444 97.9
485139500 16938278332 97.6 39537486509568444 97.9
485158900 16938278732 97.6 39537486533325244 97.9
485167800 16938279832 97.6 39537486656000444 97.9
485181500 16938280632 97.6 39537486729728444 97.9
485183300 16950598132 97.7 39564338229825980 97.9
485183700 16950598532 97.7 39564338401448380 97.9
485267000 16950598832 97.7 39564338436469180 97.9
486366500 16950599332 97.7 39564338469646780 97.9
486367400 16960871332 97.7 39586219627229628 98.0
486389700 16960871732 97.7 39586219719594428 98.0
486392300 16960872532 97.7 39586219951837628 98.0
486400500 16960873132 97.7 39586219992388028 98.0
486492300 16960873532 97.7 39586220037648828 98.0
489742600 16960874232 97.7 39586220088234428 98.0
489788900 16971221732 97.8 39608145390866876 98.1
489796300 16971222532 97.8 39608145535660476 98.1
489796700 16971222932 97.8 39608145565561276 98.1
489814800 16971223532 97.8 39608145674924476 98.1
489814900 16971223932 97.8 39608145702572476 98.1
489815000 16971224832 97.8 39608145783058876 98.1
489815700 16971225232 97.8 39608145819513276 98.1
500245600 16971225432 97.8 39608145823609276 98.1
500245800 16971226032 97.8 39608145854124476 98.1
500262400 16983121432 97.9 39633710749372860 98.1
500341700 16983122032 97.9 39633710789308860 98.1
500343100 16983122932 97.9 39633710886179260 98.1
500372600 16983123532 97.9 39633711179862460 98.1
500373700 16983124332 97.9 39633711282057660 98.1
509286300 16983125132 97.9 39633711353942460 98.1
509288000 16983125732 97.9 39633711424803260 98.1
509386100 16983126532 97.9 39633711621001660 98.1
509417700 16983127332 97.9 39633711794876860 98.1
509420800 16983128232 97.9 39633711848124860 98.1
509422500 16983128532 97.9 39633711855907260 98.1
509438400 16983129032 97.9 39633711887036860 98.1
509440300 16997729532 98.0 39666947644207548 98.2
523440300 16997730532 98.0 39666947790844348 98.2
523440600 16997731532 98.0 39666947860271548 98.2
523443700 16997732232 98.0 39666947929289148 98.2
523501700 16997732432 98.0 39666947945263548 98.2
523503500 16997732732 98.0 39666947955913148 98.2
523504500 16997733532 98.0 39666948110946748 98.2
523504900 16997734132 98.0 39666948148425148 98.2
523542500 17015716332 98.1 39708783172514236 98.3
523579800 17015716732 98.1 39708783298466236 98.3
536987500 17015720732 98.1 39708788864111036 98.3
536992600 17015720932 98.1 39708788868207036 98.3
536993400 17015721232 98.1 39708788952379836 98.3
537040500 17015721932 98.1 39708789007880636 98.3
537042500 17031617632 98.2 39745492158419388 98.4
537102300 17031618232 98.2 39745492202451388 98.4
537105600 17031618832 98.2 39745492324307388 98.4
537176300 17031619632 98.2 39745492391276988 98.4
545295600 17031620132 98.2 39745492459475388 98.4
545321100 17031621432 98.2 39745492539552188 98.4
545321900 17031621732 98.2 39745492573139388 98.4
545341500 17042232632 98.2 39768509198021052 98.5
545378600 17042234132 98.2 39768509696299452 98.5
545467600 17042235232 98.2 39768509768389052 98.5
551713500 17049992332 98.3 39784799502455228 98.5
551718600 17049993032 98.3 39784799546692028 98.5
551731400 17049994032 98.3 39784799807607228 98.5
551738200 17049994732 98.3 39784799901610428 98.5
551751500 17049995332 98.3 39784799935402428 98.5
551753400 17049995632 98.3 39784799948919228 98.5
551801800 17049996632 98.3 39784800129143228 98.5
554077200 17049997732 98.3 39784800305680828 98.5
554079300 17057894732 98.3 39801174720647612 98.5
554079700 17057895332 98.3 39801174746862012 98.5
554118800 17057895732 98.3 39801174764679612 98.5
554121500 17057896332 98.3 39801174822228412 98.5
563447400 17057897432 98.3 39801175106900412 98.5
563447800 17057897932 98.3 39801175140487612 98.5
563448500 17057898332 98.3 39801175171002812 98.5
563479000 17067929032 98.4 39823102484804028 98.6
563499600 17067929532 98.4 39823102566724028 98.6
563500900 17067931432 98.4 39823103048618428 98.6
563501400 17067931932 98.4 39823103070327228 98.6
563501800 17067933032 98.4 39823103172112828 98.6
579041900 17067933232 98.4 39823103180919228 98.6
579044600 17067933532 98.4 39823103197917628 98.6
579091300 17080794932 98.4 39852268659880380 98.7
579092800 17080795632 98.4 39852268724597180 98.7
579094200 17080796432 98.4 39852268982235580 98.7
579094700 17080796732 98.4 39852269024014780 98.7
590459400 17080797132 98.4 39852269059649980 98.7
590460300 17091099832 98.5 39874916308955580 98.7
590460800 17091100832 98.5 39874916422824380 98.7
590502600 17091101132 98.5 39874916450472380 98.7
590504800 17091101732 98.5 39874916490203580 98.7
590533100 17091102932 98.5 39874916639707580 98.7
597453500 17097492532 98.5 39888445095678396 98.7
597571100 17097492832 98.5 39888445120049596 98.7
597572100 17097493132 98.5 39888445132951996 98.7
597572200 17097493432 98.5 39888445235761596 98.7
597573000 17097493832 98.5 39888445578187196 98.7
597573300 17097494332 98.5 39888445611364796 98.7
597573600 17097494732 98.5 39888445652119996 98.7
597950300 17097495632 98.5 39888445724209596 98.7
597951300 17097496032 98.5 39888445765169596 98.7
597952700 17103196232 98.6 39900293199671740 98.8
597977500 17103196632 98.6 39900293336887740 98.8
597980400 17103197032 98.6 39900293369450940 98.8
598082300 17103198132 98.6 39900293649002940 98.8
611659300 17103198432 98.6 39900293760618940 98.8
611659500 17103198832 98.6 39900293797482940 98.8
611660300 17103199932 98.6 39900294003716540 98.8
611661500 17103200432 98.6 39900294038532540 98.8
611686100 17103201232 98.6 39900294186807740 98.8
611707200 17111093032 98.6 39917244331864508 98.8
624636200 17111093332 98.6 39917244489150908 98.8
624638200 17111094232 98.6 39917244638859708 98.8
624661300 17111094632 98.6 39917244670194108 98.8
624664200 17111094832 98.6 39917244715659708 98.8
624676800 17120474432 98.7 39937855571653052 98.9
641045000 17126019932 98.7 39949388541358524 98.9
641047000 17126020432 98.7 39949388563476924 98.9
641101600 17126021132 98.7 39949388613652924 98.9
641102000 17126021332 98.7 39949388630651324 98.9
641102100 17126021432 98.7 39949388632699324 98.9
641103600 17126021632 98.7 39949388653998524 98.9
641105200 17126022032 98.7 39949388681646524 98.9
642611600 17126022832 98.7 39949388756808124 98.9
642611700 17126026632 98.7 39949390181806524 98.9
642629900 17130490132 98.7 39958437374177724 98.9
655301100 17136851232 98.8 39972317562384828 99.0
655313700 17136851832 98.8 39972317598715128 99.0
655316500 17136852232 98.8 39972317638651128 99.0
655326000 17136853432 98.8 39972317728148728 99.0
655327600 17136854232 98.8 39972318180551928 99.0
655350600 17136854832 98.8 39972318247111928 99.0
667646700 17143071832 98.8 39985765264379128 99.0
667658400 17143071932 98.8 39985765343227128 99.0
667702000 17143072332 98.8 39985765388692728 99.0
667714600 17143072532 98.8 39985765475732728 99.0
667790400 17143074932 98.8 39985765738695928 99.0
667792500 17143075732 98.8 39985766985313528 99.0
672796400 17143077132 98.8 39985767134203128 99.0
672797300 17143077432 98.8 39985767281044728 99.0
672799000 17143077532 98.8 39985767283092728 99.0
672842800 17143078332 98.8 39985767416417528 99.0
672914200 17146399432 98.8 39992364734172408 99.0
684500100 17150614332 98.8 40001084602010872 99.0
684538200 17150616032 98.8 40001085053390072 99.0
684541300 17150617732 98.8 40001085829377272 99.0
684543700 17150618432 98.8 40001085859482872 99.0
684572600 17150619332 98.8 40001085916007672 99.0
699012900 17150620132 98.8 40001086093364472 99.0
699056400 17150621832 98.8 40001087108967672 99.0
699059400 17150622132 98.8 40001087115111672 99.0
699174600 17155608132 98.9 40011457259121912 99.1
705099700 17155608432 98.9 40011457280011512 99.1
705134100 17155610332 98.9 40011457462078712 99.1
705135900 17155610432 98.9 40011457466174712 99.1
705150100 17158089432 98.9 40016188143537400 99.1
705254700 17158089632 98.9 40016188218903800 99.1
715851900 17158091032 98.9 40016188757118200 99.1
715853700 17158092232 98.9 40016188920958200 99.1
715879500 17158093432 98.9 40016189147057400 99.1
715942900 17161480232 98.9 40023094645492984 99.1
728102100 17161481932 98.9 40023094749736184 99.1
728196800 17164292932 98.9 40028534180588792 99.1
732984000 17166198932 98.9 40032107794181368 99.1
733003200 17166199732 98.9 40032107996933368 99.1
733005800 17166200132 98.9 40032108025195768 99.1
733098300 17166202032 98.9 40032108468178168 99.1
733115700 17166203032 98.9 40032108627922168 99.1
733140200 17166203432 98.9 40032108674206968 99.1
747419400 17166203532 98.9 40032108688952568 99.1
747423000 17168845832 98.9 40037430607465720 99.1
747554300 17168848532 98.9 40037430868380920 99.1
752778900 17170232132 99.0 40040033059933432 99.1
752780500 17170233332 99.0 40040033261251832 99.1
766011100 17172091032 99.0 40043684655328504 99.1
766012500 17172091432 99.0 40043684707552504 99.1
766084300 17172091732 99.0 40043684721888504 99.1
771120900 17172091932 99.0 40043684736224504 99.1
771198700 17173114032 99.0 40045577682242808 99.1
771201000 17173114632 99.0 40045577728322808 99.1
785538000 17174363932 99.0 40048027787488504 99.1
785656100 17174364332 99.0 40048027815750904 99.1
785658200 17174364832 99.0 40048027963411704 99.1
794677800 17175021632 99.0 40049267959975160 99.1
803037500 17175694832 99.0 40050567236209912 99.1
803088600 17175695132 99.0 40050567310757112 99.1
803089200 17175697632 99.0 40050568337009912 99.1
814325100 17176136532 99.0 40051449389296888 99.2
823375000 17176341932 99.0 40051849224826104 99.2
823379400 17176342232 99.0 40051849258413304 99.2
831716100 17176407632 99.0 40051996532354296 99.2