# 3830491904 8761335999365120 950340 201827100 497213204991400 0 0
0 224904512 5.9 40594386714624 0.5
738700 415917312 10.9 338849196670976 3.9
1416000 544562704 14.2 557929690300416 6.4
2066600 647432304 16.9 741108283867136 8.5
2698400 734690208 19.2 902478962884608 10.3
3304500 811051312 21.2 1047451288993792 12.0
3897900 879102912 23.0 1179286140616704 13.5
4483900 941174312 24.6 1302457816711168 14.9
5050500 997927312 26.1 1416660938391552 16.2
5601700 1050437412 27.4 1524344350048256 17.4
6146800 1099236912 28.7 1625776571023360 18.6
6687200 1144992412 29.9 1721557428731904 19.6
7205000 1187903012 31.0 1812022853369856 20.7
7722400 1228408612 32.1 1898232955273216 21.7
8220000 1266632512 33.1 1980012504809472 22.6
8725600 1303083212 34.0 2059197726326784 23.5
9230600 1337891612 34.9 2135332900306944 24.4
9687400 1371037312 35.8 2208807795032064 25.2
10189600 1402859312 36.6 2279103000477696 26.0
10654800 1433358312 37.4 2346647447142400 26.8
11126200 1462695112 38.2 2412473516818432 27.5
11989000 1517916612 39.6 2536937994846208 29.0
12890300 1517917512 39.6 2536938103731408 29.0
12890400 1569161212 41.0 2653833289102544 30.3
13756800 1617010912 42.2 2763839464371408 31.5
14594700 1617012112 42.2 2763839515981008 31.5
14594800 1661648512 43.4 2867822184166608 32.7
15422000 1703566212 44.5 2965908206187728 33.9
15427200 1703835812 44.5 2966067577926864 33.9
16231100 1742865512 45.5 3059402887967952 34.9
16233200 1743371012 45.5 3059731047593168 34.9
16970200 1780510012 46.5 3149351227700432 35.9
16977100 1780987512 46.5 3149646844343504 35.9
17816600 1815928612 47.4 3234168990545104 36.9
17821200 1816360912 47.4 3234446009742544 36.9
18569600 1849503812 48.3 3314996259108048 37.8
18576300 1849925812 48.3 3315294934906064 37.8
19408900 1881384112 49.1 3392178951533776 38.7
19412300 1881803912 49.1 3392465466111184 38.7
20443400 1926434412 50.3 3502229781034192 40.0
20451300 1926980212 50.3 3502571839010000 40.0
20451400 1926981412 50.3 3502571925986704 40.0
21482000 1968891712 51.4 3605962173898128 41.2
21486600 1969412712 51.4 3606307424394640 41.2
21486800 1969414112 51.4 3606307519705136 41.2
22614300 2009056112 52.4 3704548844825504 42.3
22614400 2009057212 52.4 3704548972006304 42.3
23671200 2046352212 53.4 3797175604054944 43.3
23671300 2046353812 53.4 3797175678463440 43.3
24623200 2046356012 53.4 3797175861491440 43.3
24623300 2081631512 54.3 3885465516095216 44.3
25571300 2114684112 55.2 3968540544645936 45.3
26625900 2146152112 56.0 4048372368456496 46.2
26626000 2146152912 56.0 4048372373634696 46.2
26626100 2146154112 56.0 4048372476715192 46.2
27795700 2146155512 56.0 4048372542565792 46.2
27795900 2146382512 56.0 4048524538097056 46.2
27805800 2185779612 57.1 4149417992334752 47.4
27805900 2185780412 57.1 4149418034298852 47.4
29021000 2222322612 58.0 4243460881481700 48.4
29038100 2222657812 58.0 4243692254412772 48.4
29038200 2222659412 58.0 4243692386713572 48.4
30266100 2256747212 58.9 4332287378259940 49.4
30276400 2256747812 58.9 4332287407272140 49.4
30276500 2257170312 58.9 4332562936475852 49.5
30276800 2257172612 58.9 4332563220264652 49.5
31416800 2289371612 59.8 4416794575369932 50.4
31419700 2289372112 59.8 4416794599945932 50.4
31420300 2289756512 59.8 4417052338452172 50.4
31430700 2289934612 59.8 4417182870369996 50.4
32511200 2289935612 59.8 4417182916917496 50.4
32511300 2289937012 59.8 4417182972956996 50.4
32511500 2320264512 60.6 4497321123565892 51.3
32517400 2320708212 60.6 4497594885148996 51.3
33910200 2356504812 61.5 4592831649354052 52.4
33910300 2356505512 61.5 4592831786979652 52.4
33910400 2356505812 61.5 4592831798999552 52.4
33918600 2356918012 61.5 4593130712988160 52.4
35339000 2390185012 62.4 4681438763809280 53.4
35339100 2390185612 62.4 4681438777735680 53.4
35339200 2390185812 62.4 4681438789550680 53.4
35351000 2390554412 62.4 4681676686901848 53.4
36568600 2390555012 62.4 4681676713525848 53.4
36568700 2390555212 62.4 4681676736258648 53.4
36568800 2390556012 62.4 4681676749499448 53.4
36568900 2421649212 63.2 4764847432231992 54.4
36573700 2422019412 63.2 4765096431692856 54.4
37903000 2422020912 63.2 4765096490657656 54.4
37903100 2451178212 64.0 4844004678395768 55.3
37903300 2451178612 64.0 4844004722632568 55.3
37919800 2451580812 64.0 4844249753266040 55.3
39352300 2451580912 64.0 4844249753407640 55.3
39352700 2484375612 64.9 4932891886005152 56.3
39352800 2484375912 64.9 4932891904772352 56.3
39352900 2484376612 64.9 4932891939997952 56.3
39357100 2484764812 64.9 4933142488828160 56.3
40958100 2484765012 64.9 4933142491080960 56.3
40958200 2515439412 65.7 5016364235270400 57.3
40958400 2515439512 65.7 5016364235401500 57.3
40958600 2515439712 65.7 5016364247205000 57.3
40958700 2515440012 65.7 5016364247819400 57.3
40967200 2515777112 65.7 5016577779410056 57.3
42060100 2544415112 66.4 5094903822918792 58.2
42060200 2544415612 66.4 5094903836984792 58.2
42060400 2544417112 66.4 5094903888929692 58.2
42085700 2544685912 66.4 5095069179159452 58.2
43536100 2544687612 66.4 5095069263113548 58.2
43536200 2571314112 67.1 5167713014653796 59.0
43536300 2571314712 67.1 5167713054729096 59.0
43538100 2571679112 67.1 5167982142595976 59.0
44941600 2601080712 67.9 5248637803209608 59.9
44942400 2601081312 67.9 5248637815627408 59.9
44942700 2601130212 67.9 5248667240472208 59.9
44943300 2601131012 67.9 5248667275020108 59.9
44959400 2601270412 67.9 5248758661056332 59.9
46444700 2601271012 67.9 5248758707750732 59.9
46445400 2628600112 68.6 5324498845402956 60.8
46457100 2628600612 68.6 5324498934490956 60.8
46457400 2628641812 68.6 5324527713050444 60.8
46460000 2628994712 68.6 5324764661407564 60.8
46460100 2628995512 68.6 5324764720112664 60.8
46477800 2629080412 68.6 5324821789271064 60.8
48036400 2629081212 68.6 5324821829822364 60.8
48036500 2654618312 69.3 5395399592945564 61.6
48036700 2654618412 69.3 5395399593087164 61.6
48037400 2654618712 69.3 5395399595544764 61.6
48047900 2654657812 69.3 5395426675202236 61.6
48048900 2654658112 69.3 5395426698064936 61.6
48066400 2654954112 69.3 5395615231177768 61.6
49475900 2654954712 69.3 5395615263668368 61.6
49476000 2654955012 69.3 5395615278543868 61.6
49476100 2682222312 70.0 5471140769125372 62.4
49476300 2682222812 70.0 5471140798411772 62.4
49476400 2682223612 70.0 5471140817940972 62.4
49476500 2682223812 70.0 5471140818350572 62.4
51179800 2708029112 70.7 5542688774320620 63.3
51179900 2708029312 70.7 5542688786545320 63.3
51180000 2708029612 70.7 5542688788853920 63.3
51180100 2708030312 70.7 5542688793911220 63.3
51180300 2708031212 70.7 5542688930568116 63.3
51180500 2708031312 70.7 5542688939784116 63.3
51181000 2708031412 70.7 5542688949000116 63.3
52835300 2708141812 70.7 5542761507280820 63.3
52842000 2708210012 70.7 5542820647925684 63.3
52862100 2708237812 70.7 5542835032463284 63.3
52866700 2708238012 70.7 5542835034641684 63.3
52867000 2708238512 70.7 5542835081950484 63.3
52867200 2735372112 71.4 5617805069890836 64.1
52871100 2735405912 71.4 5617827144133908 64.1
52888800 2735406612 71.4 5617827172191508 64.1
52888900 2735437112 71.4 5617848936697108 64.1
54589100 2735437212 71.4 5617848947961108 64.1
54589400 2735437512 71.4 5617848958201108 64.1
54589500 2735437912 71.4 5617848997040508 64.1
54589600 2735438212 71.4 5617849016086908 64.1
54589900 2760353412 72.1 5687900551426428 64.9
54616700 2760631912 72.1 5688085066035580 64.9
54617400 2760632412 72.1 5688085092045180 64.9
56303500 2760746112 72.1 5688157352653180 64.9
56303600 2760746212 72.1 5688157354701180 64.9
56331400 2760778712 72.1 5688182517043580 64.9
56336100 2786431012 72.7 5760716293837180 65.8
56346000 2786485112 72.7 5760758433669500 65.8
56356800 2786546912 72.7 5760797730488700 65.8
56374400 2786547612 72.7 5760797898424700 65.8
56374700 2786576012 72.7 5760813893919100 65.8
56376000 2786596012 72.7 5760824249835900 65.8
57974100 2786654312 72.7 5760856531435900 65.8
57984300 2786703912 72.8 5760889983467900 65.8
58004900 2786704412 72.8 5760890007980500 65.8
58005100 2786735312 72.8 5760908942485972 65.8
58006000 2786794312 72.8 5760949442034132 65.8
58015900 2810693512 73.4 5828820507539924 66.5
60109800 2810694012 73.4 5828820532462224 66.5
60110400 2811007612 73.4 5828995897787024 66.5
60110500 2811008912 73.4 5828995951306824 66.5
60113900 2811009712 73.4 5828995996839424 66.5
60114100 2835221212 74.0 5898383127080448 67.3
60114200 2835221812 74.0 5898383177807648 67.3
61491300 2835387512 74.0 5898489760257824 67.3
61560100 2835388912 74.0 5898489823748524 67.3
61560800 2858053712 74.6 5963189773132204 68.1
61563100 2858075812 74.6 5963202319589804 68.1
63473600 2858077612 74.6 5963202453155508 68.1
63474700 2858130112 74.6 5963239825059508 68.1
63491600 2858169512 74.6 5963273666006708 68.1
63505100 2881289412 75.2 6029791393189556 68.8
63528200 2881455812 75.2 6029901287231156 68.8
64883600 2881480012 75.2 6029913741260468 68.8
64883900 2881480512 75.2 6029913767528768 68.8
64916400 2881578312 75.2 6029976389962048 68.8
64917400 2881579012 75.2 6029976418710248 68.8
64922500 2903130712 75.8 6091571274511080 69.5
64926000 2903179912 75.8 6091604933733096 69.5
64953000 2903229512 75.8 6091627983006440 69.5
67008000 2903356312 75.8 6091701359553256 69.5
67010400 2903356912 75.8 6091701427342056 69.5
67010500 2903506212 75.8 6091790602103352 69.5
67010700 2903506312 75.8 6091790666410552 69.5
67011200 2924890112 76.4 6153891749538360 70.2
67050900 2924936012 76.4 6153927846009400 70.2
68220900 2925020712 76.4 6153983299426872 70.2
68270600 2925038812 76.4 6153991085233720 70.2
68285300 2944915212 76.9 6211241225098808 70.9
68300200 2944952812 76.9 6211265289508408 70.9
68308000 2944953312 76.9 6211265311346408 70.9
68308100 2944999012 76.9 6211290147165928 70.9
68312100 2945059812 76.9 6211327259952872 70.9
70078700 2945117612 76.9 6211364988749544 70.9
70116100 2945155812 76.9 6211386655221480 70.9
70128500 2965118012 77.4 6268953678948072 71.6
70156200 2965151312 77.4 6268975949440744 71.6
70158600 2965184512 77.4 6268995970615016 71.6
70183800 2965204412 77.4 6269008846930664 71.6
70193700 2965232312 77.4 6269022782064360 71.6
70250400 2965262812 77.4 6269041902192360 71.6
72269800 2985053112 77.9 6326111041062632 72.2
72291900 2985053512 77.9 6326111057577432 72.2
72292600 2985150212 77.9 6326178197505496 72.2
72295700 2985151512 77.9 6326178242020496 72.2
72296000 2985181012 77.9 6326193649539216 72.2
72296400 2985181412 77.9 6326193664006016 72.2
72302400 2985242712 77.9 6326230734649216 72.2
72337300 2985260612 77.9 6326240138860416 72.2
73673500 2985325312 77.9 6326276616607616 72.2
73724300 2985362112 77.9 6326299278892928 72.2
73747100 2985406812 77.9 6326320738582400 72.2
73756900 2985481612 77.9 6326362716786560 72.2
73757300 2985482012 77.9 6326362810994560 72.2
73769900 2985500912 77.9 6326374539622272 72.2
73787000 2985530412 77.9 6326387562239872 72.2
73792300 3004972412 78.4 6383300131936128 72.9
75421500 3005000412 78.4 6383315783870336 72.9
75503700 3005036612 78.5 6383339465770880 72.9
75513200 3005063312 78.5 6383356504714112 72.9
75545200 3005063912 78.5 6383356542192512 72.9
75545900 3005080112 78.5 6383368676312960 72.9
75554900 3023340012 78.9 6436643664562048 73.5
75555400 3023340812 78.9 6436643701565348 73.5
75560200 3023419712 78.9 6436690806515620 73.5
75571500 3023490712 78.9 6436729145075620 73.5
77376100 3023526012 78.9 6436746627547044 73.5
77391000 3023539712 78.9 6436753159233444 73.5
77448800 3023551112 78.9 6436759535681444 73.5
77451000 3023608612 78.9 6436794893172644 73.5
77480700 3041908212 79.4 6490034561187748 74.1
77482900 3041948512 79.4 6490062283734948 74.1
77484700 3041949112 79.4 6490062389002148 74.1
77485800 3041970612 79.4 6490072886706084 74.1
77511400 3041995612 79.4 6490091086534564 74.1
79201700 3042021112 79.4 6490102735558564 74.1
79218100 3042046712 79.4 6490122745747364 74.1
79223500 3042105112 79.4 6490160961210276 74.1
79233100 3059965612 79.9 6542274773174180 74.7
79242100 3059991312 79.9 6542286959043492 74.7
79269900 3059992012 79.9 6542287001704392 74.7
79270300 3060036212 79.9 6542320142030792 74.7
79295300 3060049612 79.9 6542327472232392 74.7
80630400 3060075312 79.9 6542346967599048 74.7
80639500 3060102412 79.9 6542360140744648 74.7
80652400 3060188012 79.9 6542417220659144 74.7
80671000 3060188312 79.9 6542417230284744 74.7
80671400 3060188512 79.9 6542417241343944 74.7
80671700 3060211812 79.9 6542428468202440 74.7
80677400 3060236912 79.9 6542441093303240 74.7
80691300 3060280712 79.9 6542464180612040 74.7
80692200 3077909512 80.4 6594243719130056 75.3
82318700 3077942512 80.4 6594256291317704 75.3
82361000 3077999712 80.4 6594289688668104 75.3
82361900 3095186812 80.8 6644372480223176 75.8
82374100 3095209412 80.8 6644384327970760 75.8
82389000 3095250312 80.8 6644403823024072 75.8
82425200 3095292212 80.8 6644427259373512 75.8
82425900 3095324912 80.8 6644441378909128 75.8
84889900 3095344312 80.8 6644452113835976 75.8
84895200 3095388312 80.8 6644477769885640 75.8
84896200 3095422812 80.8 6644496565815240 75.8
84897200 3095495812 80.8 6644541742381000 75.8
84935500 3112390912 81.3 6694515565918152 76.4
84971200 3112417712 81.3 6694529267179464 76.4
84975400 3112445912 81.3 6694548144209864 76.4
86397300 3112469312 81.3 6694566261970888 76.4
86429400 3112493312 81.3 6694585197920200 76.4
86480900 3112549512 81.3 6694616633305032 76.4
86481000 3112585212 81.3 6694635985010632 76.4
86487800 3129154612 81.7 6743874119237576 77.0
86505300 3129155012 81.7 6743874150981576 77.0
86505700 3129179612 81.7 6743888233095112 77.0
86540100 3129212812 81.7 6743918713683912 77.0
87722500 3129240712 81.7 6743935160762312 77.0
87734200 3129291712 81.7 6743962328301512 77.0
87776200 3145390112 82.1 6791521440694216 77.5
87780200 3145432212 82.1 6791544889657288 77.5
87817300 3145432712 82.1 6791544913751288 77.5
87817700 3145458312 82.1 6791555319164152 77.5
87833000 3145490212 82.1 6791574721711352 77.5
87854000 3145580412 82.1 6791622931188984 77.5
89775600 3161577712 82.5 6838809736187128 78.1
89799400 3161619812 82.5 6838834032495864 78.1
89835300 3161640112 82.5 6838846484466936 78.1
89836800 3161672512 82.5 6838864440300792 78.1
89885100 3161734912 82.5 6838909635769592 78.1
89896900 3161767812 82.5 6838925746361592 78.1
89926200 3161778012 82.5 6838933609788664 78.1
89950700 3161815412 82.5 6838954890351864 78.1
91592900 3161847012 82.5 6838973829373176 78.1
91635100 3161885512 82.5 6838997496943864 78.1
91714000 3161924212 82.5 6839023910614264 78.1
91726000 3161953012 82.5 6839041560339704 78.1
91726700 3161986612 82.5 6839058748308728 78.1
91753100 3162026312 82.5 6839077486396664 78.1
91764800 3177723512 83.0 6885985412121848 78.6
91770900 3177741512 83.0 6885994478208248 78.6
91814400 3177770512 83.0 6886012822349048 78.6
94580700 3177802812 83.0 6886034901685496 78.6
94605000 3177821212 83.0 6886046705259768 78.6
94630400 3177831612 83.0 6886053626605816 78.6
94637700 3177860512 83.0 6886071786967288 78.6
94644500 3177889212 83.0 6886088576676088 78.6
94648600 3177915712 83.0 6886102619328760 78.6
94648900 3177947312 83.0 6886119393472760 78.6
94666000 3193902112 83.4 6933877735305464 79.1
94673200 3193934912 83.4 6933894357692664 79.1
94687200 3193958112 83.4 6933909453705464 79.1
96311400 3193985112 83.4 6933929119830264 79.1
96370100 3193999212 83.4 6933940640293112 79.1
96387200 3194030312 83.4 6933961660838136 79.1
96417100 3194085412 83.4 6934000186319096 79.1
96418500 3209715612 83.8 6981063032856824 79.7
96430200 3209740212 83.8 6981085398784248 79.7
96438300 3209763912 83.8 6981100214969592 79.7
96462000 3209818812 83.8 6981135450469624 79.7
96494300 3209834012 83.8 6981150197912824 79.7
98586000 3209875512 83.8 6981179283954936 79.7
98668200 3209933712 83.8 6981221303450872 79.7
98727900 3209962412 83.8 6981238888465656 79.7
98730900 3209973312 83.8 6981247589245176 79.7
98782400 3210010612 83.8 6981269156389112 79.7
98789700 3210068112 83.8 6981304955134200 79.7
98802000 3225468112 84.2 7027949591814392 80.2
98841700 3225494912 84.2 7027969555962104 80.2
101369000 3225527012 84.2 7027986112608504 80.2
101381100 3225563412 84.2 7028008976609528 80.2
101408600 3225607512 84.2 7028034828640504 80.2
101453600 3225634412 84.2 7028048919494904 80.2
101471300 3225682812 84.2 7028073499662584 80.2
101474800 3225704012 84.2 7028083661969656 80.2
101496700 3241328612 84.6 7075502848186616 80.8
101558200 3241365212 84.6 7075524614189304 80.8
104147100 3241390312 84.6 7075539947087096 80.8
104204200 3241428412 84.6 7075570704221432 80.8
104239000 3241441412 84.6 7075577227436280 80.8
104253900 3241480912 84.6 7075608819257592 80.8
104260900 3241515912 84.6 7075624395196664 80.8
104276400 3256890112 85.0 7122200392091896 81.3
104299800 3256928712 85.0 7122230786263288 81.3
104335000 3256966612 85.0 7122253142436088 81.3
104357900 3257015412 85.0 7122279819817208 81.3
107317500 3272327812 85.4 7169716550807800 81.8
107318700 3272365512 85.4 7169744310876408 81.8
107395100 3272423612 85.4 7169773834359032 81.8
107398600 3272460812 85.4 7169792779997432 81.8
107403100 3272493812 85.4 7169811064058104 81.8
107408700 3272520812 85.4 7169824928254200 81.8
107466000 3272552112 85.4 7169845228577016 81.8
107509100 3272586612 85.4 7169865955911928 81.8
107564000 3272613612 85.4 7169884240584952 81.8
110711700 3272643612 85.4 7169901479215352 81.8
110757000 3272670412 85.4 7169919321391352 81.8
110773300 3272698512 85.4 7169939132031224 81.8
110773700 3272758012 85.4 7169984922628344 81.8
110779100 3287983712 85.8 7217305026801912 82.4
110802900 3288002912 85.8 7217315993841912 82.4
110819900 3288018012 85.8 7217330354553080 82.4
110886700 3288048612 85.8 7217360148297976 82.4
110906700 3288092812 85.8 7217397606357240 82.4
113085300 3288143312 85.8 7217428929419512 82.4
113129400 3288176312 85.8 7217454464293112 82.4
113151400 3288203012 85.8 7217477335464184 82.4
113165100 3303092812 86.2 7263861564586232 82.9
113179100 3303102712 86.2 7263866137285880 82.9
113203600 3303151312 86.2 7263899183258872 82.9
113207200 3303186012 86.2 7263921238895864 82.9
113228200 3303225912 86.2 7263943449455864 82.9
113367300 3303266012 86.2 7263967834172664 82.9
116130100 3317899612 86.6 7310264280706296 83.4
116232600 3317922512 86.6 7310277903109368 83.4
116246700 3317959012 86.6 7310301045509368 83.4
116281700 3317977212 86.6 7310315020574968 83.4
116283400 3318025212 86.6 7310338320859384 83.4
116294600 3318061012 86.6 7310357869019384 83.4
116327800 3318106612 86.6 7310378481590520 83.4
116350900 3318146512 86.6 7310408342864120 83.4
119924500 3318169112 86.6 7310418968641784 83.4
119927600 3318200612 86.6 7310437009604856 83.4
119944200 3318242112 86.6 7310462014593272 83.4
119950100 3318280512 86.6 7310482902900984 83.4
119999500 3318305912 86.6 7310499262401784 83.4
120004500 3318326612 86.6 7310520233039096 83.4
120006100 3318367612 86.6 7310552125109496 83.4
120067800 3332859612 87.0 7356336094803192 84.0
120092600 3332924912 87.0 7356380672111864 84.0
123498800 3347125012 87.4 7401382072759544 84.5
123538000 3347164612 87.4 7401412468294904 84.5
123540600 3347170512 87.4 7401415773488376 84.5
123564000 3347194712 87.4 7401430287054072 84.5
123579900 3347223012 87.4 7401446684161272 84.5
123588700 3347272112 87.4 7401484960797944 84.5
123640600 3347299812 87.4 7401503884522744 84.5
123649200 3347333112 87.4 7401528133948664 84.5
123675800 3347380212 87.4 7401559025161464 84.5
127080700 3361380412 87.8 7447001817584888 85.0
127085100 3361409112 87.8 7447020534459640 85.0
127086400 3361417012 87.8 7447024667528440 85.0
127103000 3361461712 87.8 7447057101499640 85.0
127106900 3361505212 87.8 7447091872177400 85.0
127111600 3361524312 87.8 7447101135002872 85.0
127138200 3361571412 87.8 7447127883250936 85.0
127155800 3361597312 87.8 7447140929142008 85.0
127156100 3361597512 87.8 7447140929474708 85.0
130696600 3361671112 87.8 7447193899077780 85.0
130697100 3361671812 87.8 7447193921053080 85.0
130703700 3361688012 87.8 7447203247030680 85.0
130724200 3361752812 87.8 7447231402580376 85.0
130734700 3375908712 88.1 7492987748587928 85.5
130761700 3375978712 88.1 7493027801528728 85.5
130770700 3375992612 88.1 7493036067182488 85.5
130852200 3376050712 88.1 7493083923478424 85.5
134938300 3390040012 88.5 7538876302751640 86.0
134938500 3390041512 88.5 7538876449937048 86.0
134939700 3390042112 88.5 7538876484894648 86.0
134944600 3390191812 88.5 7538971334950840 86.0
134945700 3390192212 88.5 7538971359862440 86.0
134992400 3390192512 88.5 7538971368939140 86.0
134992800 3390193412 88.5 7538971419319940 86.0
134993400 3390263112 88.5 7539006457798276 86.0
139151300 3390324812 88.5 7539041934818948 86.0
139156400 3390359612 88.5 7539061321801348 86.0
139218900 3390388112 88.5 7539070668258948 86.0
139226300 3390414212 88.5 7539081357454980 86.0
139226600 3390420012 88.5 7539084094057860 86.0
139294400 3390479612 88.5 7539115580220804 86.0
139323300 3390526412 88.5 7539138829180292 86.1
139330900 3404653512 88.9 7585327171722628 86.6
139448500 3404711412 88.9 7585366068092292 86.6
143539500 3404721212 88.9 7585371774305668 86.6
143540500 3418843112 89.3 7632196304684420 87.1
143548400 3418914112 89.3 7632242035627396 87.1
143551200 3418945512 89.3 7632265859118468 87.1
143552600 3418946312 89.3 7632265901166268 87.1
143557600 3418983412 89.3 7632284073248444 87.1
143612800 3419048712 89.3 7632326243821244 87.1
143624300 3419078012 89.3 7632342709614268 87.1
143625000 3419078812 89.3 7632342787233468 87.1
143672100 3419160912 89.3 7632381503309500 87.1
149218800 3419161912 89.3 7632381522976900 87.1
149219000 3433573312 89.6 7680529217855620 87.7
149222000 3433694012 89.6 7680595531686020 87.7
149257300 3433743612 89.6 7680621965889668 87.7
149257700 3433751412 89.6 7680624701050500 87.7
149258000 3433752012 89.6 7680624725626500 87.7
149332300 3433854512 89.6 7680690820583044 87.7
153866200 3433855512 89.6 7680690861190544 87.7
153866500 3448488812 90.0 7730198139710864 88.2
153949500 3448557712 90.0 7730229677995408 88.2
153950300 3448557812 90.0 7730229742302608 88.2
153950700 3448558012 90.0 7730229752337808 88.2
153950800 3448558412 90.0 7730229868188912 88.2
153951300 3448559112 90.0 7730229914615112 88.2
153951500 3448559712 90.0 7730229933585912 88.2
153952000 3448560312 90.0 7730229943545612 88.2
160012500 3463436812 90.4 7780824670875404 88.8
160023400 3463803912 90.4 7781042542898956 88.8
160104300 3463805112 90.4 7781042684673548 88.8
160105100 3463981012 90.4 7781106745908748 88.8
160121200 3464009612 90.4 7781129870894604 88.8
160122800 3464010412 90.4 7781130026337804 88.8
160157900 3464081912 90.4 7781177609917964 88.8
160158300 3464082412 90.4 7781177622898964 88.8
166052900 3478606812 90.8 7830282189187376 89.4
166053200 3478607412 90.8 7830282217998676 89.4
166133700 3478608312 90.8 7830282366818580 89.4
166134000 3478609312 90.8 7830282424017580 89.4
166134400 3478964812 90.8 7830519538328236 89.4
171369200 3492915112 91.2 7877074001666732 89.9
171369400 3492916312 91.2 7877074041880732 89.9
171369500 3492916812 91.2 7877074070426032 89.9
171370100 3492917812 91.2 7877074181499328 89.9
171468100 3493322612 91.2 7877298197670336 89.9
171468600 3493323212 91.2 7877298237884836 89.9
171468800 3493324112 91.2 7877298265998536 89.9
171468900 3493325112 91.2 7877298307015136 89.9
176636800 3493325612 91.2 7877298313503436 89.9
176638000 3505639512 91.5 7918602820284688 90.4
176655200 3505640612 91.5 7918602846918488 90.4
176655600 3505641112 91.5 7918602875590488 90.4
176655700 3505959612 91.5 7918800146323288 90.4
176655800 3505960012 91.5 7918800161888088 90.4
176746900 3506065312 91.5 7918856437991256 90.4
182086200 3506074212 91.5 7918861173925720 90.4
182129400 3506075012 91.5 7918861193923920 90.4
182130000 3506075612 91.5 7918861197259320 90.4
182130600 3516603512 91.8 7952974444769848 90.8
182132000 3516604212 91.8 7952974490084048 90.8
182140800 3516641512 91.8 7952991764071120 90.8
182148200 3516805012 91.8 7953078171370192 90.8
182199600 3516841912 91.8 7953103980815056 90.8
185785800 3525781412 92.0 7981255660626640 91.1
185786000 3525781812 92.0 7981255676191440 91.1
185802200 3525895112 92.0 7981315821650640 91.1
185837100 3525895912 92.0 7981315864373640 91.1
185838300 3525896612 92.0 7981315886344540 91.1
185838500 3525982712 92.1 7981365810235740 91.1
185867500 3526009112 92.1 7981387520264540 91.1
185988400 3526027412 92.1 7981398714569052 91.1
189477600 3526039212 92.1 7981402327975004 91.1
189479300 3526079012 92.1 7981421588872284 91.1
189483300 3526094412 92.1 7981427164405340 91.1
189530800 3526150612 92.1 7981451832082012 91.1
189538000 3526151012 92.1 7981451834671212 91.1
189538400 3526167812 92.1 7981458767765612 91.1
189549900 3533770312 92.3 8004816196624492 91.4
189623100 3533822812 92.3 8004842363986028 91.4
189652400 3533852212 92.3 8004861031506028 91.4
193077700 3533931912 92.3 8004899814686828 91.4
193084600 3533996212 92.3 8004934235488364 91.4
193086500 3533996912 92.3 8004934315367764 91.4
193177500 3540739712 92.4 8025399316536660 91.6
193178200 3540740412 92.4 8025399348422260 91.6
193178800 3540741012 92.4 8025399380575860 91.6
193184300 3540744912 92.4 8025400000971188 91.6
193185200 3540745812 92.4 8025400045617588 91.6
193235800 3540788412 92.4 8025425636217268 91.6
194733700 3540822812 92.4 8025438968764852 91.6
194956800 3540846512 92.4 8025452623600052 91.6
194991300 3540868112 92.4 8025460833752500 91.6
195018000 3540894312 92.4 8025471753688500 91.6
195067700 3540912012 92.4 8025479797956020 91.6
195125100 3547151712 92.6 8044135282007476 91.8
195238700 3547180912 92.6 8044146762552756 91.8
195260300 3547201512 92.6 8044155055991220 91.8
195303700 3547220812 92.6 8044163155358644 91.8
197466000 3547242612 92.6 8044175488752564 91.8
197517700 3553295112 92.8 8061563291605940 92.0
197523300 3553314512 92.8 8061570745642420 92.0
197581400 3553333112 92.8 8061579077930420 92.0
197592100 3553358312 92.8 8061593194107316 92.0
197603300 3553375912 92.8 8061599301384628 92.0
197633900 3553402012 92.8 8061606763067828 92.0
197669800 3553425512 92.8 8061620672199092 92.0
197673200 3553437412 92.8 8061625660651444 92.0
197712200 3553455612 92.8 8061633883101108 92.0
200193900 3559369412 92.9 8078748485769140 92.2
200213700 3559398512 92.9 8078761036866484 92.2
200230700 3559425912 92.9 8078776446825396 92.2
200289900 3559449312 92.9 8078791299802036 92.2
200349800 3559473412 92.9 8078805068645300 92.2
200370400 3559494012 92.9 8078813407552436 92.2
200398100 3559517912 92.9 8078827537041332 92.2
200439500 3559549412 92.9 8078843875506100 92.2
200496900 3559569112 92.9 8078851179017652 92.2
204011900 3559611012 92.9 8078870428988852 92.2
204017000 3559633612 92.9 8078883681036724 92.2
204020500 3559643712 92.9 8078888479153588 92.2
204036400 3559664912 92.9 8078900477007284 92.2
204076800 3559672412 92.9 8078902733020596 92.2
204110000 3565686012 93.1 8096263335812532 92.4
204135800 3565709412 93.1 8096273901444532 92.4
204148300 3565745612 93.1 8096291224786356 92.4
204200600 3565788812 93.1 8096308385928628 92.4
207524300 3572054212 93.3 8114747844449716 92.6
207671700 3572102512 93.3 8114774092641716 92.6
207674500 3572127112 93.3 8114781252449716 92.6
207754600 3572172012 93.3 8114815008945588 92.6
207755300 3572188512 93.3 8114824700834228 92.6
207812300 3572225812 93.3 8114847131695540 92.6
207817700 3572255912 93.3 8114869117706676 92.6
207860200 3572300312 93.3 8114896408459700 92.6
207861400 3572300612 93.3 8114896424843700 92.6
212007600 3572359712 93.3 8114934555941300 92.6
212083700 3572360312 93.3 8114934728792500 92.6
212085100 3572381312 93.3 8114942540813748 92.6
212105300 3578914612 93.4 8135126972405172 92.9
212136100 3578923012 93.4 8135134777602996 92.9
212158600 3578950812 93.4 8135142869865396 92.9
212206400 3579030712 93.4 8135177390953396 92.9
212214200 3579116212 93.4 8135223239119796 92.9
217740500 3586178112 93.6 8157049478583220 93.1
217758000 3586229212 93.6 8157076571642804 93.1
217806400 3586250712 93.6 8157088813153204 93.1
217900900 3586251412 93.6 8157088849737404 93.1
217901400 3586372512 93.6 8157162542085820 93.1
217902200 3586413412 93.6 8157193918267620 93.1
223330900 3586414612 93.6 8157194083541220 93.1
223331000 3586415312 93.6 8157194107298020 93.1
223331300 3586416012 93.6 8157194149421020 93.1
223331700 3594421712 93.8 8183001093758940 93.4
223384000 3594732212 93.8 8183182381817820 93.4
223512400 3594771512 93.8 8183206971410396 93.4
223512600 3594772112 93.8 8183206998648796 93.4
223512800 3594826912 93.8 8183230457649116 93.4
230177200 3594827412 93.8 8183230458466116 93.4
230177300 3603217912 94.1 8210716800028484 93.7
230177400 3603218812 94.1 8210716852988784 93.7
230177900 3603462012 94.1 8210859074153328 93.7
230178800 3603462512 94.1 8210859081258328 93.7
230371700 3603463112 94.1 8210859129795928 93.7
230372100 3603504912 94.1 8210890705927512 93.7
230372600 3603506212 94.1 8210890787094712 93.7
230373300 3603506612 94.1 8210890791600312 93.7
237123700 3603555312 94.1 8210911993315512 93.7
237191300 3603555412 94.1 8210911993500612 93.7
237192200 3610739112 94.3 8233612866982852 94.0
237192800 3610739312 94.3 8233612869172452 94.0
237193500 3610739612 94.3 8233612887809252 94.0
237193800 3610739912 94.3 8233612901874652 94.0
237230600 3610790012 94.3 8233640238506972 94.0
237314100 3610815712 94.3 8233650396576732 94.0
237351600 3611098112 94.3 8233821766597596 94.0
241021600 3616685812 94.4 8250695508212700 94.2
241035000 3616718012 94.4 8250718231518172 94.2
241107000 3616730812 94.4 8250723555908572 94.2
241151900 3616783112 94.4 8250757013603292 94.2
241205500 3616792912 94.4 8250763807985116 94.2
241213300 3616810912 94.4 8250774483992028 94.2
241280700 3616845312 94.4 8250792936807900 94.2
241294000 3616932112 94.4 8250832848158172 94.2
247468100 3616950012 94.4 8250840503786972 94.2
247613700 3616974812 94.4 8250850583838172 94.2
247626200 3617003712 94.4 8250864416644572 94.2
247676200 3617027712 94.4 8250873061467612 94.2
247729300 3617071112 94.4 8250895877137884 94.2
247780700 3617081912 94.4 8250900849602012 94.2
247851100 3621609512 94.5 8264291850890716 94.3
247996100 3621627812 94.5 8264298643892700 94.3
248015500 3621643412 94.5 8264302613381340 94.3
249670500 3621660212 94.5 8264308580518620 94.3
249762900 3621685512 94.5 8264322711309020 94.3
249814800 3625846312 94.7 8275767009233628 94.5
249829400 3625871812 94.7 8275775414764764 94.5
249941200 3625894112 94.7 8275782463775964 94.5
249960300 3625915912 94.7 8275789588282588 94.5
250129700 3625939812 94.7 8275800501945564 94.5
250137600 3625960112 94.7 8275807440085212 94.5
250243300 3625975312 94.7 8275812690809052 94.5
250285800 3626000412 94.7 8275826448732380 94.5
253289400 3626030712 94.7 8275848905924828 94.5
253332400 3626087612 94.7 8275874741270748 94.5
253416300 3626120312 94.7 8275887444400348 94.5
253449600 3626149412 94.7 8275905949718748 94.5
253519600 3626167012 94.7 8275913905313500 94.5
253521800 3630343412 94.8 8287504749074140 94.6
253534100 3630373512 94.8 8287518765482716 94.6
253582700 3630378412 94.8 8287520122077916 94.6
253625800 3630381312 94.8 8287522334466012 94.6
256777800 3630407312 94.8 8287535443194844 94.6
256802400 3630440912 94.8 8287554089749468 94.6
256899900 3630465112 94.8 8287568614575068 94.6
256922300 3634906712 94.9 8300194991098844 94.7
257010500 3634937112 94.9 8300209551749084 94.7
257112900 3634990512 94.9 8300239854776284 94.7
257135400 3635028412 94.9 8300260415123420 94.7
257155400 3635063612 94.9 8300281888718812 94.7
257212500 3635089112 94.9 8300298161180636 94.7
262161200 3640124412 95.0 8315508605407196 94.9
262250800 3640152212 95.0 8315520422022108 94.9
262301500 3640190712 95.0 8315533968656348 94.9
262308000 3640309312 95.0 8315605725046748 94.9
262322200 3640399112 95.0 8315657894832092 94.9
262347600 3640422012 95.0 8315667594091484 94.9
262349900 3640422412 95.0 8315667626793484 94.9
262395500 3640432112 95.0 8315670960459788 94.9
262533500 3640441312 95.0 8315675288769036 94.9
270569500 3646493612 95.2 8334614595080716 95.1
270769100 3646569612 95.2 8334660459479564 95.1
270769900 3646570712 95.2 8334660553058268 95.1
270771700 3646639212 95.2 8334696017172444 95.1
270796900 3646640012 95.2 8334696062490444 95.1
270797100 3646640612 95.2 8334696109255244 95.1
270799000 3646711512 95.2 8334746104080972 95.1
270800100 3646712312 95.2 8334746157672972 95.1
277418500 3646796112 95.2 8334784420456972 95.1
277426800 3652296512 95.3 8351801890384396 95.3
277431900 3652488212 95.4 8351910793128460 95.3
277539100 3652518312 95.4 8351925087685132 95.3
277628600 3652521212 95.4 8351926617065484 95.3
277633900 3652574912 95.4 8351949100140556 95.3
277664800 3652609412 95.4 8351963511776268 95.3
277822300 3652623012 95.4 8351970724961804 95.3
287114900 3652636512 95.4 8351977062213132 95.3
287199300 3652668312 95.4 8351992926213644 95.3
287212100 3652689512 95.4 8352002318700044 95.3
287212700 3652689912 95.4 8352002331257244 95.3
287239700 3652718512 95.4 8352015840127388 95.3
287337700 3652723112 95.4 8352017890044572 95.3
287353800 3656534412 95.5 8362911104658076 95.5
287458600 3656582512 95.5 8362934148129436 95.5
287635400 3656596012 95.5 8362939176788636 95.5
287985700 3659750412 95.5 8371724273394332 95.6
288006700 3659765512 95.5 8371732685283996 95.6
288068600 3659767412 95.5 8371733182871996 95.6
288069600 3659767812 95.5 8371733194955196 95.6
288269000 3659803512 95.5 8371750724401596 95.6
288277300 3659830512 95.5 8371763017577916 95.6
288310100 3659866512 95.5 8371789122344380 95.6
288317700 3659902312 95.5 8371802129937852 95.6
288915800 3659934012 95.5 8371831321861564 95.6
288956100 3659988412 95.5 8371856914693564 95.6
289031100 3659997112 95.5 8371862525740476 95.6
289056800 3660012312 95.5 8371870057863612 95.6
289090500 3660012812 95.5 8371870064032812 95.6
289093100 3660034612 95.5 8371887211317292 95.6
289210400 3663165412 95.6 8380197192894508 95.6
289410300 3663198412 95.6 8380216374192172 95.6
289483000 3663220712 95.6 8380224057320492 95.7
295273400 3663273912 95.6 8380249033221164 95.7
295275400 3666966212 95.7 8390395899749420 95.8
295494000 3666989012 95.7 8390405004815404 95.8
295527600 3666991512 95.7 8390405712672108 95.8
295531200 3666992312 95.7 8390405761687308 95.8
295543600 3667029312 95.7 8390422611312396 95.8
295692200 3667045312 95.7 8390432028494604 95.8
295788900 3667170212 95.7 8390508954577676 95.8
304391300 3667210812 95.7 8390526973430540 95.8
304453500 3667211112 95.7 8390526992886540 95.8
304454700 3671593712 95.9 8403653216152332 95.9
304454900 3671594812 95.9 8403653282228532 95.9
304491300 3671618212 95.9 8403665154960692 95.9
304695500 3671760012 95.9 8403746715741492 95.9
304712600 3671786712 95.9 8403757074591028 95.9
304872200 3671810612 95.9 8403769810541876 95.9
305861500 3671844212 95.9 8403780379450676 95.9
306116800 3671874112 95.9 8403797024089396 95.9
306133700 3675552112 96.0 8414899368797492 96.0
306238800 3675643012 96.0 8414943505581364 96.0
306289000 3675666612 96.0 8414951606303540 96.0
306350300 3675666812 96.0 8414951608481540 96.0
306351800 3675667212 96.0 8414951610670640 96.0
306352800 3675682112 96.0 8414959779323440 96.0
319067700 3675723912 96.0 8414978489646640 96.0
319279100 3675747212 96.0 8414987232968240 96.0
319283500 3675822312 96.0 8415030106345008 96.0
319302700 3675825712 96.0 8415032198925360 96.0
319304400 3675826312 96.0 8415032201860260 96.0
319325400 3675844012 96.0 8415048003484836 96.0
319374200 3675860212 96.0 8415053309505188 96.0
319440000 3678180412 96.0 8421238486036132 96.1
319609900 3678211912 96.0 8421259575725732 96.1
322457700 3678235012 96.0 8421270822862500 96.1
322616200 3678252612 96.0 8421276622798500 96.1
322753700 3678284712 96.0 8421290188477092 96.1
322783200 3680304612 96.1 8426910005858980 96.2
322920100 3680322412 96.1 8426917280152228 96.2
322950600 3680343212 96.1 8426924589237924 96.2
323071400 3680371612 96.1 8426933761142436 96.2
323195900 3680389112 96.1 8426938987228836 96.2
323220800 3680407112 96.1 8426944354899108 96.2
323572000 3680439212 96.1 8426959024031908 96.2
323877800 3680640812 96.1 8427067342915748 96.2
323902900 3680645512 96.1 8427070394830248 96.2
323903600 3680646312 96.1 8427070528577448 96.2
323906300 3680646512 96.1 8427070591041448 96.2
323906800 3680647812 96.1 8427070843344248 96.2
323933200 3683399612 96.2 8434664958416248 96.3
327947900 3683456912 96.2 8434867688084856 96.3
329678300 3683457412 96.2 8434867724539256 96.3
329679300 3683458012 96.2 8434867833697656 96.3
329680900 3686813412 96.2 8444816550819192 96.4
336173600 3686845112 96.2 8444830852135288 96.4
336566100 3687091112 96.3 8445415844690296 96.4
336996400 3687113312 96.3 8445424923400568 96.4
337153000 3687131612 96.3 8445433039140216 96.4
337171300 3687167512 96.3 8445457871754616 96.4
337225600 3687181012 96.3 8445462560585592 96.4
337256200 3689082612 96.3 8450371276191608 96.5
337832100 3689112712 96.3 8450383896991608 96.5
339708600 3689359412 96.3 8451097734567800 96.5
341464400 3689425312 96.3 8451306060207992 96.5
343980600 3689457812 96.3 8451315914290040 96.5
344117300 3689488412 96.3 8451335613387640 96.5
344157300 3689512212 96.3 8451344207000440 96.5
344320500 3689530012 96.3 8451352590822264 96.5
344420600 3689551012 96.3 8451366163663736 96.5
344582400 3689987312 96.3 8452306166762360 96.5
344743200 3689993812 96.3 8452307760031608 96.5
344798800 3690009912 96.3 8452315019921272 96.5
344921600 3690027012 96.3 8452323321620344 96.5
346144900 3690156412 96.3 8452647843604344 96.5
346673500 3691208312 96.4 8455549123372920 96.5
348077500 3691223512 96.4 8455605113235320 96.5
350920600 3691252912 96.4 8455666686355320 96.5
350953100 3691275412 96.4 8455727266604920 96.5
351774900 3691307912 96.4 8455794232723320 96.5
352817800 3691332612 96.4 8455854943020920 96.5
353958000 3691356912 96.4 8455870659168120 96.5
354040700 3691371912 96.4 8455875164138872 96.5
354057300 3693828512 96.4 8462895103634808 96.6
354112200 3693847912 96.4 8462908989894008 96.6
354121700 3695502012 96.5 8467353619918200 96.6
354415800 3695673812 96.5 8467458437787000 96.6
354481600 3695695812 96.5 8467527642983800 96.6
357069600 3695705312 96.5 8467555403828600 96.6
357443100 3695740012 96.5 8467676783463800 96.6
357454100 3695772412 96.5 8467780967271800 96.6
357866000 3696214712 96.5 8468953529650552 96.7
358182300 3696620612 96.5 8470078846340472 96.7
358448700 3696676712 96.5 8470112503786872 96.7
358475700 3696750212 96.5 8470162247454072 96.7
358520600 3696971512 96.5 8470811314163064 96.7
358547100 3697030412 96.5 8470973148958072 96.7
358827100 3697050812 96.5 8470993568597368 96.7
358844600 3697055812 96.5 8470995014277624 96.7
358847000 3697056612 96.5 8470995051409524 96.7
359194800 3697130112 96.5 8471188035891316 96.7
359652700 3697143412 96.5 8471228996300916 96.7
359857300 3697147112 96.5 8471240479846516 96.7
360415400 3697153612 96.5 8471258755993716 96.7
362155400 3697191212 96.5 8471364930867316 96.7
363519200 3697258612 96.5 8471516775731316 96.7
364135900 3697270012 96.5 8471539758655604 96.7
364142500 3697274612 96.5 8471556653017204 96.7
365906000 3697406212 96.5 8471915663943796 96.7
366152400 3697416012 96.5 8471922723336820 96.7
366156700 3697429012 96.5 8471926671676020 96.7
366194700 3697452712 96.5 8471937600828020 96.7
366197500 3697475312 96.5 8471987919368820 96.7
366387600 3697481312 96.5 8471990708540788 96.7
366527300 3697510312 96.5 8472069419324788 96.7
366527600 3697520312 96.5 8472074012299636 96.7
366573900 3697533612 96.5 8472080224293236 96.7
366813300 3697577012 96.5 8472096983709044 96.7
366898300 3697586312 96.5 8472114601770356 96.7
368328400 3697589812 96.5 8472121705872756 96.7
368459400 3697601912 96.5 8472150921821556 96.7
368504400 3697616112 96.5 8472190611037556 96.7
368881000 3697691412 96.5 8472284895837556 96.7
368902000 3697698112 96.5 8472302638685556 96.7
368922100 3697705112 96.5 8472319201475956 96.7
369046500 3697721612 96.5 8472357056093556 96.7
369395700 3697747612 96.5 8472424191581556 96.7
369484300 3697751012 96.5 8472430183619956 96.7
369639400 3697853912 96.5 8472688515259764 96.7
369661000 3697901612 96.5 8472786331835764 96.7
369832800 3697947712 96.5 8472895265086836 96.7
370015400 3697961112 96.5 8472922919026036 96.7
370122200 3697972812 96.5 8472951810162036 96.7
370694100 3697987312 96.5 8472985924926836 96.7
370802000 3697996312 96.5 8473004504792436 96.7
370923900 3698040412 96.5 8473110278258036 96.7
371271800 3698042712 96.5 8473117256203636 96.7
371429300 3698096212 96.5 8473231887613300 96.7
371524800 3698118912 96.5 8473282625789300 96.7
371543400 3698123312 96.5 8473292713622900 96.7
371736100 3698138812 96.5 8473336526077300 96.7
371951000 3698143012 96.5 8473345808227700 96.7
372042100 3698170812 96.5 8473404576816500 96.7
372213800 3698173412 96.5 8473411309821300 96.7
372741300 3698175312 96.5 8473418221821300 96.7
372922600 3698354212 96.6 8473887535340916 96.7
373103200 3699158512 96.6 8476060095159668 96.7
373210100 3699168212 96.6 8476079395102068 96.7
373219600 3699311212 96.6 8476209809284468 96.7
373313600 3699314812 96.6 8476215764049268 96.7
373640400 3699337912 96.6 8476261627780468 96.7
374077000 3699339212 96.6 8476265228369268 96.7
374616100 3699894212 96.6 8477805343374708 96.8
374809400 3699897612 96.6 8477816167259508 96.8
375033900 3699899612 96.6 8477820578446708 96.8
375623600 3699909012 96.6 8477848512757108 96.8
376234700 3699915012 96.6 8477863319797108 96.8
376316700 3699919612 96.6 8477874631310708 96.8
376837500 3699927212 96.6 8477894690651508 96.8
377238900 3699949012 96.6 8477951866715508 96.8
377298800 3699963812 96.6 8477979256667508 96.8
377972000 3699968912 96.6 8477991756840308 96.8
378161600 3700075212 96.6 8478291425312116 96.8
378379600 3700164212 96.6 8478519907761524 96.8
378693100 3700199312 96.6 8478627604094324 96.8
378722200 3700269712 96.6 8478797879106932 96.8
378992100 3700276612 96.6 8478818735938932 96.8
379139500 3700280712 96.6 8478831582633332 96.8
379220200 3700282212 96.6 8478834518646132 96.8
379275600 3700342712 96.6 8478969131023732 96.8
379593200 3700405912 96.6 8479126247030132 96.8
379722900 3700440912 96.6 8479199061007732 96.8
380330400 3700450212 96.6 8479206867778932 96.8
380878500 3700455512 96.6 8479218062351732 96.8
381076600 3700498512 96.6 8479374145133940 96.8
381100300 3700509712 96.6 8479407841901940 96.8
381320500 3700515712 96.6 8479424110599540 96.8
381526900 3700541812 96.6 8479510597434740 96.8
381532400 3700579012 96.6 8479604552711540 96.8
381792900 3700592112 96.6 8479633554849140 96.8
382293500 3700609212 96.6 8479673289325940 96.8
382853400 3700611812 96.6 8479676328557940 96.8
382939700 3700613912 96.6 8479681613012340 96.8
383434000 3700621012 96.6 8479713172487540 96.8
383461800 3700641112 96.6 8479763732077940 96.8
383604100 3700659512 96.6 8479822144109940 96.8
383793600 3702124512 96.6 8483622268206452 96.8
383868400 3702157012 96.6 8483701300321652 96.8
383890200 3702169512 96.6 8483726407572852 96.8
384123000 3702176912 96.7 8483744759086452 96.8
384169300 3702177612 96.7 8483745749704052 96.8
384516800 3702196912 96.7 8483754958155124 96.8
384562400 3702207712 96.7 8483785308491124 96.8
384663800 3702228812 96.7 8483797762583924 96.8
384824100 3702235212 96.7 8483822344318324 96.8
384917000 3702238012 96.7 8483825862372724 96.8
384919600 3702253212 96.7 8483873667403124 96.8
384934000 3702254212 96.7 8483876386532724 96.8
385082000 3702256312 96.7 8483879945751924 96.8
385158600 3702264412 96.7 8483907144215924 96.8
385196900 3702288112 96.7 8483946740247924 96.8
385241100 3702302312 96.7 8483980969700724 96.8
385322000 3702317312 96.7 8483990870142324 96.8
385420000 3702342412 96.7 8484003858148724 96.8
385482700 3702352812 96.7 8484018460798324 96.8
385723800 3702353812 96.7 8484021920279924 96.8
385744600 3702356412 96.7 8484027285835124 96.8
385859400 3702372612 96.7 8484072214449524 96.8
386159000 3702373112 96.7 8484074482199924 96.8
386264600 3702373912 96.7 8484075144727924 96.8
386699800 3702387812 96.7 8484121241931124 96.8
386708100 3702398912 96.7 8484136214244724 96.8
386722500 3702402412 96.7 8484152851787124 96.8
386734800 3702406812 96.7 8484167937355124 96.8
386875500 3702408212 96.7 8484172743396724 96.8
386885500 3702409312 96.7 8484177323748724 96.8
386949300 3702417212 96.7 8484204306967924 96.8
387167900 3702422412 96.7 8484216437681524 96.8
387431200 3702425212 96.7 8484222413131124 96.8
387465800 3702429112 96.7 8484225250839924 96.8
387478200 3702450812 96.7 8484271208713588 96.8
387613900 3702482712 96.7 8484356270755188 96.8
387704300 3702486912 96.7 8484369751715188 96.8
387802400 3702513312 96.7 8484404540476788 96.8
387841400 3702517612 96.7 8484411215727988 96.8
387894300 3702519212 96.7 8484415108771188 96.8
388012100 3702535212 96.7 8484442436668788 96.8
388042900 3702536412 96.7 8484444966153588 96.8
388192600 3702540512 96.7 8484450374716788 96.8
388367500 3702542512 96.7 8484458817187188 96.8
388397300 3702545912 96.7 8484466029628788 96.8
388548200 3702548412 96.7 8484472215817588 96.8
388580200 3702552112 96.7 8484479590665588 96.8
388657800 3702591712 96.7 8484592969788788 96.8
388705900 3702598012 96.7 8484606736239988 96.8
388790600 3702604112 96.7 8484621893078388 96.8
389103600 3702605612 96.7 8484625945660788 96.8
389238900 3702608112 96.7 8484629070499188 96.8
389340300 3702612912 96.7 8484644035849588 96.8
389510100 3702667412 96.7 8484767141948788 96.8
389531900 3702676312 96.7 8484781050326388 96.8
389707600 3702682912 96.7 8484797530582388 96.8
389898600 3702710512 96.7 8484864489942388 96.8
389921000 3702719812 96.7 8484876887100788 96.8
389931000 3702725412 96.7 8484889494383988 96.8
390018200 3702777112 96.7 8485046122556788 96.8
390076500 3702786412 96.7 8485071500963188 96.8
390102100 3702805312 96.7 8485089301359988 96.8
390216000 3702856312 96.7 8485223484681588 96.8
390336600 3702892712 96.7 8485310779846004 96.8
390338500 3702894012 96.7 8485313499385204 96.8
390385500 3702895212 96.7 8485316504620404 96.8
390406800 3702898312 96.7 8485321575263604 96.8
390503100 3702900312 96.7 8485328177401204 96.8
390658200 3702909512 96.7 8485350473158004 96.8
390675000 3702918012 96.7 8485365934943604 96.9
390797300 3702926312 96.7 8485389231353204 96.9
390901800 3702931912 96.7 8485404743519604 96.9
391227600 3702944312 96.7 8485439575289204 96.9
391566600 3702946212 96.7 8485448490847604 96.9
391574700 3702963212 96.7 8485488373599604 96.9
391953500 3702975112 96.7 8485497121222004 96.9
392019700 3702999812 96.7 8485546612780404 96.9
392091100 3703016112 96.7 8485586913119604 96.9
392195000 3703017912 96.7 8485595692690804 96.9
392423600 3703043712 96.7 8485661937503604 96.9
392926700 3703046412 96.7 8485669090143604 96.9
393056700 3703050412 96.7 8485678530604404 96.9
393227000 3703053612 96.7 8485685120249204 96.9
393337400 3703056312 96.7 8485692851244404 96.9
393396900 3703083512 96.7 8485758368390516 96.9
393631200 3703287612 96.7 8486010957454708 96.9
393856500 3703346412 96.7 8486117602344308 96.9
393927500 3703349712 96.7 8486126595112308 96.9
393970800 3703352112 96.7 8486133240053108 96.9
394254100 3703361112 96.7 8486153147841908 96.9
394407600 3703365412 96.7 8486171703950708 96.9
394407700 3703366212 96.7 8486171730781208 96.9
394409900 3703366812 96.7 8486171810999304 96.9
394415100 3703368412 96.7 8486175208016904 96.9
394524800 3703371412 96.7 8486180851280904 96.9
394601000 3703385312 96.7 8486229958634504 96.9
394690200 3703388312 96.7 8486239674551304 96.9
394978500 3703458312 96.7 8486442323528712 96.9
395036500 3703461212 96.7 8486451168840712 96.9
395056800 3703465612 96.7 8486459647970312 96.9
395107000 3703496212 96.7 8486533029587976 96.9
395314500 3703496512 96.7 8486533165165576 96.9
395316300 3703513112 96.7 8486583501319176 96.9
395329800 3703523412 96.7 8486600427424776 96.9
395504300 3703550012 96.7 8486657671891976 96.9
395569100 3703550912 96.7 8486659702893576 96.9
395727100 3703552712 96.7 8486661536672776 96.9
395999800 3703571712 96.7 8486709743725576 96.9
396026500 3703572712 96.7 8486711985261576 96.9
396037600 3703574812 96.7 8486716114643976 96.9
396115600 3703576212 96.7 8486719380794376 96.9
396190500 3703576912 96.7 8486721738042376 96.9
396254000 3703577612 96.7 8486724326509576 96.9
396335200 3704973012 96.7 8490333150759944 96.9
396386700 3704981212 96.7 8490342575655944 96.9
396607100 3704983412 96.7 8490347275201544 96.9
396923600 3705113612 96.7 8490676573121544 96.9
396982900 3705114912 96.7 8490680898292744 96.9
397029000 3705124712 96.7 8490698162932744 96.9
397308400 3705132212 96.7 8490712422747144 96.9
397322500 3705134812 96.7 8490718353140744 96.9
397500100 3705137012 96.7 8490723327118344 96.9
397532000 3705139812 96.7 8490732848884744 96.9
397566500 3705140012 96.7 8490733917531144 96.9
397586700 3705154512 96.7 8490767654439944 96.9
397760000 3705155112 96.7 8490770067803144 96.9
397838400 3705155512 96.7 8490771048795144 96.9
397872300 3705161612 96.7 8490792633281544 96.9
397928200 3705187512 96.7 8490871214017544 96.9
398320700 3705244712 96.7 8490901135502344 96.9
398470800 3705250712 96.7 8490926445710344 96.9
398656600 3705251012 96.7 8490926846503944 96.9
398705200 3705288612 96.7 8491031117351944 96.9
398732600 3705335812 96.7 8491165813287944 96.9
399053100 3705342212 96.7 8491184046631944 96.9
399129200 3705349412 96.7 8491202653121544 96.9
399162400 3705354112 96.7 8491213711707144 96.9
399185100 3705359612 96.7 8491229495438344 96.9
399574000 3705359812 96.7 8491229699828744 96.9
399760800 3705361012 96.7 8491231128718344 96.9
400021600 3705368912 96.7 8491257230273544 96.9
400316500 3705369312 96.7 8491262193806344 96.9
400377600 3705369512 96.7 8491262240091144 96.9
400400900 3705379712 96.7 8491287651470344 96.9
400477700 3705381912 96.7 8491291536935944 96.9
400500400 3705397112 96.7 8491336278363144 96.9
401005700 3705398012 96.7 8491336911809544 96.9
401170100 3705403612 96.7 8491348279438344 96.9
401258400 3705409612 96.7 8491369745140744 96.9
401343300 3705420412 96.7 8491387405454344 96.9
401490300 3705421312 96.7 8491389313371144 96.9
401656300 3705433312 96.7 8491416210574344 96.9
401705300 3705442212 96.7 8491429749697544 96.9
401709600 3705444212 96.7 8491432885390344 96.9
401840500 3705445512 96.7 8491436030708744 96.9
401843100 3705446112 96.7 8491439260609544 96.9
401910200 3705448712 96.7 8491444937870344 96.9
402006100 3705449412 96.7 8491445545102344 96.9
402247500 3705449512 96.7 8491445867867144 96.9
402334700 3705450812 96.7 8491447866305544 96.9
402359900 3705454912 96.7 8491455880539144 96.9
402520500 3705458312 96.7 8491463835995144 96.9
402579400 3705479612 96.7 8491528372980744 96.9
402814500 3705480912 96.7 8491529576795144 96.9
402856400 3705482512 96.7 8491533159771144 96.9
403178600 3705483412 96.7 8491540366887944 96.9
403295000 3705487712 96.7 8491551128513544 96.9
403425500 3705556012 96.7 8491716840172552 96.9
403465800 3705559012 96.7 8491719710034952 96.9
403561700 3705560812 96.7 8491725812870152 96.9
404009500 3705562512 96.7 8491730200300552 96.9
404230600 3705566612 96.7 8491742507551752 96.9
404284300 3705587712 96.7 8491797782047752 96.9
404348300 3705589512 96.7 8491803145964552 96.9
404366500 3705593912 96.7 8491816419257352 96.9
404409800 3705601512 96.7 8491833257094152 96.9
404426100 3705602012 96.7 8491833370962952 96.9
404454000 3705603312 96.7 8491836759378952 96.9
404478700 3705605012 96.7 8491840149433352 96.9
404545300 3705608212 96.7 8491846077574152 96.9
404607200 3705609012 96.7 8491847686687752 96.9
404635900 3705636312 96.7 8491929546066952 96.9
404691700 3705642212 96.7 8491949586770952 96.9
404735600 3705653212 96.7 8491952590834952 96.9
404740300 3705656112 96.7 8491958746303752 96.9
404822400 3705823912 96.7 8492441962073352 96.9
404849400 3705831612 96.7 8492471741426952 96.9
405117800 3705838612 96.7 8492484160908552 96.9
405151000 3705840612 96.7 8492492148722952 96.9
405326700 3705842012 96.7 8492493595020552 96.9
405327200 3705842512 96.7 8492495902092552 96.9
405332200 3705860412 96.7 8492538908044552 96.9
405423400 3705860912 96.7 8492539854630152 96.9
405487600 3705863812 96.7 8492551313394952 96.9
405536800 3705870412 96.7 8492565185727752 96.9
405627300 3705873512 96.7 8492569661017352 96.9
405672700 3705875212 96.7 8492576742796552 96.9
405905300 3705879012 96.7 8492594075225352 96.9
406175900 3705880512 96.7 8492597129202952 96.9
406196000 3705915512 96.7 8492708877298952 96.9
406196200 3705919412 96.7 8492717813337352 96.9
406205500 3705922412 96.7 8492728127679752 96.9
406265900 3705925412 96.7 8492734066674952 96.9
406449400 3705926512 96.7 8492739612658952 96.9
406492500 3705936712 96.7 8492759272639752 96.9
406519200 3705937512 96.7 8492762502335752 96.9
406623200 3705945312 96.7 8492782458457352 96.9
406683500 3705949912 96.7 8492791149145352 96.9
406695600 3706339812 96.8 8493885069896968 96.9
406714300 3706341912 96.8 8493889372744968 96.9
406902000 3706355712 96.8 8493920753634568 96.9
406947300 3706362912 96.8 8493940406037768 96.9
406954000 3706363912 96.8 8493942679317768 96.9
406970500 3706387912 96.8 8493997519842568 96.9
407030800 3706391312 96.8 8494000859516168 96.9
407040800 3706394012 96.8 8494003985378568 96.9
407203000 3706398912 96.8 8494015003823368 96.9
407261600 3706404412 96.8 8494024327548168 96.9
407283300 3706408712 96.8 8494035616124168 96.9
407474100 3706410812 96.8 8494042250415368 96.9
407492400 3706414312 96.8 8494050224098568 96.9
407498200 3706414912 96.8 8494055265864968 96.9
407533600 3706420912 96.8 8494075216047368 96.9
407728500 3706421412 96.8 8494075339336968 96.9
407733300 3706430012 96.8 8494098956463368 96.9
407820000 3706430612 96.8 8494100544687368 96.9
407828800 3706440212 96.8 8494123083336968 97.0
407961500 3706442012 96.8 8494128115272968 97.0
407963300 3706465012 96.8 8494181756898568 97.0
408167500 3706469512 96.8 8494192219925768 97.0
408204000 3706470012 96.8 8494193038306568 97.0
408259200 3706472312 96.8 8494199456738568 97.0
408311300 3706476312 96.8 8494208557640968 97.0
408328200 3706481612 96.8 8494227782216968 97.0
408366700 3706488512 96.8 8494246589205768 97.0
408532000 3706502912 96.8 8494281969839368 97.0
408608800 3706519912 96.8 8494318651772168 97.0
408721900 3706520212 96.8 8494319248354568 97.0
408732600 3706523512 96.8 8494327394274568 97.0
408753600 3706524612 96.8 8494328484424968 97.0
408793300 3706527012 96.8 8494333175164168 97.0
408884400 3706527512 96.8 8494336337685768 97.0
408948200 3706527912 96.8 8494337264405768 97.0
409063100 3706528812 96.8 8494337627311368 97.0
409109500 3706532912 96.8 8494348307016968 97.0
409130300 3706537012 96.8 8494361473404168 97.0
409206200 3706538512 96.8 8494366102293768 97.0
409280900 3706544912 96.8 8494396416789768 97.0
409322400 3706551012 96.8 8494407737724168 97.0
409338600 3706552212 96.8 8494409887304968 97.0
409340800 3706674012 96.8 8494689547439368 97.0
409404100 3706676212 96.8 8494694786428168 97.0
409467800 3706676712 96.8 8494695953992968 97.0
409592200 3706686712 96.8 8494719289928968 97.0
409707300 3706688812 96.8 8494730127944968 97.0
409768400 3706689512 96.8 8494731595132168 97.0
409775900 3706702412 96.8 8494766736149768 97.0
409860600 3706711812 96.8 8494794779208968 97.0
409928900 3706728612 96.8 8494840243375368 97.0
409953900 3706729612 96.8 8494843870383368 97.0
410021200 3706731412 96.8 8494848337480968 97.0
410054900 3706734612 96.8 8494856092847368 97.0
410074800 3706737512 96.8 8494864261500168 97.0
410189400 3706742312 96.8 8494874510306568 97.0
410257100 3706743612 96.8 8494876492975368 97.0
410286800 3706751112 96.8 8494897477602568 97.0
410342600 3706760612 96.8 8494921515592968 97.0
410375400 3706767412 96.8 8494926605692168 97.0
410655400 3706768912 96.8 8494930806959368 97.0
410689400 3706782612 96.8 8494977011682568 97.0
410717400 3706783512 96.8 8494979564719368 97.0
410824600 3706790912 96.8 8494998483938568 97.0
410850100 3706797112 96.8 8495020533116168 97.0
410906000 3706810612 96.8 8495040935292168 97.0
410919600 3706815212 96.8 8495053025455368 97.0
410937400 3706817312 96.8 8495057969941768 97.0
410974200 3706819612 96.8 8495061461986568 97.0
411017300 3706821312 96.8 8495070860668168 97.0
411148600 3706825712 96.8 8495082576047368 97.0
411196900 3706828312 96.8 8495087758511368 97.0
411233000 3706834312 96.8 8495100041186568 97.0
411345800 3706840112 96.8 8495118674504968 97.0
411346900 3706841012 96.8 8495121431727368 97.0
411410700 3706927012 96.8 8495199819336968 97.0
411416400 3706928512 96.8 8495202666261768 97.0
411466300 3706928812 96.8 8495203009711368 97.0
411473700 3706929412 96.8 8495203931311368 97.0
411542100 3706934312 96.8 8495211447676168 97.0
411705800 3706938512 96.8 8495219518639368 97.0
411728900 3706942812 96.8 8495228943944968 97.0
411750100 3706948712 96.8 8495243548232968 97.0
411864200 3706950312 96.8 8495252138568968 97.0
412139900 3706952112 96.8 8495258516040968 97.0
412207600 3706957712 96.8 8495271288802568 97.0
412219500 3706970212 96.8 8495297286524168 97.0
412284600 3706971112 96.8 8495298259938568 97.0
412314100 3706977412 96.8 8495316848405768 97.0
412392300 3706978512 96.8 8495318001429768 97.0
412540700 3706983012 96.8 8495326281698568 97.0
412635300 3706983612 96.8 8495327767317768 97.0
412866500 3706984512 96.8 8495331106786568 97.0
412883400 3706995412 96.8 8495361446268168 97.0
412907900 3706996612 96.8 8495364422012168 97.0
413178000 3706999512 96.8 8495369365269768 97.0
413268700 3707005312 96.8 8495383263407368 97.0
413344700 3707010912 96.8 8495394510204168 97.0
413355800 3707011012 96.8 8495394569391368 97.0
413404800 3707011412 96.8 8495394804911368 97.0
413515800 3707013312 96.8 8495403361455368 97.0
413548100 3707015912 96.8 8495406947298568 97.0
413600200 3707017212 96.8 8495412338863368 97.0
413715800 3707017712 96.8 8495412807445768 97.0
413894500 3707018212 96.8 8495413782703368 97.0
413899700 3707031412 96.8 8495449671986440 97.0
413913600 3707032512 96.8 8495451000114440 97.0
413991400 3707033512 96.8 8495453868748040 97.0
414070800 3707047712 96.8 8495483823615240 97.0
414137500 3707052312 96.8 8495492265471240 97.0
414151800 3707053712 96.8 8495495828376840 97.0
414345400 3707054312 96.8 8495497107557640 97.0
414358600 3707065612 96.8 8495534376652040 97.0
414516400 3707066112 96.8 8495535086898440 97.0
414705700 3707074312 96.8 8495556400229640 97.0
414901300 3707075112 96.8 8495559284632840 97.0
414992900 3707078312 96.8 8495564310220040 97.0
415010600 3707079112 96.8 8495566481919240 97.0
415011800 3707080312 96.8 8495571876556040 97.0
415155400 3707080812 96.8 8495573426277640 97.0
415285000 3707174712 96.8 8495621383470344 97.0
415292800 3707176512 96.8 8495625779502344 97.0
415842700 3707180312 96.8 8495632236436744 97.0
415956700 3707186712 96.8 8495647596231944 97.0
416056000 3707189512 96.8 8495654315105544 97.0
416179000 3707204912 96.8 8495685640494344 97.0
416278800 3707205712 96.8 8495686895508744 97.0
416292200 3707224612 96.8 8495751007329544 97.0
416376800 3707226012 96.8 8495754483399944 97.0
416377400 3707227112 96.8 8495756753812744 97.0
416454200 3707235712 96.8 8495785914875144 97.0
416654800 3707243512 96.8 8495811613588744 97.0
416806200 3707248212 96.8 8495820393159944 97.0
417003900 3707258212 96.8 8495843541908744 97.0
417058300 3707258612 96.8 8495844252564744 97.0
417111900 3707259312 96.8 8495846199598344 97.0
417143900 3707259712 96.8 8495847728430344 97.0
417242800 3707261912 96.8 8495855847931144 97.0
417251000 3707262312 96.8 8495856926817544 97.0
417283000 3707265512 96.8 8495866241326344 97.0
417325700 3707268412 96.8 8495870645755144 97.0
417382300 3707269012 96.8 8495872510459144 97.0
417390400 3707278412 96.8 8495902820449544 97.0
417512600 3707281112 96.8 8495910399687944 97.0
417535900 3707281512 96.8 8495912363105544 97.0
417579000 3707283912 96.8 8495920341499144 97.0
417602800 3707285312 96.8 8495924497710344 97.0
417802300 3707286612 96.8 8495926189153544 97.0
417814100 3707290112 96.8 8495933759585544 97.0
417873600 3707294112 96.8 8495947681684744 97.0
417907900 3707295212 96.8 8495952072187144 97.0
418092900 3707299512 96.8 8495964022881544 97.0
418243000 3707305012 96.8 8495973722004744 97.0
418429800 3707305612 96.8 8495975532436744 97.0
418456000 3707305812 96.8 8495975642209544 97.0
418458900 3707323312 96.8 8496029791329544 97.0
418507500 3707323812 96.8 8496032114375944 97.0
418619300 3707324112 96.8 8496032870292744 97.0
418679200 3707324412 96.8 8496032897121544 97.0
418706600 3707325512 96.8 8496034708782344 97.0
418795800 3707326312 96.8 8496037339847944 97.0
418832600 3707391812 96.8 8496140698721544 97.0
418935300 3707420512 96.8 8496209688878344 97.0
418984400 3707421012 96.8 8496210711649544 97.0
419133100 3707423012 96.8 8496217371540744 97.0
419418800 3707425912 96.8 8496221749755144 97.0
419446100 3707469012 96.8 8496314639662344 97.0
419460700 3707523412 96.8 8496434416942344 97.0
419599900 3707548812 96.8 8496499347143944 97.0
419699600 3707549112 96.8 8496500932705544 97.0
419811600 3707552912 96.8 8496514200655112 97.0
419841900 3707559812 96.8 8496533617538312 97.0
419987500 3707560512 96.8 8496535087592712 97.0
420032200 3707567412 96.8 8496555637224712 97.0
420099000 3707569612 96.8 8496560713397512 97.0
420595400 3707581412 96.8 8496590983656712 97.0
420778400 3707582512 96.8 8496593845941512 97.0
420787700 3707584812 96.8 8496603475023112 97.0
420791500 3707594512 96.8 8496637746664712 97.0
420944900 3707595812 96.8 8496640414389512 97.0
421024200 3707596812 96.8 8496641252635912 97.0
421264500 3707598312 96.8 8496645266306312 97.0
421320300 3707609112 96.8 8496668879746312 97.0
421547200 3707610312 96.8 8496672543413512 97.0
421605000 3707612112 96.8 8496678528079112 97.0
421645200 3707614212 96.8 8496682559976712 97.0
421758500 3707664112 96.8 8496836747752712 97.0
421828700 3707665612 96.8 8496845662901512 97.0
422218300 3707670612 96.8 8496857292674312 97.0
422369900 3707678712 96.8 8496873253147912 97.0
422407600 3707682412 96.8 8496878643074312 97.0
422424100 3707684012 96.8 8496883599234312 97.0
422461300 3707684412 96.8 8496884066792712 97.0
422497400 3707798112 96.8 8497197633615112 97.0
422521300 3707799012 96.8 8497198883099912 97.0
422550100 3707799812 96.8 8497199375848712 97.0
422776800 3707800912 96.8 8497201150440712 97.0
422838500 3707802012 96.8 8497207417320712 97.0
422882400 3707813812 96.8 8497231571023112 97.0
422946300 3707814112 96.8 8497232412136712 97.0
422987800 3707815912 96.8 8497243154511112 97.0
423141500 3707826912 96.8 8497271210882312 97.0
423174500 3707830212 96.8 8497277779023112 97.0
423193200 3707830412 96.8 8497277944296712 97.0
423340200 3707834212 96.8 8497287510914312 97.0
423390600 3707834612 96.8 8497287879349512 97.0
423562100 3707853612 96.8 8497346329883912 97.0
423639300 3707856312 96.8 8497352207643912 97.0
423719200 3707856912 96.8 8497353626703112 97.0
423737800 3707857412 96.8 8497356138165512 97.0
423759100 3707864412 96.8 8497371495093512 97.0
423765000 3707868712 96.8 8497380944770312 97.0
423906600 3707868812 96.8 8497381001499912 97.0
423975900 3707869612 96.8 8497383560680712 97.0
424086900 3707870112 96.8 8497385757979912 97.0
424303200 3707871012 96.8 8497387601999112 97.0
424586100 3707871812 96.8 8497389462607112 97.0
424658500 3707920112 96.8 8497508449563912 97.0
424689200 3707931712 96.8 8497528448488712 97.0
424913900 3707932312 96.8 8497530921653512 97.0
425082900 3707933312 96.8 8497534393627912 97.0
425142900 3707935112 96.8 8497538619880712 97.0
425295000 3707935912 96.8 8497542461928712 97.0
425372900 3707937812 96.8 8497545748354312 97.0
425549000 3707939412 96.8 8497548190389512 97.0
425562300 3707948612 96.8 8497571763688712 97.0
425583400 3707949412 96.8 8497572719899912 97.0
425597900 3707956512 96.8 8497599029327112 97.0
425637600 3707957712 96.8 8497602054837512 97.0
425656600 3707967812 96.8 8497621291906312 97.0
425717600 3707969012 96.8 8497623943451912 97.0
425749700 3707971712 96.8 8497633091253512 97.0
425780800 3707976112 96.8 8497640814875912 97.0
425878100 3707978212 96.8 8497646611535112 97.0
426129400 3707983912 96.8 8497657386677512 97.0
426185000 3707986412 96.8 8497660135707912 97.0
426219800 3707987312 96.8 8497662336079112 97.0
426224600 3707987812 96.8 8497662816744712 97.0
426497700 3707991912 96.8 8497669144245512 97.0
426563900 3708063312 96.8 8497836830995720 97.0
426644200 3708064112 96.8 8497839094240520 97.0
426704800 3708065712 96.8 8497842920723720 97.0
426740400 3708065912 96.8 8497843404051720 97.0
427008500 3708070112 96.8 8497852507002120 97.0
427014600 3708072512 96.8 8497857932154120 97.0
427065900 3708076412 96.8 8497865933894920 97.0
427114700 3708151612 96.8 8498052028822792 97.0
427157000 3708152312 96.8 8498052483478792 97.0
427190500 3708160012 96.8 8498073560061192 97.0
427242900 3708160312 96.8 8498074122646792 97.0
427285700 3708167712 96.8 8498092927382792 97.0
427642600 3708168312 96.8 8498094307734792 97.0
427652100 3708168612 96.8 8498094634185992 97.0
427669300 3708169112 96.8 8498095626032392 97.0
427689000 3708169912 96.8 8498098439369992 97.0
428034800 3708171012 96.8 8498102548067592 97.0
428088100 3708172212 96.8 8498105610441992 97.0
428156900 3708182012 96.8 8498132021040392 97.0
428423400 3708183512 96.8 8498135077270792 97.0
428505200 3708186812 96.8 8498143227901192 97.0
428529200 3708188512 96.8 8498145355977992 97.0
428760600 3708201112 96.8 8498182855677192 97.0
428763000 3708214212 96.8 8498223109862664 97.0
428807500 3708216212 96.8 8498228194637064 97.0
428808600 3708220912 96.8 8498239042278664 97.0
428847400 3708221512 96.8 8498239960397064 97.0
428879800 3708225012 96.8 8498247263565064 97.0
428884700 3708225812 96.8 8498249702323464 97.0
428893200 3708226612 96.8 8498251294438664 97.0
428946600 3708228012 96.8 8498253662950664 97.0
428983400 3708228612 96.8 8498254683059464 97.0
428983500 3708230612 96.8 8498258574873864 97.0
429012000 3708236112 96.8 8498278373913864 97.0
429125800 3708238112 96.8 8498283683558664 97.0
429343600 3708246212 96.8 8498308410496264 97.0
429351600 3708246812 96.8 8498309198566664 97.0
429382400 3708247612 96.8 8498312036685064 97.0
429387800 3708260512 96.8 8498349645542664 97.0
429457500 3708260912 96.8 8498350149145864 97.0
429562900 3708267912 96.8 8498371527398664 97.0
429599800 3708268412 96.8 8498373568230664 97.0
429705500 3708269512 96.8 8498375042790664 97.0
429730300 3708271012 96.8 8498376466355464 97.0
429828400 3708385812 96.8 8498619101926664 97.0
430029500 3708386012 96.8 8498619128960264 97.0
430073100 3708386512 96.8 8498619873817864 97.0
430110200 3708390512 96.8 8498630232192264 97.0
430144300 3708393112 96.8 8498638265062664 97.0
430203100 3708394312 96.8 8498642016179464 97.0
430684800 3708394712 96.8 8498642505651464 97.0
430804800 3708399212 96.8 8498662532224264 97.0
430857300 3708405012 96.8 8498670942745864 97.0
430909200 3708531412 96.8 8498872758809864 97.0
430958000 3708531612 96.8 8498873489945864 97.0
431089100 3708532512 96.8 8498875420595464 97.0
431128700 3708533912 96.8 8498881298150664 97.0
431139200 3708539812 96.8 8498902495769864 97.0
431173500 3708544012 96.8 8498919007565064 97.0
431184800 3708544312 96.8 8498919927731464 97.0
431198700 3708546212 96.8 8498925798733064 97.0
431322600 3708553012 96.8 8498948870272264 97.0
431392300 3708553212 96.8 8498948885837064 97.0
431635500 3708553612 96.8 8498949586662664 97.0
431675400 3708562512 96.8 8498968210765064 97.0
431694500 3708567412 96.8 8498975374259464 97.0
431735100 3708567612 96.8 8498975800243464 97.0
431844400 3708568012 96.8 8498976377369864 97.0
431888900 3708576112 96.8 8498992762189064 97.0
431980500 3708582712 96.8 8499015993677064 97.0
432039100 3708583012 96.8 8499016227968264 97.0
432113100 3708585212 96.8 8499021372544264 97.0
432123000 3708585712 96.8 8499024005043464 97.0
432169000 3708587012 96.8 8499027215078664 97.0
432184900 3708633212 96.8 8499138801382664 97.0
432201600 3708634512 96.8 8499143092557064 97.0
432279800 3708638112 96.8 8499156057830664 97.0
432374800 3708638812 96.8 8499158555366664 97.0
432384300 3708639612 96.8 8499159846630664 97.0
432458000 3708642912 96.8 8499169443763464 97.0
432536500 3708650012 96.8 8499188435277064 97.0
432626500 3708652212 96.8 8499197655987464 97.0
432653400 3708660712 96.8 8499220967961864 97.0
432769800 3708667312 96.8 8499243074893064 97.0
432770700 3708675312 96.8 8499264537523464 97.0
432833900 3708681612 96.8 8499278932710664 97.0
432850200 3708685012 96.8 8499286967014664 97.0
432898500 3708695612 96.8 8499309512422664 97.0
432955800 3708706212 96.8 8499336816973064 97.0
433047800 3708708612 96.8 8499345375360264 97.0
433055700 3708709112 96.8 8499347743872264 97.0
433071000 3708710112 96.8 8499350518297864 97.0
433194400 3708712612 96.8 8499355488793864 97.0
433204300 3708713512 96.8 8499356908672264 97.0
433312100 3708732512 96.8 8499405318681864 97.0
433463700 3708737212 96.8 8499414571136264 97.0
433477500 3708739312 96.8 8499420218701064 97.0
433524000 3708767112 96.8 8499494459929864 97.0
433544900 3708772212 96.8 8499510231577864 97.0
433560300 3708773812 96.8 8499514348672264 97.0
433572100 3708789912 96.8 8499550147712264 97.0
433596200 3708791612 96.8 8499553000576264 97.0
433598100 3708804012 96.8 8499584544486664 97.0
433610400 3708809712 96.8 8499603711104264 97.0
433629600 3708810312 96.8 8499606184269064 97.0
433760800 3708812212 96.8 8499608830899464 97.0
433857200 3708818112 96.8 8499621890381064 97.0
433864700 3708823912 96.8 8499646258713864 97.0
433900600 3708824212 96.8 8499646387737864 97.0
433948700 3708844812 96.8 8499698547430664 97.0
434045600 3708847512 96.8 8499703393408264 97.0
434051800 3708857012 96.8 8499727403341064 97.0
434053700 3708859312 96.8 8499733516006664 97.0
434122400 3708869812 96.8 8499762921805064 97.0
434159200 3708874512 96.8 8499774131328264 97.0
434175800 3708879312 96.8 8499784089728264 97.0
434291300 3708881112 96.8 8499791019136264 97.0
434310800 3708882312 96.8 8499795153843464 97.0
434338200 3708937312 96.8 8499928692036872 97.0
434362900 3708939012 96.8 8499937782904072 97.0
434449200 3708941412 96.8 8499942689092872 97.0
434455600 3708944512 96.8 8499953639748872 97.0
434510400 3708945812 96.8 8499956599928072 97.0
434572600 3708946112 96.8 8499957797393672 97.0
434678400 3708948212 96.8 8499959735006472 97.0
434689600 3708950512 96.8 8499967112312072 97.0
434754300 3708968412 96.8 8500017354462472 97.0
434822400 3708971112 96.8 8500027227051272 97.0
434823700 3708972012 96.8 8500029482923272 97.0
434840100 3708979212 96.8 8500050084574472 97.0
434885300 3708979912 96.8 8500051692664072 97.0
434905400 3708987912 96.8 8500079800849672 97.0
435088300 3708990012 96.8 8500082948011272 97.0
435138900 3709020012 96.8 8500190766609672 97.0
435549800 3709021112 96.8 8500196262827272 97.0
435607500 3709021712 96.8 8500197877675272 97.0
435670600 3709026512 96.8 8500217160209672 97.0
435759800 3709036312 96.8 8500244637406472 97.0
435786400 3709040712 96.8 8500261627614472 97.0
435902500 3709042412 96.8 8500263369848072 97.0
436057800 3709057812 96.8 8500308992734472 97.0
436138800 3709061012 96.8 8500317263787272 97.0
436228600 3709061612 96.8 8500319692715272 97.0
436304700 3709063112 96.8 8500322441950472 97.0
436342800 3709064112 96.8 8500324989252872 97.0
436392000 3709077412 96.8 8500353818744072 97.0
436395500 3709077912 96.8 8500355830494472 97.0
436553400 3709079212 96.8 8500360531883272 97.0
436670700 3709080812 96.8 8500365040145672 97.0
436696100 3709081012 96.8 8500365134763272 97.0
436867200 3709082612 96.8 8500368921105672 97.0
436914000 3709232212 96.8 8500727388476680 97.0
436927700 3709235012 96.8 8500743272150280 97.0
436962400 3709235512 96.8 8500744985711880 97.0
436991800 3709246612 96.8 8500772765807880 97.0
437050600 3709247412 96.8 8500774514595080 97.0
437058800 3709250012 96.8 8500779432252680 97.0
437202700 3709254212 96.8 8500792718447880 97.0
437330800 3709254412 96.8 8500792841123080 97.0
437393500 3709262412 96.8 8500815964886280 97.0
437438600 3709263512 96.8 8500818352854280 97.0
437500400 3709266612 96.8 8500825531299080 97.0
437582500 3709270512 96.8 8500834843759880 97.0
437642400 3709271112 96.8 8500835969135880 97.0
437814500 3709272112 96.8 8500838409737480 97.0
437978500 3709276912 96.8 8500853661603080 97.0
438062500 3709279012 96.8 8500856051823880 97.0
438250700 3709280112 96.8 8500859408086280 97.0
438379800 3709281212 96.8 8500861048739080 97.0
438428000 3709284412 96.8 8500875904521480 97.0
438620400 3709289312 96.8 8500882669679880 97.0
438660400 3709295112 96.8 8500888858531080 97.0
438767200 3709304412 96.8 8500911696393480 97.0
438782800 3709304712 96.8 8500911866991880 97.0
438815500 3709310112 96.8 8500920315811080 97.0
438919300 3709311012 96.8 8500922373846280 97.0
438926600 3709312312 96.8 8500927074211080 97.0
439122000 3709317312 96.8 8500947957871880 97.0
439122200 3709332012 96.8 8500980738774280 97.0
439142400 3709332412 96.8 8500981784892680 97.0
439170200 3709333512 96.8 8500984613999880 97.0
439183000 3709334312 96.8 8500990425814280 97.0
439215200 3709335312 96.8 8500994131670280 97.0
439382500 3709345812 96.8 8501019931964680 97.0
439416200 3709347612 96.8 8501023450223880 97.0
439518100 3709348612 96.8 8501025348105480 97.0
439596800 3709349312 96.8 8501026398729480 97.0
439704800 3709351212 96.8 8501032927548680 97.0
439923700 3709353612 96.8 8501034931516680 97.0
440166000 3709364112 96.8 8501055828489480 97.0
440186600 3709376612 96.8 8501090207241480 97.0
440248000 3709384612 96.8 8501119529891080 97.0
440283500 3709385212 96.8 8501123167958280 97.0
440503800 3709389212 96.8 8501133697750280 97.0
440808900 3709393112 96.8 8501138178979080 97.0
440848400 3709400312 96.8 8501153568265480 97.0
440909900 3709400512 96.8 8501153632572680 97.0
440974000 3709476712 96.8 8501213744649480 97.0
440983700 3709478712 96.8 8501217781667080 97.0
441177600 3709490412 96.8 8501245710243080 97.0
441182900 3709490912 96.8 8501247728342280 97.0
441183300 3709491212 96.8 8501248347247880 97.0
441266000 3709497212 96.8 8501261597398280 97.0
441381200 3709510812 96.8 8501299266467080 97.0
441434200 3709511512 96.8 8501299683849480 97.0
441468200 3709518612 96.8 8501318166435080 97.0
441513700 3709534412 96.8 8501375189923080 97.0
441768200 3709535012 96.8 8501376333526280 97.0
441807500 3709538412 96.8 8501386432009480 97.0
442030900 3709538912 96.8 8501387419759880 97.0
442184500 3709539312 96.8 8501388120790280 97.0
442225200 3709542212 96.8 8501399946966280 97.0
442299200 3709542712 96.8 8501401114940680 97.0
442354700 3709553812 96.8 8501430911087880 97.0
442598300 3709554412 96.8 8501433928406280 97.0
442653300 3709556012 96.8 8501442290799880 97.0
442699800 3709559812 96.8 8501451337225480 97.0
442877400 3709560412 96.8 8501451591587080 97.0
442920400 3709569912 96.8 8501486353315080 97.0
443092300 3709571712 96.8 8501488937071880 97.0
443132200 3709572312 96.8 8501489883862280 97.0
443463100 3709574212 96.8 8501494562518280 97.0
443526300 3709576212 96.8 8501497958921480 97.0
443820200 3709592112 96.8 8501534601532680 97.0
443962700 3709593212 96.8 8501539019273480 97.0
443980000 3709594812 96.8 8501540872099080 97.0
444098500 3709595412 96.8 8501541747414280 97.0
444243200 3709600012 96.8 8501555747132680 97.0
444349000 3709642912 96.8 8501684586198280 97.0
444673000 3709647512 96.8 8501700610159880 97.0
444741400 3709647712 96.8 8501700688188680 97.0
444755600 3709649612 96.8 8501704948438280 97.0
444784400 3709649812 96.8 8501705358447880 97.0
444921400 3709649912 96.8 8501706125628680 97.0
445057200 3709650212 96.8 8501707108463880 97.0
445402100 3709651012 96.8 8501710257673480 97.0
445518800 3709651512 96.8 8501710470255880 97.0
445535500 3709668912 96.8 8501749127279880 97.0
445663500 3709669712 96.8 8501750213743880 97.0
445746600 3709670412 96.8 8501751265596680 97.0
445763100 3709671112 96.8 8501752469001480 97.0
445771000 3709671312 96.8 8501753138083080 97.0
445943200 3709678912 96.8 8501766132438280 97.0
445972800 3709689412 96.8 8501795209532680 97.0
446040800 3709705612 96.8 8501847739708680 97.0
446089600 3709706312 96.8 8501848138659080 97.0
446143800 3709709812 96.8 8501857797027080 97.0
446223000 3709716412 96.8 8501876605654280 97.0
446564300 3709727712 96.8 8501913336329480 97.0
446624100 3709728112 96.8 8501913591919880 97.0
446732400 3709730912 96.8 8501917907055880 97.0
446818500 3709732512 96.8 8501922556425480 97.0
446849600 3709735012 96.8 8501928254575880 97.0
447018900 3709739012 96.8 8501940476015880 97.0
447067800 3709741912 96.8 8501942613923080 97.0
447165300 3709747912 96.8 8501963025519880 97.0
447236100 3709748012 96.8 8501963032278280 97.0
447403600 3709750412 96.8 8501969299567880 97.0
447559300 3709753112 96.8 8501975980758280 97.0
448052300 3709779412 96.8 8502049075721480 97.0
448095600 3709780212 96.8 8502050548847880 97.0
448208800 3709780512 96.8 8502051788911880 97.0
448431800 3709782612 96.8 8502056194159880 97.0
448544000 3709783512 96.8 8502058078319880 97.0
448586900 3709789812 96.8 8502070576367880 97.0
448603600 3709791712 96.8 8502071347439880 97.0
448851900 3709792612 96.8 8502072462166280 97.0
448935600 3709793012 96.8 8502073456879880 97.0
449075100 3709793912 96.8 8502075867990280 97.0
449343800 3709797012 96.8 8502080468207880 97.0
449971900 3709801512 96.8 8502095753455880 97.0
450021300 3709805112 96.8 8502109313468680 97.0
450035100 3709806212 96.8 8502111383177480 97.0
450250900 3709806612 96.8 8502113699875080 97.0
450284200 3709814812 96.8 8502139482556680 97.0
450357100 3709815712 96.8 8502144112879880 97.0
450393200 3709818912 96.8 8502149790550280 97.0
450404900 3709820412 96.8 8502153124284680 97.0
450757300 3709821312 96.8 8502154329532680 97.0
450837200 3709822812 96.8 8502155942947080 97.0
450919600 3709832512 96.9 8502181012719880 97.0
451014300 3709834112 96.9 8502184332732680 97.0
451035900 3709834712 96.9 8502187286972680 97.0
451052000 3709837112 96.9 8502195549423880 97.0
451192700 3709838012 96.9 8502198100617480 97.0
451320500 3709838712 96.9 8502199570671880 97.0
451853000 3709844012 96.9 8502204188502280 97.0
452015500 3709845512 96.9 8502208199919880 97.0
452140000 3709855612 96.9 8502226779580680 97.0
452467800 3709857912 96.9 8502232311228680 97.0
452947300 3709858112 96.9 8502232827939080 97.0
452994400 3709858512 96.9 8502235371759880 97.0
453016800 3709859212 96.9 8502236658927880 97.0
453047300 3709859312 96.9 8502236659337480 97.0
453251800 3709859512 96.9 8502237475260680 97.0
453426700 3709860512 96.9 8502237957564680 97.0
453507100 3709862912 96.9 8502244827375880 97.0
453582200 3709866512 96.9 8502254632790280 97.0
453652800 3709867012 96.9 8502257569212680 97.0
453970100 3709868012 96.9 8502264310409480 97.0
454214800 3709871812 96.9 8502275640764680 97.0
454223800 3709874012 96.9 8502286266198280 97.0
454532000 3709875612 96.9 8502292002441480 97.0
454566500 3709876112 96.9 8502295306070280 97.0
454705800 3709878412 96.9 8502312996489480 97.0
454893900 3709880112 96.9 8502315890518280 97.0
454989100 3709880612 96.9 8502316850006280 97.0
455378600 3709880812 96.9 8502318185302280 97.0
455381300 3709881012 96.9 8502318689315080 97.0
455504200 3709881412 96.9 8502319593916680 97.0
456109600 3709884512 96.9 8502326886025480 97.0
456216100 3709886612 96.9 8502329143740680 97.0
456290400 3709886712 96.9 8502329244707080 97.0
456428900 3709888612 96.9 8502333319612680 97.0
456437600 3709889612 96.9 8502336031983880 97.0
456567500 3709890312 96.9 8502337785891080 97.0
456593400 3709890812 96.9 8502338578057480 97.0
456669700 3709893712 96.9 8502348353980680 97.0
456823000 3709894212 96.9 8502348969609480 97.0
456945300 3709896212 96.9 8502352499132680 97.0
456981900 3709897112 96.9 8502354477295880 97.0
457062900 3709899512 96.9 8502361225046280 97.0
457088600 3709900312 96.9 8502362374998280 97.0
457204000 3709900512 96.9 8502362401212680 97.0
457305700 3709901812 96.9 8502363076643080 97.0
457472900 3709902612 96.9 8502367168342280 97.0
457627800 3709902712 96.9 8502368415574280 97.0
457686900 3709903712 96.9 8502369167804680 97.0
457793000 3709907212 96.9 8502378340591880 97.0
458498600 3709910212 96.9 8502385388988680 97.0
458802700 3709910712 96.9 8502385992124680 97.0
458952900 3709914912 96.9 8502393920956680 97.0
459043800 3709915212 96.9 8502395306633480 97.0
459130100 3709915312 96.9 8502395485628680 97.0
459200100 3709923012 96.9 8502414670678280 97.0
459238200 3709923512 96.9 8502416680995080 97.0
459344500 3709925012 96.9 8502419973359880 97.0
459482800 3709925812 96.9 8502421152393480 97.0
459525300 3709929012 96.9 8502428196899080 97.0
459571400 3709930212 96.9 8502430343203080 97.0
459600500 3709930512 96.9 8502430890838280 97.0
459684000 3709933912 96.9 8502444261001480 97.0
459720700 3709934712 96.9 8502446102358280 97.0
459731700 3709939812 96.9 8502461778159880 97.0
459758300 3709942412 96.9 8502468159318280 97.0
460408400 3709943812 96.9 8502470564079880 97.0
460604200 3709945212 96.9 8502471909411080 97.0
460679000 3709954512 96.9 8502493794953480 97.0
460832900 3709955212 96.9 8502498311817480 97.0
460919100 3709957212 96.9 8502505443977480 97.0
460925100 3709957312 96.9 8502505478793480 97.0
461037900 3709959212 96.9 8502508458428680 97.0
461093600 3709962012 96.9 8502518038153480 97.0
461135900 3709963012 96.9 8502519682902280 97.0
461164000 3709965212 96.9 8502525224175880 97.0
461195000 3709968112 96.9 8502529842415880 97.0
461479800 3709969712 96.9 8502535707478280 97.0
461657700 3709973812 96.9 8502547123849480 97.0
461693400 3709984812 96.9 8502574241417480 97.0
461726400 3709985912 96.9 8502575837628680 97.0
462079200 3709986112 96.9 8502577045743880 97.0
462163500 3709986212 96.9 8502577115375880 97.0
462166800 3709987012 96.9 8502580157884680 97.0
462579600 3709987112 96.9 8502580869155080 97.0
462712900 3709987912 96.9 8502584136124680 97.0
462737900 3709988112 96.9 8502584203299080 97.0
462797400 3709989012 96.9 8502586344278280 97.0
462866300 3709989712 96.9 8502586858531080 97.0
462931100 3709991512 96.9 8502592048163080 97.0
463003800 3709994512 96.9 8502600734345480 97.0
463087100 3710001412 96.9 8502614882748680 97.0
463423100 3710003912 96.9 8502619664214280 97.0
463440200 3710010012 96.9 8502641126639880 97.0
463482200 3710010712 96.9 8502642750499080 97.0
463577300 3710011112 96.9 8502643073673480 97.0
463777000 3710014312 96.9 8502649320687880 97.0
463939500 3710019212 96.9 8502656139913480 97.0
463958800 3710019312 96.9 8502656645769480 97.0
464063900 3710019912 96.9 8502659823446280 97.0
464243500 3710020512 96.9 8502660923631880 97.0
464357200 3710020712 96.9 8502660949846280 97.0
464424300 3710023412 96.9 8502669850044680 97.0
464583300 3710031412 96.9 8502686966409480 97.0
464838800 3710031612 96.9 8502686973577480 97.0
465265000 3710049412 96.9 8502724475529480 97.0
465529100 3710051412 96.9 8502730357999880 97.0
465617100 3710054212 96.9 8502740808739080 97.0
465643000 3710055412 96.9 8502748136483080 97.0
465662600 3710058612 96.9 8502754130979080 97.0
465896000 3710059412 96.9 8502757217519880 97.0
466136000 3710059712 96.9 8502757891107080 97.0
466237700 3710064512 96.9 8502769020758280 97.0
466249100 3710066612 96.9 8502779803683080 97.0
466385800 3710068012 96.9 8502784137046280 97.0
466588800 3710068912 96.9 8502785234774280 97.0
466816300 3710070912 96.9 8502795052476680 97.0
467088700 3710071012 96.9 8502795283900680 97.0
467185700 3710072512 96.9 8502798831651080 97.0
467331200 3710073812 96.9 8502800681814280 97.0
467496000 3710074312 96.9 8502802310179080 97.0
467956700 3710080712 96.9 8502812422383880 97.0
467975500 3710082512 96.9 8502816105711880 97.0
468195400 3710083112 96.9 8502819524233480 97.0
468196500 3710083912 96.9 8502820553148680 97.0
468217400 3710087912 96.9 8502827659299080 97.0
468242900 3710088012 96.9 8502827659708680 97.0
468259300 3710088312 96.9 8502827852425480 97.0
468684700 3710088412 96.9 8502827865532680 97.0
468951200 3710088512 96.9 8502828035516680 97.0
468989800 3710088812 96.9 8502830004463880 97.0
469155300 3710090512 96.9 8502834243004680 97.0
469254200 3710090712 96.9 8502834269219080 97.0
469265900 3710091812 96.9 8502835887753480 97.0
469672700 3710094612 96.9 8502847413283080 97.0
469976900 3710104212 96.9 8502875634927880 97.0
470445900 3710105012 96.9 8502876677974280 97.1
471376600 3710105912 96.9 8502878329276680 97.1
471951000 3710106112 96.9 8502878546979080 97.1
472042000 3710106912 96.9 8502879828412680 97.1
472746500 3710107112 96.9 8502880197667080 97.1
472853200 3710108712 96.9 8502885106313480 97.1
472874100 3710109412 96.9 8502886539913480 97.1
473187000 3710115212 96.9 8502898794940680 97.1
473365900 3710118012 96.9 8502904364271880 97.1
473427200 3710119112 96.9 8502906607651080 97.1
473999200 3710157512 96.9 8502927719864584 97.1
474500200 3710159612 96.9 8502931937720584 97.1
475396000 3710160212 96.9 8502933858130184 97.1
475924200 3710161012 96.9 8502935332894984 97.1
476227700 3710161112 96.9 8502935495915784 97.1
482444800 3710391012 96.9 8503586177431816 97.1
482446400 3710391812 96.9 8503586217781316 97.1
482480000 3710424112 96.9 8503601370114116 97.1
490337800 3710589012 96.9 8504033268344900 97.1
490988000 3710611812 96.9 8504044087928900 97.1
490990300 3710612412 96.9 8504044193605700 97.1
497073600 3710679412 96.9 8504235888863300 97.1
497368700 3710687012 96.9 8504241360095300 97.1
497546200 3710688712 96.9 8504241872504900 97.1
504052700 3710710112 96.9 8504306710136900 97.1