# 4288749056 9825623526604800 950340 134611800 334199437241900 0 0
0 504154496 11.8 324612688707584 3.3
1137500 901318400 21.0 1061698333048832 10.8
2123900 1141954704 26.6 1564577531691008 15.9
3014100 1320221712 30.8 1961338892976128 20.0
3834000 1462257616 34.1 2290641350426624 23.3
4611200 1579867408 36.8 2572023062593536 26.2
5345500 1680159712 39.2 2818067511902208 28.7
6051600 1767138112 41.2 3034950307676160 30.9
6728000 1844244712 43.0 3230059280203776 32.9
7383800 1913127112 44.6 3407487264882688 34.7
8011400 1975373412 46.1 3569842883919872 36.3
8622600 2032267112 47.4 3718942388387840 37.8
9224000 2084288812 48.6 3856873526657024 39.3
9767400 2132445912 49.7 3985469838721024 40.6
10336800 2177232012 50.8 4105014909861888 41.8
10876600 2219019512 51.7 4216874405462016 42.9
11417500 2258104112 52.7 4322475261296640 44.0
11951200 2294612412 53.5 4421601470709760 45.0
12459600 2328899512 54.3 4514878731583488 46.0
12970800 2361244812 55.1 4603297050656768 46.8
13435000 2392041012 55.8 4688025229459456 47.7
14377400 2449188212 57.1 4845221351260160 49.3
15296900 2501062812 58.3 4987949020086272 50.8
16166300 2548287912 59.4 5117794186166272 52.1
16970600 2591846112 60.4 5238010765377536 53.3
17804900 2632210712 61.4 5349982525718528 54.4
18634600 2669755412 62.3 5454881808711680 55.5
19371600 2704505612 63.1 5551974284001280 56.5
20092200 2737146412 63.8 5643073149206528 57.4
20832400 2767771712 64.5 5728866236628992 58.3
21558700 2796612312 65.2 5809708510216192 59.1
22566200 2837016812 66.2 5922764145819648 60.3
23547700 2874168112 67.0 6026676517470208 61.3
24487000 2908699612 67.8 6122970271449088 62.3
25362400 2940690312 68.6 6212372263862272 63.2
26311900 2970463312 69.3 6295857972379648 64.1
27169200 2998393112 69.9 6373880885149696 64.9
28003800 3024697212 70.5 6447099700838400 65.6
29158300 3057253912 71.3 6538879746179072 66.5
30243200 3087260212 72.0 6623572801880064 67.4
31241600 3115171512 72.6 6701899751358464 68.2
32283600 3141235712 73.2 6774962211782656 69.0
33088500 3165577712 73.8 6843046285017088 69.6
34544700 3193709812 74.5 6921908645789696 70.4
35363100 3219736512 75.1 6995105441382400 71.2
36578000 3244026812 75.6 7062962653102080 71.9
37743800 3266657612 76.2 7126058117627904 72.5
38970400 3291766312 76.8 7196343009280000 73.2
40096200 3315020612 77.3 7261220453220352 73.9
41344700 3336652612 77.8 7321225101574144 74.5
42344800 3356870012 78.3 7377098054303744 75.1
43667700 3378616812 78.8 7437073103454208 75.7
44767100 3398836912 79.3 7493354933714944 76.3
45949200 3417554912 79.7 7545024350994432 76.8
47394300 3437349312 80.1 7599603834896384 77.3
48571600 3455680212 80.6 7650314094329856 77.9
49613300 3474716512 81.0 7702568620998656 78.4
50949100 3492299012 81.4 7750925297074176 78.9
52129200 3510180112 81.8 7799933835100160 79.4
53728300 3526671212 82.2 7845172650131456 79.8
55106800 3543225412 82.6 7890527328616448 80.3
55834600 3558499712 83.0 7932034819506176 80.7
57362900 3573756812 83.3 7973266971115520 81.1
58057200 3587856112 83.7 8011477432877056 81.5
59590200 3601815712 84.0 8049006349598720 81.9
60278200 3614660612 84.3 8083475957760000 82.3
61021300 3625277412 84.5 8111164630450176 82.6
61403700 3635721712 84.8 8138679830921216 82.8
61596100 3648491212 85.1 8172611819487232 83.2
61795900 3659565112 85.3 8201768626208768 83.5
61921400 3670664212 85.6 8231199866535936 83.8
62089300 3681264412 85.8 8258940288548864 84.1
62266100 3693946412 86.1 8292758068314112 84.4
62452900 3705667712 86.4 8323807697616896 84.7
63008800 3716997612 86.7 8354017386299392 85.0
63030500 3728470612 86.9 8384748403055668 85.3
63235600 3740921612 87.2 8418005825903668 85.7
63325400 3751827612 87.5 8446429802028084 86.0
63517400 3763022612 87.7 8476286283963444 86.3
63797900 3773576912 88.0 8503741300366388 86.5
63908900 3784057512 88.2 8531315682466868 86.8
64265700 3794865712 88.5 8559600929889332 87.1
64517400 3806416012 88.8 8590702203657268 87.4
64668800 3817489712 89.0 8620025568582708 87.7
67191800 3829474612 89.3 8652463451692084 88.1
68629600 3841788412 89.6 8685816424979508 88.4
70953200 3854085012 89.9 8718821757574196 88.7
73955600 3866625712 90.2 8752804348320820 89.1
76390000 3879408812 90.5 8787663357762612 89.4
80384100 3890863812 90.7 8818640788413492 89.8
83308700 3904069712 91.0 8854793625295924 90.1
87572300 3914970012 91.3 8884411719769140 90.4
91172900 3928579712 91.6 8922022987455540 90.8
95789800 3940114012 91.9 8953841099234356 91.1
99486700 3954059312 92.2 8992011710913588 91.5
103390700 3968313212 92.5 9030999016496180 91.9
108617300 3982610012 92.9 9070237028211764 92.3
112844900 3997007512 93.2 9109148953762868 92.7
118543200 4010736012 93.5 9146146439584820 93.1
122658200 4024411512 93.8 9182729322650676 93.5
128064100 4036721812 94.1 9214788976008244 93.8
128064200 4036721912 94.1 9214788976213044 93.8
131613300 4047110512 94.4 9242229379660852 94.1
135327000 4055675012 94.6 9264263769848884 94.3
139106300 4062553712 94.7 9281895726283828 94.5
141536000 4066336612 94.8 9290514933447732 94.6
142043900 4071780012 94.9 9303840269761588 94.7
143922900 4076031512 95.0 9313803666947124 94.8
144418000 4079564512 95.1 9321845620964404 94.9
144670700 4083263612 95.2 9330194807225396 95.0
145642800 4087572812 95.3 9340555047435316 95.1
145918900 4092773612 95.4 9353095352646708 95.2
153229800 4098661112 95.6 9367863299898420 95.3
155816500 4106036312 95.7 9386715966569524 95.5
162561500 4114254412 95.9 9407434932845620 95.7
168638100 4122009512 96.1 9426811421948980 95.9
171153300 4127865412 96.2 9441128783510580 96.1
176262500 4130260612 96.3 9446245197380660 96.1
176759800 4133100012 96.4 9452615179664436 96.2
176761500 4137239912 96.5 9462417631968308 96.3
178772900 4140064312 96.5 9468763851947060 96.4
184826600 4144844312 96.6 9480342837361716 96.5
185996600 4147349212 96.7 9485993869278260 96.5
194148500 4152857612 96.8 9499443219627060 96.7
198167200 4154688812 96.9 9503230440733748 96.7
198789800 4159624212 97.0 9515182645804084 96.8
202404000 4162542612 97.1 9521808561896500 96.9
205864200 4164763912 97.1 9526792359738420 97.0
208285300 4168144612 97.2 9534872940149812 97.0
208823400 4168468712 97.2 9535562366811188 97.0
216040400 4168564312 97.2 9535775704710196 97.1
216323900 4168683312 97.2 9536035643227188 97.1
216724700 4168876012 97.2 9536430329691188 97.1
217264500 4172179712 97.3 9544231476132916 97.1
220661500 4175006412 97.3 9551113068608564 97.2
227127400 4177138512 97.4 9555960503860276 97.3
227814100 4177187912 97.4 9556065932852276 97.3
228069000 4178532412 97.4 9558825364143156 97.3
228093300 4178663912 97.4 9559096825527348 97.3
228658100 4178669612 97.4 9559114820074548 97.3
229385700 4179542812 97.5 9561066301799476 97.3
232621300 4179635512 97.5 9561250157509684 97.3
233257800 4180131412 97.5 9562175269452852 97.3
233410300 4180263912 97.5 9562445871070260 97.3
234295700 4180495212 97.5 9562969746390068 97.3
234492800 4180498712 97.5 9562977276271668 97.3
234497800 4180513212 97.5 9563010058812468 97.3
235468000 4183096112 97.5 9569101421345844 97.4
236643800 4183112612 97.5 9569135424494644 97.4
237231800 4183217112 97.5 9569377516313652 97.4
237245900 4183245212 97.5 9569424989158452 97.4
238005300 4183265312 97.5 9569464641715252 97.4
238710600 4184928512 97.6 9573322546805812 97.4
239165900 4184975712 97.6 9573419103657012 97.4
245739000 4184981112 97.6 9573425762933812 97.4
245932000 4185116412 97.6 9573663591636020 97.4
246307900 4185182812 97.6 9573803132116020 97.4
246478100 4185268412 97.6 9573994805255220 97.4
247424000 4185303012 97.6 9574045090618420 97.4
247875200 4185316812 97.6 9574074164845620 97.4
248523400 4185757112 97.6 9575048091474996 97.4
249140000 4185776512 97.6 9575085461535796 97.5
249476200 4185803212 97.6 9575150302444596 97.5
249766800 4185812312 97.6 9575163175762996 97.5
250208100 4185825512 97.6 9575196575980596 97.5
250213900 4186006212 97.6 9575629701569588 97.5
250556600 4186029412 97.6 9575687854529588 97.5
250719300 4186061812 97.6 9575746809281588 97.5
251417900 4186068912 97.6 9575759978535988 97.5
251840400 4186089512 97.6 9575793248295988 97.5
252084200 4186099712 97.6 9575808360078388 97.5
254491400 4186106312 97.6 9575821415668788 97.5
256246900 4186111612 97.6 9575830672014388 97.5
256473800 4187897412 97.6 9579890735479860 97.5
256525700 4187919112 97.6 9579925177515060 97.5
256669200 4187921112 97.6 9579929845931060 97.5
256913000 4189910112 97.7 9584528224459828 97.5
257567700 4189910312 97.7 9584528486603828 97.5
258304500 4189916512 97.7 9584541262642228 97.5
260083400 4189920212 97.7 9584551376485428 97.5
260556100 4189921712 97.7 9584553240984628 97.5
261828600 4189927112 97.7 9584563555941428 97.5
261965400 4189942712 97.7 9584597971147828 97.5
262897000 4189961812 97.7 9584634360011828 97.5
263101600 4190399012 97.7 9585611210726452 97.6
263109200 4190400712 97.7 9585612955622452 97.6
263456300 4190408412 97.7 9585622638361652 97.6
263534800 4190409212 97.7 9585623727283252 97.6
264243100 4190414712 97.7 9585636359347252 97.6
264674600 4190430312 97.7 9585669643852852 97.6
264780700 4190443012 97.7 9585698650086452 97.6
265493500 4190468712 97.7 9585766982835252 97.6
265750200 4190805412 97.7 9586468168883252 97.6
266370700 4190806612 97.7 9586469746867252 97.6
267411800 4190830912 97.7 9586523438054452 97.6
267477900 4190941912 97.7 9586768231595060 97.6
267524000 4190944312 97.7 9586771512386868 97.6
267589000 4190995812 97.7 9586891566146868 97.6
268636100 4191017712 97.7 9586922436674868 97.6
269310600 4191019212 97.7 9586925436175668 97.6
269444000 4191032112 97.7 9586956113782068 97.6
269655200 4191034612 97.7 9586962717967668 97.6
269735300 4191051612 97.7 9586990737679668 97.6
269779600 4191060312 97.7 9587008178857268 97.6
270238500 4191064012 97.7 9587016329282868 97.6
270349200 4191065212 97.7 9587017834972468 97.6
270495000 4191071512 97.7 9587028874306868 97.6
270617200 4191078612 97.7 9587042913142068 97.6
271353700 4191080712 97.7 9587045720130868 97.6
271529200 4191099812 97.7 9587090196342068 97.6
271718700 4191102712 97.7 9587095065871668 97.6
271876000 4191104112 97.7 9587098181903668 97.6
272144000 4191105012 97.7 9587099292738868 97.6
272251600 4191106812 97.7 9587102584898868 97.6
272326700 4191121712 97.7 9587122389263668 97.6
272340600 4191123212 97.7 9587126696002868 97.6
272433300 4191129412 97.7 9587137690486068 97.6
272967100 4191131912 97.7 9587142775670068 97.6
273345100 4191340512 97.7 9587580034942260 97.6
273655800 4191341212 97.7 9587580443927860 97.6
273694100 4191354712 97.7 9587608373937460 97.6
273797100 4191365312 97.7 9587630574667060 97.6
273921700 4191397812 97.7 9587696021579060 97.6
273994800 4191398212 97.7 9587700401841460 97.6
274158000 4191403812 97.7 9587709259646260 97.6
274209600 4191404812 97.7 9587711475582260 97.6
274500100 4191423012 97.7 9587745387799860 97.6
274725700 4191426112 97.7 9587749641700660 97.6
274850000 4191588212 97.7 9588101562451252 97.6
275108100 4191593512 97.7 9588115764716852 97.6
275392300 4191596712 97.7 9588124362425652 97.6
275487400 4191604612 97.7 9588143194400052 97.6
275544000 4191604912 97.7 9588143601542452 97.6
275576700 4191606512 97.7 9588144092243252 97.6
275617500 4191607912 97.7 9588147770246452 97.6
275676800 4191615812 97.7 9588166306899252 97.6
275975700 4191653212 97.7 9588242754233652 97.6
276072500 4191680612 97.7 9588293425440052 97.6
276392300 4191682812 97.7 9588297707398452 97.6
276492000 4191683412 97.7 9588299959788852 97.6
276603300 4191688012 97.7 9588308663788852 97.6
276608900 4191757712 97.7 9588439376569652 97.6
276620300 4191757812 97.7 9588439828358452 97.6
276936900 4191764212 97.7 9588453762540852 97.6
276952500 4191764912 97.7 9588454557164852 97.6
276959900 4191770712 97.7 9588465371628852 97.6
277168300 4191773212 97.7 9588474315859252 97.6
277198500 4191810412 97.7 9588551545734452 97.6
277307700 4191811312 97.7 9588555475641652 97.6
277334000 4191838412 97.7 9588620689491252 97.6
277334500 4191847812 97.7 9588639075820852 97.6
277431300 4193130512 97.8 9591549464044852 97.6
277539000 4193142112 97.8 9591574965945652 97.6
277764000 4193144012 97.8 9591581122028852 97.6
277894700 4193154112 97.8 9591602139014452 97.6
278135300 4193159412 97.8 9591619005932852 97.6
278668700 4193161112 97.8 9591620088505652 97.6
278681300 4193162212 97.8 9591622337414452 97.6
278908800 4193166312 97.8 9591626935788852 97.6
279030000 4193167312 97.8 9591628158035252 97.6
279066100 4193184112 97.8 9591675065427252 97.6
279072300 4193184812 97.8 9591675321632052 97.6
279109100 4193189212 97.8 9591686519276852 97.6
279524400 4193189912 97.8 9591689782150452 97.6
279708600 4193191712 97.8 9591692579718452 97.6
279732200 4193195712 97.8 9591702403564852 97.6
279740000 4193196712 97.8 9591704200889652 97.6
279782600 4193197912 97.8 9591708194284852 97.6
279799500 4193201112 97.8 9591711858566452 97.6
279905900 4193201912 97.8 9591714130003252 97.6
279924600 4193211512 97.8 9591725755065652 97.6
280057000 4193211612 97.8 9591725755475252 97.6
280380900 4193211712 97.8 9591726260512052 97.6
280628800 4193213812 97.8 9591729583801652 97.6
280650300 4193214112 97.8 9591729997497652 97.6
280664600 4193218512 97.8 9591743654176052 97.6
280798800 4193246012 97.8 9591815791904052 97.6
280865600 4193293512 97.8 9591901724345652 97.6
281020000 4193294112 97.8 9591902259488052 97.6
281196200 4193307512 97.8 9591932845753652 97.6
281416400 4193315712 97.8 9591954330092852 97.6
281627200 4193328712 97.8 9591982169580852 97.6
281730600 4193328812 97.8 9591982182892852 97.6
281794300 4193358112 97.8 9592072109139252 97.6
281966100 4193359412 97.8 9592074276332852 97.6
281967300 4193423612 97.8 9592232361452852 97.6
281968200 4193444412 97.8 9592266609542452 97.6
281985400 4193447512 97.8 9592275346924852 97.6
282206900 4193447612 97.8 9592275360236852 97.6
282220600 4193451912 97.8 9592282944185652 97.6
282234900 4193472112 97.8 9592324191520052 97.6
282237800 4193472912 97.8 9592324974265652 97.6
282388600 4193483212 97.8 9592343596115252 97.6
282441700 4193484712 97.8 9592344443987252 97.6
282784900 4193485312 97.8 9592346089760052 97.6
283114000 4193485912 97.8 9592346990880052 97.6
283217000 4193486912 97.8 9592348330476852 97.6
283233200 4193488512 97.8 9592350743635252 97.6
283274600 4193651412 97.8 9592711198385460 97.6
283275800 4193653212 97.8 9592712789271860 97.6
283282600 4193657012 97.8 9592721372439860 97.6
283323800 4193662212 97.8 9592729102411060 97.6
283414900 4193662612 97.8 9592729706366260 97.6
283423600 4193664712 97.8 9592731667531060 97.6
283424800 4193664812 97.8 9592732191204660 97.6
283601000 4193691512 97.8 9592781571556660 97.6
283677000 4193693412 97.8 9592783249073460 97.6
283842100 4193698212 97.8 9592788102423860 97.6
284026900 4193699512 97.8 9592789021156660 97.6
284086100 4193708812 97.8 9592809516926260 97.6
284163000 4193720812 97.8 9592837669553460 97.6
284177700 4193727612 97.8 9592848843851060 97.6
284197800 4193727712 97.8 9592849021003060 97.6
284201900 4193728212 97.8 9592850235262260 97.6
284430700 4193729512 97.8 9592852845028660 97.6
284573400 4193730212 97.8 9592854284363060 97.6
284581900 4193756112 97.8 9592911781348660 97.6
284758900 4193758712 97.8 9592917676516660 97.6
284909800 4193761612 97.8 9592924092286260 97.6
284984300 4193764812 97.8 9592929656087860 97.6
285019100 4193765612 97.8 9592929964721460 97.6
285202700 4193771512 97.8 9592936943281460 97.6
285518600 4193782512 97.8 9592953766577460 97.6
285574800 4193789812 97.8 9592968256587060 97.6
285606900 4193790212 97.8 9592968392574260 97.6
285644100 4193803412 97.8 9593000914814260 97.6
285668000 4193805012 97.8 9593002655614260 97.6
285671000 4193809112 97.8 9593007557911860 97.6
285804900 4193809912 97.8 9593010574001460 97.6
285873900 4193811912 97.8 9593015070795060 97.6
285882100 4193812112 97.8 9593015643211060 97.6
285902300 4193813012 97.8 9593016342807860 97.6
285975900 4193813112 97.8 9593017019467060 97.6
286020200 4193814312 97.8 9593019406820660 97.6
286115600 4193844712 97.8 9593086233675060 97.6
286156800 4193893112 97.8 9593182115300660 97.6
286249500 4193903712 97.8 9593195778737460 97.6
286282800 4193904212 97.8 9593197347505460 97.6
286484200 4193910412 97.8 9593202976023860 97.6
286572400 4193910612 97.8 9593203310667060 97.6
286611400 4193913812 97.8 9593215594571060 97.6
286704500 4193914712 97.8 9593215650071860 97.6
286747800 4193940612 97.8 9593272112203060 97.6
286813800 4193942112 97.8 9593275186251060 97.6
286857200 4193949312 97.8 9593289464907060 97.6
286904000 4193979612 97.8 9593350129943860 97.6
287021700 4193981312 97.8 9593354029745460 97.6
287105300 4193981512 97.8 9593354373195060 97.6
287227000 4193981812 97.8 9593354454091060 97.6
287422600 4194007812 97.8 9593413654807860 97.6
287446500 4194015612 97.8 9593425320830260 97.6
287508000 4194017612 97.8 9593430865585460 97.6
287520300 4194035612 97.8 9593470881867060 97.6
287544900 4194041112 97.8 9593481517540660 97.6
287639900 4194043312 97.8 9593483520075060 97.6
287700000 4194047112 97.8 9593488148964660 97.6
287724400 4194058012 97.8 9593505395787060 97.6
287728700 4194071712 97.8 9593529786852660 97.6
287735800 4194077812 97.8 9593539618481460 97.6
287776200 4194079312 97.8 9593542864151860 97.6
287807500 4194089312 97.8 9593561112446260 97.6
287838400 4194092112 97.8 9593570183652660 97.6
288064300 4194094712 97.8 9593578883351860 97.6
288143200 4194096212 97.8 9593580122391860 97.6
288153100 4194096612 97.8 9593581182641460 97.6
288311300 4194153112 97.8 9593699179390260 97.6
288320900 4194186812 97.8 9593784474903860 97.6
288388300 4194190412 97.8 9593791611159860 97.6
288393000 4194192412 97.8 9593796211377460 97.6
288453900 4194208912 97.8 9593828803454260 97.6
288457900 4194210012 97.8 9593831165617460 97.6
288571800 4194210712 97.8 9593832788657460 97.6
288583900 4194213812 97.8 9593840656049460 97.6
288764300 4194219112 97.8 9593848323351860 97.6
288898800 4194224912 97.8 9593859309847860 97.6
288971400 4194225112 97.8 9593859444196660 97.6
289031700 4194226012 97.8 9593860325655860 97.6
289184800 4194226612 97.8 9593861241111860 97.6
289206500 4194229112 97.8 9593865827198260 97.6
289334200 4194231112 97.8 9593869192267060 97.6
289462300 4194232112 97.8 9593870697342260 97.6
289540500 4194233512 97.8 9593872839755060 97.6
289700400 4194234612 97.8 9593874742347060 97.6
289702100 4194236212 97.8 9593877457175860 97.6
289724000 4194239012 97.8 9593882332439860 97.6
289792200 4194241112 97.8 9593884501067060 97.6
289997100 4194290712 97.8 9593990453323060 97.6
290249100 4194294512 97.8 9593995549771060 97.6
290326400 4194296712 97.8 9593998366795060 97.6
290435800 4194300412 97.8 9594003374974260 97.6
290449800 4194301612 97.8 9594006606513460 97.6
290456800 4194305012 97.8 9594012518065460 97.6
290523000 4194307812 97.8 9594018260452660 97.6
290595000 4194318512 97.8 9594045905380660 97.6
290604100 4194318912 97.8 9594046198039860 97.6
290676700 4194319812 97.8 9594047626315060 97.6
290683200 4194327812 97.8 9594062335665460 97.6
290870500 4194335112 97.8 9594084298007860 97.6
290962900 4194335612 97.8 9594084873700660 97.6
290982400 4194336812 97.8 9594088013694260 97.6
291192400 4194338212 97.8 9594090485835060 97.6
291222300 4194339112 97.8 9594091620631860 97.6
291257400 4194344012 97.8 9594096209790260 97.6
291327000 4194352812 97.8 9594109879985460 97.6
291396100 4194353812 97.8 9594110042187060 97.6
291398700 4194356012 97.8 9594112526001460 97.6
291553100 4194564712 97.8 9594558079870260 97.6
291558300 4194575812 97.8 9594579678078260 97.6
291606500 4194579512 97.8 9594584377623860 97.6
291610500 4194580512 97.8 9594585953969460 97.6
291619300 4194581612 97.8 9594590646961460 97.6
291757400 4194585412 97.8 9594594437809460 97.6
291917000 4194592012 97.8 9594605860734260 97.6
292074500 4194594512 97.8 9594610361623860 97.6
292118000 4194596112 97.8 9594615548593460 97.6
292251000 4194598412 97.8 9594617081316660 97.6
292340600 4194629112 97.8 9594667092452660 97.6
292422500 4194630712 97.8 9594669719831860 97.6
292495900 4194633612 97.8 9594676594353460 97.6
292527300 4194637312 97.8 9594684530763060 97.6
292764500 4194639112 97.8 9594691379275060 97.6
292770400 4194642412 97.8 9594702362289460 97.6
292949700 4194643512 97.8 9594704193815860 97.6
293040200 4194644712 97.8 9594706545534260 97.6
293073200 4194645612 97.8 9594707951486260 97.6
293100000 4194697012 97.8 9594815523710260 97.7
293175800 4194698412 97.8 9594818788017460 97.7
293188700 4194699812 97.8 9594821065188660 97.7
293351200 4194699912 97.8 9594821164516660 97.7
293379800 4194701012 97.8 9594823823435060 97.7
293495900 4194702112 97.8 9594828729828660 97.7
293561300 4194702912 97.8 9594831293310260 97.7
293621900 4194703412 97.8 9594834583627060 97.7
293691400 4194703512 97.8 9594834750334260 97.7
293733600 4194707012 97.8 9594844941182260 97.7
293836800 4194707412 97.8 9594846618699060 97.7
293878900 4194708512 97.8 9594847183947060 97.7
294001600 4194709012 97.8 9594848560407860 97.7
294029300 4194709812 97.8 9594849681073460 97.7
294204200 4194710612 97.8 9594850684798260 97.7
294256600 4194711412 97.8 9594851277694260 97.7
294279700 4194713112 97.8 9594852424779060 97.7
294300500 4194714212 97.8 9594854597297460 97.7
294381500 4194715212 97.8 9594855703422260 97.7
294461400 4194716512 97.8 9594860028593460 97.7
294651100 4194716912 97.8 9594861230769460 97.7
294708400 4194722012 97.8 9594873548670260 97.7
294901300 4194724312 97.8 9594875774231860 97.7
294934700 4194725512 97.8 9594876467479860 97.7
294985700 4194726812 97.8 9594879582692660 97.7
295012400 4194741112 97.8 9594907531543860 97.7
295027800 4194742212 97.8 9594909308593460 97.7
295188000 4194761912 97.8 9594956216599860 97.7
295274300 4194762812 97.8 9594956757681460 97.7
295341700 4194764312 97.8 9594960979019060 97.7
295367600 4194767912 97.8 9594970272433460 97.7
295476700 4194769012 97.8 9594970794059060 97.7
295505900 4194770312 97.8 9594972616164660 97.7
295507100 4194773112 97.8 9594977431831860 97.7
295569800 4194778412 97.8 9594991076836660 97.7
295629600 4194802712 97.8 9595049940452660 97.7
296126900 4194803412 97.8 9595050444055860 97.7
296150700 4194805512 97.8 9595055685502260 97.7
296154300 4194853112 97.8 9595162011108660 97.7
296178600 4194924812 97.8 9595320264983860 97.7
296192700 4194931512 97.8 9595330292811060 97.7
296259500 4195018312 97.8 9595569616356660 97.7
296294900 4195019412 97.8 9595572000843060 97.7
296303400 4195023612 97.8 9595579391665460 97.7
296335700 4195024812 97.8 9595579731838260 97.7
296343300 4195064712 97.8 9595671460324660 97.7
296391700 4195456612 97.8 9596523533968692 97.7
296474200 4195457612 97.8 9596526229136692 97.7
296495100 4195477512 97.8 9596565441783092 97.7
296544700 4195488112 97.8 9596591279965492 97.7
296668100 4195490712 97.8 9596597448541492 97.7
296814300 4195493112 97.8 9596601084765492 97.7
296817000 4195495112 97.8 9596604357879092 97.7
296857700 4195496912 97.8 9596606916240692 97.7
296883200 4195497712 97.8 9596609094493492 97.7
296920500 4195499512 97.8 9596614817219892 97.7
296920700 4195500312 97.8 9596617813648692 97.7
296931700 4195501512 97.8 9596620389008692 97.7
296941000 4195506612 97.8 9596626632131892 97.7
296983800 4195508612 97.8 9596633992643892 97.7
297095000 4195509012 97.8 9596636802909492 97.7
297332900 4195512112 97.8 9596641372611892 97.7
297368400 4195521612 97.8 9596658207376692 97.7
297390500 4195522412 97.8 9596660871619892 97.7
297468600 4195522912 97.8 9596661294327092 97.7
297476400 4195525412 97.8 9596667168195892 97.7
297528800 4195526112 97.8 9596667744298292 97.7
297603300 4195527012 97.8 9596668561245492 97.7
297607500 4195529712 97.8 9596673899152692 97.7
297705100 4195531812 97.8 9596677586986292 97.7
297720800 4195534312 97.8 9596679478519092 97.7
297788900 4195628112 97.8 9596885336515892 97.7
297798900 4195629112 97.8 9596887482819892 97.7
297855400 4195642512 97.8 9596906463479092 97.7
298005400 4195643012 97.8 9596907691869492 97.7
298016400 4195644912 97.8 9596908842435892 97.7
298199400 4195648512 97.8 9596914838365492 97.7
298292100 4195650012 97.8 9596918168413492 97.7
298381500 4195650612 97.8 9596919190160692 97.7
298388500 4195652312 97.8 9596923199530292 97.7
298422100 4195653212 97.8 9596925070378292 97.7
298498300 4195654712 97.8 9596927086429492 97.7
298522900 4195659012 97.8 9596937422275892 97.7
298615400 4195659612 97.8 9596937665783092 97.7
298710300 4195660312 97.8 9596937915229492 97.7
298749700 4195661112 97.8 9596940299511092 97.7
298796900 4195663112 97.8 9596944189687092 97.7
298939400 4195663612 97.8 9596944503645492 97.7
298964600 4195664012 97.8 9596944816579892 97.7
298985600 4195669912 97.8 9596952973763892 97.7
299047300 4195673312 97.8 9596963576055092 97.7
299114500 4195688812 97.8 9596995203728692 97.7
299212200 4195689812 97.8 9596997152810292 97.7
299244500 4195690412 97.8 9596998032631092 97.7
299286300 4195691312 97.8 9596998984541492 97.7
299342000 4195701112 97.8 9597019662378292 97.7
299359000 4195702712 97.8 9597022422672692 97.7
299367100 4195704312 97.8 9597023898256692 97.7
299403800 4195705812 97.8 9597027032106292 97.7
299444200 4195707812 97.8 9597030990890292 97.7
299547300 4195731212 97.8 9597068847555892 97.7
299660900 4195731712 97.8 9597071882282292 97.7
299769700 4195732512 97.8 9597073414595892 97.7
300114300 4195736812 97.8 9597080624579892 97.7
300137900 4195740712 97.8 9597088242935092 97.7
300318300 4195744212 97.8 9597092732970292 97.7
300443700 4195744612 97.8 9597093041194292 97.7
300487000 4195745812 97.8 9597094235383092 97.7
300617200 4195761512 97.8 9597127397008692 97.7
300704100 4195764212 97.8 9597133332727092 97.7
300755600 4195764812 97.8 9597133881795892 97.7
300756700 4195765712 97.8 9597135383389492 97.7
300825700 4195766512 97.8 9597136151594292 97.7
301006500 4195773112 97.8 9597151358403892 97.7
301055700 4195773412 97.8 9597152105104692 97.7
301151300 4195810812 97.8 9597246790698292 97.7
301155200 4195812512 97.8 9597250766890292 97.7
301188800 4195814212 97.8 9597253173699892 97.7
301227000 4195823712 97.8 9597281981072692 97.7
301320600 4195835612 97.8 9597316257219892 97.7
301372400 4195856812 97.8 9597367840195892 97.7
301412800 4195858712 97.8 9597374230775092 97.7
301706400 4195860312 97.8 9597376359671092 97.7
301812400 4195863212 97.8 9597380608247092 97.7
301952400 4195881012 97.8 9597416469955892 97.7
302032200 4195882012 97.8 9597417984861492 97.7
302038900 4195882712 97.8 9597421399082292 97.7
302073100 4195887312 97.8 9597433906423092 97.7
302106200 4195888212 97.8 9597434867959092 97.7
302239400 4195888812 97.8 9597436899370292 97.7
302243200 4195890012 97.8 9597440209552692 97.7
302313200 4195891112 97.8 9597441482384692 97.7
302371200 4195895412 97.8 9597453958186292 97.7
302449800 4195965812 97.8 9597617341695284 97.7
302625700 4195966712 97.8 9597619101746484 97.7
302666200 4195969412 97.8 9597625951282484 97.7
302806500 4196006212 97.8 9597706409215284 97.7
302807900 4196015912 97.8 9597721962546484 97.7
302874800 4196016512 97.8 9597723340031284 97.7
302926800 4196017212 97.8 9597724414412084 97.7
302957200 4196022812 97.8 9597734875391284 97.7
303059600 4196023512 97.8 9597735413605684 97.7
303133000 4196023812 97.8 9597736399717684 97.7
303172300 4196024312 97.8 9597738696754484 97.7
303183500 4196032812 97.8 9597759884748084 97.7
303199200 4196033512 97.8 9597760835224884 97.7
303240400 4196035412 97.8 9597762880562484 97.7
303253300 4196039612 97.8 9597768484504884 97.7
303298400 4196039912 97.8 9597768840037684 97.7
303321900 4196042112 97.8 9597773319218484 97.7
303375500 4196042412 97.8 9597773616588084 97.7
303405400 4196044612 97.8 9597785682789684 97.7
303538300 4196364112 97.8 9598506815964468 97.7
303729300 4196368212 97.8 9598519469122868 97.7
303749700 4196369012 97.8 9598521994716468 97.7
303784500 4196370412 97.8 9598524969641268 97.7
303920200 4196373712 97.8 9598531033359668 97.7
303939600 4196375812 97.8 9598537744860468 97.7
304002800 4196377712 97.8 9598540912911668 97.7
304013300 4196379012 97.8 9598542699382068 97.7
304106900 4196379312 97.8 9598542919337268 97.7
304263000 4196382812 97.8 9598551408706868 97.7
304300900 4196390112 97.8 9598566181954868 97.7
304390500 4196399412 97.8 9598585401820468 97.7
304476700 4196401312 97.8 9598588183209268 97.7
304477100 4196406712 97.8 9598595495183668 97.7
304638800 4196407612 97.8 9598596087874868 97.7
304687100 4196408012 97.8 9598596179830068 97.7
304703500 4196411012 97.8 9598600273577268 97.7
304742200 4196413412 97.8 9598602857334068 97.7
304752000 4196413912 97.8 9598603857782068 97.7
304782500 4196417712 97.8 9598615254287668 97.7
304896200 4196420212 97.8 9598619344962868 97.7
305001300 4196421312 97.8 9598623012930868 97.7
305006700 4196443412 97.8 9598672750249268 97.7
305120500 4196445112 97.8 9598674992399668 97.7
305142700 4196447612 97.8 9598681357583668 97.7
305179900 4196449312 97.8 9598683251778868 97.7
305242900 4196450412 97.8 9598684460713268 97.7
305338300 4196454312 97.8 9598696900674868 97.7
305424600 4196465012 97.8 9598714954409268 97.7
305438400 4196465812 97.8 9598716405417268 97.7
305497800 4196470912 97.8 9598725079516468 97.7
305633400 4196471212 97.8 9598725428700468 97.7
305832700 4196472912 97.8 9598727317570868 97.7
305986300 4196474512 97.8 9598728894735668 97.7
306013000 4196477812 97.8 9598732585231668 97.7
306064500 4196479112 97.8 9598735018870068 97.7
306081500 4196480012 97.8 9598735962793268 97.7
306215700 4196480912 97.8 9598738558018868 97.7
306241500 4196482212 97.8 9598743557186868 97.7
306246200 4196490312 97.8 9598766307804468 97.7
306383100 4196490612 97.8 9598766668047668 97.7
306513600 4196513012 97.8 9598800144655668 97.7
306523200 4196567612 97.9 9598904812201268 97.7
306551700 4196570712 97.9 9598912201385268 97.7
306619000 4196571112 97.9 9598912241526068 97.7
306647700 4196572112 97.9 9598916931446068 97.7
306895500 4196575512 97.9 9598921961538868 97.7
306910200 4196579012 97.9 9598925874242868 97.7
306922300 4196580212 97.9 9598928480732468 97.7
306927100 4196586612 97.9 9598945675126068 97.7
306989400 4196589012 97.9 9598949528438068 97.7
307078400 4196589412 97.9 9598949991081268 97.7
307251300 4196590812 97.9 9598954540918068 97.7
307317500 4196592912 97.9 9598959872886068 97.7
307346200 4196593512 97.9 9598961872758068 97.7
307367900 4196596712 97.9 9598968127554868 97.7
307385100 4196598312 97.9 9598972771394868 97.7
307387000 4196599412 97.9 9598977495721268 97.7
307436700 4196756412 97.9 9599340747220276 97.7
307471400 4196775312 97.9 9599395845178676 97.7
307510100 4196775612 97.9 9599395978298676 97.7
307564200 4196782012 97.9 9599407844410676 97.7
307573000 4196783912 97.9 9599411967239476 97.7
307579000 4196784812 97.9 9599413660321076 97.7
307782000 4196790212 97.9 9599422181434676 97.7
307951700 4196790912 97.9 9599423310087476 97.7
308071600 4196792712 97.9 9599425796359476 97.7
308195300 4196793812 97.9 9599427492308276 97.7
308334400 4196794612 97.9 9599428731553076 97.7
308385900 4196801012 97.9 9599441366484276 97.7
308494500 4196801712 97.9 9599443213370676 97.7
308533500 4196802212 97.9 9599444847265076 97.7
308595900 4196802912 97.9 9599446683911476 97.7
308663300 4196804212 97.9 9599448297325876 97.7
308687800 4196804712 97.9 9599448715732276 97.7
308834800 4196806312 97.9 9599450255418676 97.7
308949900 4196806612 97.9 9599450420692276 97.7
309013700 4196808312 97.9 9599455573460276 97.7
309092200 4196810512 97.9 9599458091476276 97.7
309168700 4196810912 97.9 9599460434797876 97.7
309301700 4196811212 97.9 9599461147297076 97.7
309321100 4196827812 97.9 9599493110842676 97.7
309337400 4196828712 97.9 9599496247969076 97.7
309397100 4196829712 97.9 9599498965869876 97.7
309417000 4196830012 97.9 9599499763770676 97.7
309419600 4196837512 97.9 9599518361863476 97.7
309634600 4196837712 97.9 9599518381729076 97.7
309703500 4196849712 97.9 9599535804884276 97.7
309842900 4196863812 97.9 9599563864327476 97.7
309890800 4196865512 97.9 9599568442836276 97.7
309923600 4196866312 97.9 9599569891386676 97.7
310001000 4196871112 97.9 9599582100129076 97.7
310023800 4196872112 97.9 9599583222023476 97.7
310119100 4196873512 97.9 9599586659796276 97.7
310127700 4196875812 97.9 9599592033953076 97.7
310196300 4196876612 97.9 9599592356513076 97.7
310258200 4196886012 97.9 9599608976852276 97.7
310361000 4196889312 97.9 9599615126791476 97.7
310435700 4196890212 97.9 9599617455981876 97.7
310529600 4196892512 97.9 9599621944993076 97.7
310541500 4196895812 97.9 9599625823290676 97.7
310675300 4196896312 97.9 9599626516743476 97.7
310689100 4196899312 97.9 9599634634196276 97.7
310691900 4196913412 97.9 9599670042068276 97.7
310785200 4196914912 97.9 9599672215610676 97.7
310797900 4196915312 97.9 9599672791917876 97.7
310827200 4196916112 97.9 9599675716871476 97.7
310859200 4196919612 97.9 9599698783700276 97.7
310954600 4196931212 97.9 9599723083015476 97.7
310968600 4196941412 97.9 9599745193018676 97.7
310997600 4196941512 97.9 9599745219233076 97.7
311034100 4196944312 97.9 9599757038650676 97.7
311054600 4196946412 97.9 9599762193057076 97.7
311087400 4196959812 97.9 9599784655111476 97.7
311090100 4196961312 97.9 9599785354503476 97.7
311115600 4196962712 97.9 9599789469549876 97.7
311119200 4196963812 97.9 9599790356743476 97.7
311160800 4196967112 97.9 9599794605114676 97.7
311219600 4196967612 97.9 9599795584877876 97.7
311256000 4196970312 97.9 9599799607969076 97.7
311425500 4196976912 97.9 9599813456749876 97.7
311436100 4196977212 97.9 9599813703124276 97.7
311524900 4196983612 97.9 9599826222548276 97.7
311619500 4196987612 97.9 9599832179975476 97.7
311628300 4196991912 97.9 9599837464634676 97.7
311628800 4196996712 97.9 9599847728186676 97.7
311653200 4197002812 97.9 9599858521556276 97.7
311662900 4197003312 97.9 9599859945735476 97.7
311664100 4197024112 97.9 9599890276205876 97.7
311696000 4197024712 97.9 9599890378810676 97.7
311767700 4197025212 97.9 9599890483463476 97.7
311775400 4197025812 97.9 9599891201697076 97.7
311805400 4197027112 97.9 9599893548295476 97.7
311831700 4197028312 97.9 9599896715117876 97.7
311959300 4197031012 97.9 9599902712071476 97.7
312213800 4197031412 97.9 9599903533729076 97.7
312331900 4197031912 97.9 9599904522503476 97.7
312351200 4197033112 97.9 9599904957498676 97.7
312472900 4197037112 97.9 9599917545121076 97.7
312478500 4197037412 97.9 9599918180615476 97.7
312694700 4197043212 97.9 9599934112826676 97.7
312768100 4197043912 97.9 9599936514516276 97.7
312804400 4197046412 97.9 9599941132141876 97.7
312890700 4197055112 97.9 9599952431572276 97.7
312893900 4197059712 97.9 9599957799175476 97.7
312919900 4197060512 97.9 9599958423610676 97.7
312988300 4197062812 97.9 9599960980333876 97.7
313160200 4197063312 97.9 9599961816122676 97.7
313201000 4197072112 97.9 9599989005985076 97.7
313273500 4197087812 97.9 9600019521594676 97.7
313274700 4197090812 97.9 9600027573921076 97.7
313278300 4197093112 97.9 9600033650541876 97.7
313293100 4197094412 97.9 9600037799380276 97.7
313319100 4197097112 97.9 9600042113492276 97.7
313478500 4197098212 97.9 9600045829793076 97.7
313520600 4197098312 97.9 9600045836551476 97.7
313630700 4197098712 97.9 9600046276666676 97.7
313651000 4197099812 97.9 9600046617044276 97.7
313703900 4197100812 97.9 9600048532538676 97.7
313882300 4197108712 97.9 9600062911751476 97.7
313904600 4197109412 97.9 9600064667911476 97.7
314095400 4197112812 97.9 9600073265825076 97.7
314179900 4197115612 97.9 9600082090042676 97.7
314187900 4197115712 97.9 9600082096801076 97.7
314195200 4197116412 97.9 9600083509511476 97.7
314239600 4197118412 97.9 9600087722657076 97.7
314363700 4197125512 97.9 9600103166829876 97.7
314431800 4197126412 97.9 9600104625620276 97.7
314434300 4197128012 97.9 9600116551943476 97.7
314447700 4197131312 97.9 9600119189972276 97.7
314494900 4197133212 97.9 9600121474311476 97.7
314536500 4197144512 97.9 9600143410234676 97.7
314572700 4197146412 97.9 9600157309601076 97.7
314671000 4197147712 97.9 9600161424852276 97.7
314840700 4197147912 97.9 9600161464173876 97.7
314953600 4197150412 97.9 9600164430292276 97.7
314957000 4197150712 97.9 9600165252973876 97.7
314999900 4197151612 97.9 9600166334113076 97.7
315117500 4197159212 97.9 9600178492474676 97.7
315158700 4197160412 97.9 9600179072058676 97.7
315214000 4197162512 97.9 9600182883591476 97.7
315299700 4197164312 97.9 9600185089492276 97.7
315404900 4197167212 97.9 9600192201172276 97.7
315441200 4197182212 97.9 9600223044052276 97.7
315462500 4197183312 97.9 9600225588692276 97.7
315621500 4197183812 97.9 9600227808929076 97.7
315650100 4197187612 97.9 9600231486113076 97.7
315653800 4197188112 97.9 9600232392557876 97.7
315771000 4197192112 97.9 9600238828602676 97.7
315881800 4197192912 97.9 9600239843181876 97.7
315881900 4197193212 97.9 9600239870010676 97.7
315976900 4197194312 97.9 9600241906951476 97.7
316002600 4197194612 97.9 9600242256954676 97.7
316091000 4197196512 97.9 9600247334765876 97.7
316271600 4197198312 97.9 9600249498068276 97.7
316320800 4197204912 97.9 9600276420257076 97.7
316368700 4197205812 97.9 9600280770413876 97.7
316620800 4197207012 97.9 9600282728301876 97.7
316695600 4197207212 97.9 9600284274951476 97.7
316822300 4197208412 97.9 9600286180410676 97.7
316904500 4197212312 97.9 9600297981191476 97.7
316930300 4197212812 97.9 9600298867156276 97.7
316945300 4197213012 97.9 9600299250746676 97.7
316953100 4197237612 97.9 9600363670381876 97.7
316969300 4197245612 97.9 9600383830279476 97.7
317006900 4197246412 97.9 9600386447418676 97.7
317040700 4197247112 97.9 9600387512788276 97.7
317044800 4197247512 97.9 9600388202964276 97.7
317155900 4197247812 97.9 9600388671751476 97.7
317186100 4197248112 97.9 9600391174407476 97.7
317267700 4197249112 97.9 9600395223917876 97.7
317288200 4197249412 97.9 9600395946042676 97.7
317290500 4197253612 97.9 9600405949703476 97.7
317343400 4197254812 97.9 9600406446753076 97.7
317372200 4197263812 97.9 9600439850042676 97.7
317376300 4197267012 97.9 9600445914375476 97.7
317379400 4197267412 97.9 9600446170170676 97.7
317448000 4197267912 97.9 9600446249018676 97.7
317462100 4197269512 97.9 9600450376148276 97.7
317487900 4197270012 97.9 9600450927879476 97.7
317592600 4197287112 97.9 9600493660833076 97.7
317598500 4197287412 97.9 9600494623597876 97.7
317603900 4197288612 97.9 9600499842721076 97.7
317619800 4197289912 97.9 9600500624442676 97.7
317690400 4197291112 97.9 9600502089377076 97.7
317721300 4197294612 97.9 9600510277281076 97.7
317723100 4197295212 97.9 9600511108564276 97.7
317750200 4197295612 97.9 9600511366817076 97.7
317789200 4197296712 97.9 9600513302996276 97.7
317837400 4197299112 97.9 9600520880186676 97.7
317875500 4197299512 97.9 9600522283476276 97.7
317919300 4197300412 97.9 9600528948077876 97.7
317963400 4197303312 97.9 9600532183303476 97.7
317977400 4197305012 97.9 9600534417057076 97.7
318129900 4197307012 97.9 9600537346516276 97.7
318262700 4197309012 97.9 9600541267617076 97.7
318334900 4197309312 97.9 9600542582637876 97.7
318415700 4197311512 97.9 9600551443514676 97.7
318452900 4197311912 97.9 9600551904109876 97.7
318466600 4197312812 97.9 9600554324845876 97.7
318563800 4197313112 97.9 9600555311777076 97.7
318762600 4197313512 97.9 9600556607956276 97.7
318851400 4197314412 97.9 9600557136954676 97.7
318858400 4197315912 97.9 9600559345108276 97.7
318915600 4197316612 97.9 9600560514925876 97.7
319087200 4197318612 97.9 9600567410541876 97.7
319104000 4197319112 97.9 9600568586913076 97.7
319119100 4197319912 97.9 9600569858925876 97.7
319191900 4197325412 97.9 9600580816954676 97.7
319201200 4197326012 97.9 9600581553210676 97.7
319229900 4197326412 97.9 9600582675514676 97.7
319264500 4197327712 97.9 9600583852500276 97.7
319279700 4197328012 97.9 9600584678868276 97.7
319411100 4197328212 97.9 9600584705492276 97.7
319656100 4197328612 97.9 9600586427860276 97.7
319861800 4197329512 97.9 9600587911431476 97.7
319899200 4197330712 97.9 9600589487777076 97.7
320119800 4197340012 97.9 9600605511943476 97.7
320128400 4197340712 97.9 9600605825492276 97.7
320175400 4197341412 97.9 9600606260077876 97.7
320239800 4197367212 97.9 9600664959239476 97.7
320333000 4197369212 97.9 9600670025377076 97.7
320359200 4197372012 97.9 9600674315117876 97.7
320403800 4197372912 97.9 9600675405882676 97.7
320408800 4197374012 97.9 9600677758829876 97.7
320409900 4197374812 97.9 9600679859668276 97.7
320430300 4197377212 97.9 9600684233786676 97.7
320445300 4197378712 97.9 9600688672007476 97.7
320515200 4197382112 97.9 9600691608020276 97.7
320543900 4197383012 97.9 9600692918330676 97.7
320660200 4197383612 97.9 9600693421933876 97.7
320688400 4197385212 97.9 9600696298554676 97.7
320703300 4197390312 97.9 9600702739719476 97.7
320753900 4197391612 97.9 9600704410682676 97.7
320796400 4197392512 97.9 9600706030036276 97.7
320821600 4197402812 97.9 9600733255533876 97.7
320880800 4197403412 97.9 9600733688481076 97.7
320935500 4197403912 97.9 9600734524269876 97.7
320941100 4197404412 97.9 9600734591239476 97.7
320991900 4197406512 97.9 9600737571693876 97.7
321104700 4197408712 97.9 9600741229012276 97.7
321145600 4197414312 97.9 9600749941818676 97.7
321214600 4197414912 97.9 9600751365588276 97.7
321387000 4197416812 97.9 9600756064519476 97.7
321522500 4197419212 97.9 9600765629293876 97.7
321568200 4197419512 97.9 9600766225261876 97.7
321628600 4197419712 97.9 9600766390740276 97.7
321675000 4197421612 97.9 9600771141690676 97.7
321768600 4197426112 97.9 9600781406061876 97.7
321781200 4197430012 97.9 9600785720173876 97.7
321846600 4197433112 97.9 9600793023546676 97.7
321883200 4197434012 97.9 9600802055021876 97.7
321898000 4197434612 97.9 9600802375124276 97.7
321920300 4197436412 97.9 9600810169812276 97.7
321925400 4197437112 97.9 9600813183034676 97.7
321943400 4197449512 97.9 9600836553991476 97.7
321981100 4197449612 97.9 9600836737082676 97.7
322054100 4197451912 97.9 9600838787335476 97.7
322062000 4197452012 97.9 9600838900794676 97.7
322293700 4197452412 97.9 9600840003437876 97.7
322322400 4197452912 97.9 9600842226951476 97.7
322392800 4197459012 97.9 9600856307156276 97.7
322440900 4197459812 97.9 9600858619553076 97.7
322583500 4197461212 97.9 9600861554746676 97.7
322717000 4197462012 97.9 9600864813729076 97.7
322738700 4197464412 97.9 9600868988372276 97.7
322843800 4197472012 97.9 9600891425031476 97.7
322868100 4197473212 97.9 9600892503098676 97.7
323063700 4197474412 97.9 9600898289313076 97.7
323113600 4197475312 97.9 9600903167444276 97.7
323148000 4197481212 97.9 9600915408749876 97.7
323202000 4197485612 97.9 9600926131053876 97.7
323257300 4197486412 97.9 9600928575137076 97.7
323320900 4197496212 97.9 9600950486893876 97.7
323336800 4197497112 97.9 9600953570567476 97.7
323378400 4197497212 97.9 9600953700410676 97.7
323379900 4197501112 97.9 9600966929671476 97.7
323444100 4197501612 97.9 9600967510484276 97.7
323516900 4197503312 97.9 9600970713146676 97.7
323552900 4197505812 97.9 9600975095457076 97.7
323581300 4197506912 97.9 9600977079149876 97.7
323590200 4197508812 97.9 9600981665850676 97.7
323729400 4197516712 97.9 9600998540961076 97.7
323735200 4197518912 97.9 9601003320378676 97.7
323789700 4197520912 97.9 9601007488877876 97.7
323817400 4197521612 97.9 9601008509396276 97.7
323840700 4197524312 97.9 9601017614189876 97.7
323977900 4197529012 97.9 9601023626503476 97.7
323978200 4197530812 97.9 9601027852961076 97.7
324014700 4197531312 97.9 9601028037690676 97.7
324171000 4197531612 97.9 9601028514874676 97.7
324266400 4197532312 97.9 9601029212218676 97.7
324285200 4197533712 97.9 9601031574791476 97.7
324299500 4197534312 97.9 9601033788065076 97.7
324300900 4197536312 97.9 9601038834541876 97.7
324370900 4197538312 97.9 9601042036794676 97.7
324485900 4197548512 97.9 9601065031533876 97.7
324498900 4197548912 97.9 9601065356346676 97.7
324530800 4197549812 97.9 9601066027681076 97.7
324573500 4197549912 97.9 9601066105709876 97.7
324672900 4197550212 97.9 9601066260333876 97.7
324833900 4197551012 97.9 9601068093089076 97.7
324846700 4197553312 97.9 9601073612039476 97.7
324901700 4197553612 97.9 9601074892244276 97.7
324926100 4197554612 97.9 9601076878394676 97.7
324980900 4197556412 97.9 9601080612513076 97.7
325096400 4197556912 97.9 9601082037101876 97.7
325285000 4197601112 97.9 9601186541831476 97.7
325294200 4197604412 97.9 9601187930580276 97.7
325414100 4197606312 97.9 9601189496071476 97.7
325491800 4197606912 97.9 9601189579015476 97.7
325544200 4197608512 97.9 9601191928890676 97.7
325606400 4197609412 97.9 9601194573677876 97.7
325622400 4197610312 97.9 9601199375009076 97.7
325755600 4197611012 97.9 9601202217837876 97.7
325899400 4197615312 97.9 9601207393338676 97.7
326003300 4197616412 97.9 9601208067335476 97.7
326026000 4197624112 97.9 9601218179745076 97.7
326130100 4197640212 97.9 9601251427796276 97.7
326133900 4197647212 97.9 9601279590253876 97.7
326154100 4197650712 97.9 9601287991764276 97.7
326180300 4197653412 97.9 9601295312954676 97.7
326194300 4197655012 97.9 9601298706285876 97.7
326541500 4197656512 97.9 9601302413575476 97.7
326616400 4197657012 97.9 9601303610426676 97.7
326617000 4197657512 97.9 9601305269306676 97.7
326745000 4197658112 97.9 9601305746490676 97.7
326749900 4197662012 97.9 9601319876871476 97.7
326785500 4197662812 97.9 9601320510932276 97.7
326917900 4197663112 97.9 9601321324397876 97.7
326920100 4197667312 97.9 9601329434477876 97.7
326942000 4197668512 97.9 9601329968801076 97.7
326968800 4197670212 97.9 9601333333050676 97.7
326973900 4197670612 97.9 9601333725652276 97.7
327139400 4197678512 97.9 9601357377594676 97.7
327241700 4197679212 97.9 9601359353914676 97.7
327301200 4197680712 97.9 9601363757319476 97.7
327327100 4197681212 97.9 9601364352673076 97.7
327422700 4197681912 97.9 9601366195668276 97.7
327432700 4197688812 97.9 9601376157345076 97.7
327433400 4197689312 97.9 9601376816596276 97.7
327569800 4197690112 97.9 9601379175892276 97.7
327586300 4197699912 97.9 9601410181383476 97.7
327864400 4197700912 97.9 9601412197025076 97.7
327898100 4197701412 97.9 9601413354349876 97.7
328120700 4197705912 97.9 9601419721581876 97.7
328359300 4197716512 97.9 9601441445127476 97.7
328366400 4197717412 97.9 9601442798855476 97.7
328399700 4197744812 97.9 9601488273671476 97.7
328412400 4197745712 97.9 9601489185441076 97.7
328441300 4197750912 97.9 9601495429793076 97.7
328525000 4197751912 97.9 9601499383866676 97.7
328628500 4197753112 97.9 9601501531809076 97.7
328670900 4197753912 97.9 9601503308244276 97.7
328743600 4197759412 97.9 9601510770541876 97.7
328825500 4197760212 97.9 9601511530964276 97.7
328989900 4197777912 97.9 9601555430868276 97.7
329041900 4197824912 97.9 9601664687981876 97.7
329056800 4197826012 97.9 9601667222996276 97.7
329071400 4197827012 97.9 9601668227335476 97.7
329076600 4197828312 97.9 9601669193991476 97.7
329095200 4197837812 97.9 9601682637268276 97.7
329194100 4197838312 97.9 9601684674004276 97.7
329221000 4197838612 97.9 9601684720084276 97.7
329248300 4197842512 97.9 9601694162388276 97.7
329313000 4197843412 97.9 9601695974253876 97.7
329536900 4197845212 97.9 9601698130183476 97.7
329591000 4197846712 97.9 9601702075245876 97.7
329667700 4197851212 97.9 9601706852205876 97.7
329716000 4197855412 97.9 9601713254868276 97.7
329748500 4197858312 97.9 9601722178209076 97.7
329776900 4197858612 97.9 9601722369082676 97.7
329817000 4197859312 97.9 9601723352327476 97.7
329843900 4197859812 97.9 9601723890132276 97.7
329868900 4197861212 97.9 9601724718548276 97.7
329875800 4197864312 97.9 9601730443732276 97.7
329940400 4197864512 97.9 9601730457249076 97.7
330014900 4197885712 97.9 9601800564794676 97.7
330024400 4197887212 97.9 9601803503879476 97.7
330044100 4197887812 97.9 9601806969300276 97.7
330154700 4197888512 97.9 9601811323757876 97.7
330383400 4197891012 97.9 9601813114938676 97.7
330509900 4197892112 97.9 9601814457402676 97.7
330528000 4197895712 97.9 9601823455085876 97.7
330543700 4197896112 97.9 9601823780308276 97.7
330582700 4197896612 97.9 9601824550151476 97.7
330590300 4197899612 97.9 9601828580205876 97.7
330607200 4197900012 97.9 9601830579463476 97.7
330679500 4197900512 97.9 9601831881581876 97.7
330709100 4197901012 97.9 9601833170593076 97.7
330772700 4197901312 97.9 9601833216877876 97.7
330922900 4197901812 97.9 9601834610132276 97.7
330966000 4197902112 97.9 9601834866746676 97.7
330986100 4197903712 97.9 9601837964141876 97.7
331283900 4197905912 97.9 9601840992929076 97.7
331300300 4197906612 97.9 9601842125268276 97.7
331332200 4197908412 97.9 9601847890388276 97.7
331356000 4197908712 97.9 9601848340743476 97.7
331435000 4197908812 97.9 9601848347501876 97.7
331460700 4197909712 97.9 9601850970580276 97.7
331467300 4197909912 97.9 9601851098785076 97.7
331492100 4197911612 97.9 9601856657057076 97.7
331593200 4197911912 97.9 9601856859809076 97.7
331663500 4197923412 97.9 9601882336929076 97.7
331801700 4197924112 97.9 9601882627540276 97.7
331831900 4197924612 97.9 9601883127457076 97.7
331883900 4197925512 97.9 9601883834836276 97.7
331987600 4197925912 97.9 9601884464801076 97.7
332064400 4197926112 97.9 9601884491015476 97.7
332069600 4197927212 97.9 9601886184506676 97.7
332081100 4197927712 97.9 9601886712276276 97.7
332199300 4197928212 97.9 9601886785185076 97.7
332228400 4197928512 97.9 9601887273837876 97.7
332514700 4197931112 97.9 9601895543457076 97.7
332515500 4197932312 97.9 9601896534279476 97.7
332636800 4197935712 97.9 9601901609018676 97.7
332646800 4197943212 97.9 9601919302509876 97.7
332667200 4197945112 97.9 9601922286855476 97.7
332669500 4197948212 97.9 9601926926189876 97.7
332693500 4197948912 97.9 9601927999546676 97.7
332826800 4197952112 97.9 9601937062356276 97.7
332879400 4197952712 97.9 9601937591354676 97.7
332889100 4197954712 97.9 9601940926522676 97.7
332940500 4197955212 97.9 9601941399815476 97.7
333001600 4197956912 97.9 9601944160929076 97.7
333118900 4197957312 97.9 9601944265377076 97.7
333120000 4197958812 97.9 9601945571386676 97.7
333173100 4197960712 97.9 9601949339297076 97.7
333192700 4197963312 97.9 9601955395642676 97.7
333201300 4197965212 97.9 9601961100961076 97.7
333202500 4197965312 97.9 9601961114068276 97.7
333215600 4197965712 97.9 9601962370925876 97.7
333248300 4197966012 97.9 9601962628359476 97.7
333322400 4197967412 97.9 9601964777121076 97.7
333402300 4197968112 97.9 9601965011412276 97.7
333428100 4197972012 97.9 9601975517242676 97.7
333512600 4197972212 97.9 9601975537313076 97.7
333571300 4197972512 97.9 9601979079943476 97.7
333661500 4197972812 97.9 9601979271431476 97.7
333715700 4197974612 97.9 9601982965409076 97.7
333719800 4197992512 97.9 9602032217351476 97.7
333755300 4197997512 97.9 9602039172769076 97.7
333815700 4198019812 97.9 9602091996013876 97.7
333884900 4198021512 97.9 9602095167546676 97.7
333887600 4198021612 97.9 9602095405524276 97.7
333993200 4198022512 97.9 9602096647226676 97.7
334134100 4198026212 97.9 9602105710445876 97.7
334167200 4198028812 97.9 9602109421421876 97.7
334290600 4198032512 97.9 9602120608826676 97.7
334485600 4198036212 97.9 9602126895162676 97.7
334578800 4198036912 97.9 9602127293293876 97.7
334611200 4198037812 97.9 9602127855265076 97.7
334695200 4198038212 97.9 9602128465773876 97.7
334858500 4198039912 97.9 9602132239828276 97.7
334866900 4198041512 97.9 9602135434298676 97.7
334945100 4198045412 97.9 9602140884845876 97.7
334967100 4198046012 97.9 9602141404013876 97.7
335008700 4198046712 97.9 9602143042618676 97.7
335011800 4198047512 97.9 9602143996577076 97.7
335058100 4198047912 97.9 9602144540730676 97.7
335143300 4198048212 97.9 9602144880084276 97.7
335184500 4198048512 97.9 9602145198957876 97.7
335360000 4198049112 97.9 9602145883399476 97.7
335386000 4198052212 97.9 9602153418196276 97.7
335415400 4198052812 97.9 9602154957473076 97.7
335419000 4198059912 97.9 9602171172513076 97.7
335432000 4198060512 97.9 9602172220474676 97.7
335447100 4198062312 97.9 9602173029229876 97.7
335450600 4198063712 97.9 9602174726202676 97.7
335456300 4198067312 97.9 9602179117933876 97.7
335558400 4198068912 97.9 9602184074093876 97.7
335571900 4198069112 97.9 9602184087610676 97.7
335572200 4198070212 97.9 9602185177351476 97.7
335634000 4198070412 97.9 9602185609479476 97.7
335762500 4198070912 97.9 9602186871457076 97.7
335782800 4198071312 97.9 9602187569620276 97.7
335868400 4198072512 97.9 9602189282157876 97.7
335894900 4198072712 97.9 9602189290554676 97.7
335914700 4198072812 97.9 9602189293831476 97.7
336044400 4198074812 97.9 9602192519636276 97.7
336143100 4198095612 97.9 9602230461908276 97.7
336193000 4198097312 97.9 9602239152596276 97.7
336197700 4198097912 97.9 9602239704941876 97.7
336208700 4198098412 97.9 9602240190522676 97.7
336247400 4198099212 97.9 9602241465402676 97.7
336265100 4198100012 97.9 9602246113953076 97.7
336309800 4198104512 97.9 9602251784455476 97.7
336366600 4198111612 97.9 9602268103329076 97.7
336444500 4198111812 97.9 9602268110701876 97.7
336579400 4198112012 97.9 9602268163130676 97.7
336628600 4198113012 97.9 9602270665581876 97.7
336702100 4198113612 97.9 9602271944557876 97.7
336759600 4198118112 97.9 9602282428884276 97.7
337016300 4198118512 97.9 9602284303213876 97.7
337069600 4198119212 97.9 9602286057325876 97.7
337235300 4198119412 97.9 9602286137607476 97.7
337260100 4198126512 97.9 9602297609069876 97.7
337301900 4198140112 97.9 9602327628244276 97.7
337346600 4198140712 97.9 9602328256570676 97.7
337524700 4198141012 97.9 9602330020308276 97.7
337579700 4198141312 97.9 9602330274669876 97.7
337591900 4198146712 97.9 9602346195617076 97.7
337606000 4198147712 97.9 9602347670791476 97.7
337632000 4198148512 97.9 9602348260820276 97.7
337632300 4198148912 97.9 9602348300551476 97.7
337707700 4198150212 97.9 9602351958893876 97.7
337729100 4198150912 97.9 9602353368737076 97.7
337732600 4198154212 97.9 9602360823047476 97.7
337804200 4198154412 97.9 9602361184519476 97.7
337880800 4198154612 97.9 9602361198036276 97.7
337887000 4198154812 97.9 9602361795642676 97.7
338176300 4198156012 97.9 9602365473850676 97.7
338213700 4198156912 97.9 9602367934113076 97.7
338247300 4198160012 97.9 9602373176993076 97.7
338257200 4198160512 97.9 9602374960391476 97.7
338260600 4198169812 97.9 9602394906273076 97.7
338290100 4198173512 97.9 9602400584148276 97.7
338371000 4198176412 97.9 9602404697761076 97.7
338464000 4198180212 97.9 9602408908244276 97.7
338630500 4198180612 97.9 9602408999994676 97.7
338848100 4198180912 97.9 9602409164449076 97.7
338872100 4198190312 97.9 9602428141012276 97.7
338889600 4198192112 97.9 9602433666925876 97.7
338929500 4198195412 97.9 9602442044884276 97.7
339088000 4198221112 97.9 9602507177223476 97.7
339245000 4198221912 97.9 9602509331105076 97.7
339261900 4198225512 97.9 9602514567636276 97.7
339266200 4198227212 97.9 9602519984801076 97.7
339273400 4198232512 97.9 9602530721645876 97.7
339370400 4198233312 97.9 9602531807290676 97.7
339441900 4198238412 97.9 9602546038433076 97.7
339471000 4198239812 97.9 9602549310317876 97.7
339698100 4198241112 97.9 9602551649748276 97.7
339858700 4198249712 97.9 9602576961594676 97.7
339894400 4198250912 97.9 9602577604052276 97.7
339924700 4198253012 97.9 9602584200250676 97.7
339978200 4198262012 97.9 9602597967521076 97.7
340048300 4198262312 97.9 9602598409889076 97.7
340087300 4198264112 97.9 9602600631969076 97.7
340240200 4198265112 97.9 9602601271354676 97.7
340273800 4198267112 97.9 9602604124423476 97.7
340417200 4198267512 97.9 9602604275156276 97.7
340487200 4198267712 97.9 9602604770362676 97.7
340548300 4198267912 97.9 9602605165012276 97.7
340614900 4198271712 97.9 9602612097492276 97.7
340629200 4198271912 97.9 9602612225901876 97.7
340663600 4198273412 97.9 9602616638932276 97.7
340707400 4198276412 97.9 9602623610938676 97.7
340713000 4198294612 97.9 9602648049313076 97.7
340748700 4198295212 97.9 9602648167892276 97.7
340784400 4198295912 97.9 9602648294458676 97.7
340920800 4198314312 97.9 9602687493588276 97.7
341019400 4198314412 97.9 9602687692858676 97.7
341055500 4198323012 97.9 9602698319316276 97.7
341175400 4198323612 97.9 9602698753082676 97.7
341224200 4198324612 97.9 9602699417453876 97.7
341252900 4198325912 97.9 9602700606932276 97.7
341266700 4198326512 97.9 9602701696058676 97.7
341367900 4198329912 97.9 9602714452641076 97.7
341389800 4198335212 97.9 9602730368263476 97.7
341412800 4198354512 97.9 9602782054253876 97.7
341416800 4198355012 97.9 9602783806727476 97.7
341420700 4198367012 97.9 9602803571156276 97.7
341515200 4198368612 97.9 9602805929428276 97.7
341592000 4198373312 97.9 9602811964065076 97.7
341632400 4198385912 97.9 9602841936135476 97.7
341689200 4198392812 97.9 9602851440493876 97.7
341709100 4198393912 97.9 9602852058785076 97.7
341775700 4198394412 97.9 9602852105684276 97.7
341778200 4198395712 97.9 9602852952327476 97.7
341823400 4198395812 97.9 9602853088519476 97.7
341945100 4198400412 97.9 9602863865300276 97.7
341969800 4198400612 97.9 9602864665249076 97.7
342154200 4198401512 97.9 9602867802580276 97.7
342206100 4198410412 97.9 9602894814061876 97.7
342208200 4198411712 97.9 9602899251258676 97.7
342261400 4198412312 97.9 9602904378426676 97.7
342288400 4198420812 97.9 9602916598637876 97.7
342496500 4198422912 97.9 9602920104813876 97.7
342566400 4198423512 97.9 9602921254970676 97.7
342604100 4198424012 97.9 9602921980372276 97.7
342657800 4198424612 97.9 9602922583917876 97.7
342727800 4198425612 97.9 9602923369735476 97.7
342816300 4198429112 97.9 9602930360583476 97.7
342876100 4198432412 97.9 9602934362580276 97.7
342930200 4198436212 97.9 9602943577761076 97.7
342989500 4198443212 97.9 9602962860500276 97.7
343052000 4198443412 97.9 9602962880570676 97.7
343429200 4198443812 97.9 9602966576596276 97.7
343618200 4198444012 97.9 9602966603220276 97.7
343622100 4198444712 97.9 9602967612679476 97.7
343722300 4198445012 97.9 9602968207213876 97.7
343891800 4198447012 97.9 9602969978938676 97.7
343989000 4198447412 97.9 9602970013140276 97.7
344057600 4198448312 97.9 9602973298132276 97.7
344159800 4198448512 97.9 9602973324756276 97.7
344245100 4198453712 97.9 9602988814599476 97.7
344344700 4198454512 97.9 9602994019591476 97.7
344481600 4198464812 97.9 9603009539540276 97.7
344541300 4198519612 97.9 9603130545620276 97.7
344629800 4198521512 97.9 9603138052154676 97.7
344730500 4198543712 97.9 9603194107757876 97.7
344841500 4198543812 97.9 9603194653549876 97.7
345116100 4198547912 97.9 9603202262484276 97.7
345128000 4198564412 97.9 9603243428717876 97.7
345385100 4198565012 97.9 9603243781383476 97.7
345400600 4198568212 97.9 9603249813562676 97.7
345415900 4198571112 97.9 9603253361927476 97.7
345429600 4198572312 97.9 9603255703405876 97.7
345481600 4198575612 97.9 9603265284359476 97.7
345553800 4198576112 97.9 9603265867015476 97.7
345641900 4198576612 97.9 9603267034170676 97.7
345653500 4198577612 97.9 9603272030471476 97.7
345663800 4198584512 97.9 9603292932769076 97.7
345968400 4198586412 97.9 9603296919610676 97.7
346006900 4198586712 97.9 9603297281082676 97.7
346336400 4198587712 97.9 9603300530439476 97.7
346416600 4198587812 97.9 9603300537197876 97.7
346554900 4198588912 97.9 9603304603706676 97.7
346602200 4198589512 97.9 9603304784135476 97.7
346989000 4198604012 97.9 9603335086548276 97.7
347080200 4198604812 97.9 9603336695866676 97.7
347223400 4198609512 97.9 9603344600532276 97.7
347520800 4198610112 97.9 9603345942996276 97.7
347668900 4198611012 97.9 9603349084218676 97.7
347710300 4198614812 97.9 9603354413114676 97.7
347738000 4198615412 97.9 9603355049837876 97.7
347843600 4198630312 97.9 9603394691540276 97.7
348011000 4198630812 97.9 9603395770631476 97.7
348277100 4198633712 97.9 9603408285549876 97.7
348319300 4198633812 97.9 9603409061946676 97.7
348366700 4198634512 97.9 9603409623303476 97.7
348584800 4198636912 97.9 9603415497786676 97.7
348641400 4198640312 97.9 9603419990689076 97.7
348724000 4198641812 97.9 9603422594106676 97.7
348755300 4198654812 97.9 9603454891066676 97.7
348909700 4198655512 97.9 9603459303892276 97.7
349294200 4198655812 97.9 9603459623789876 97.7
349323200 4198656212 97.9 9603460294305076 97.7
349552300 4198656912 97.9 9603461079713076 97.7
349667400 4198657912 97.9 9603462144468276 97.7
349876900 4198658112 97.9 9603463480583476 97.7
349920600 4198661412 97.9 9603468601402676 97.7
349952300 4198662412 97.9 9603470143546676 97.7
350169200 4198662812 97.9 9603470296941876 97.7
350225000 4198663912 97.9 9603471583495476 97.7
350339400 4198664412 97.9 9603473074439476 97.7
350420500 4198665412 97.9 9603475160122676 97.7
350744200 4198665912 97.9 9603475288327476 97.7
350808900 4198666212 97.9 9603475336045876 97.7
350872100 4198666512 97.9 9603476196615476 97.7
351064600 4198666912 97.9 9603476310279476 97.7
351065500 4198667812 97.9 9603476628538676 97.7
351135800 4198670112 97.9 9603481866093876 97.7
351212300 4198670612 97.9 9603482770081076 97.7
351237200 4198671212 97.9 9603482953377076 97.7
351258800 4198678712 97.9 9603494195258676 97.7
351349000 4198679012 97.9 9603494217786676 97.7
351481800 4198679112 97.9 9603494230893876 97.7
351523400 4198679912 97.9 9603497057953076 97.7
351573600 4198681012 97.9 9603498032186676 97.7
351701100 4198681712 97.9 9603498146465076 97.7
351711500 4198682912 97.9 9603498793223476 97.7
351748200 4198683012 97.9 9603498867565876 97.7
351755400 4198683212 97.9 9603498997818676 97.7
351819500 4198684912 97.9 9603501029844276 97.7
351938800 4198685312 97.9 9603501510919476 97.7
352224200 4198687612 97.9 9603507632186676 97.7
352404900 4198688112 97.9 9603510296634676 97.7
352428900 4198688612 97.9 9603511676167476 97.7
352430900 4198688812 97.9 9603512604321076 97.7
352521000 4198689012 97.9 9603512624391476 97.7
352529500 4198689612 97.9 9603514828653876 97.7
352549900 4198690712 97.9 9603516719777076 97.7
352558800 4198691612 97.9 9603517970695476 97.7
352651300 4198691812 97.9 9603518513415476 97.7
352715000 4198692012 97.9 9603518951687476 97.7
352739300 4198692412 97.9 9603522224186676 97.7
352739500 4198692612 97.9 9603523211322676 97.7
353109900 4198696612 97.9 9603535778669876 97.7
353136600 4198700312 97.9 9603539164218676 97.7
353531400 4198701112 97.9 9603540017825076 97.7
353680800 4198701412 97.9 9603540510573876 97.7
353717100 4198701512 97.9 9603540557882676 97.7
353783000 4198701912 97.9 9603541151393076 97.7
353866700 4198702212 97.9 9603541593351476 97.7
353936500 4198709312 97.9 9603556639597876 97.7
354027200 4198710812 97.9 9603564854740276 97.7
354041700 4198710912 97.9 9603564861498676 97.7
354054500 4198711312 97.9 9603565771629876 97.7
354157600 4198712712 97.9 9603567807546676 97.7
354194100 4198715912 97.9 9603574979847476 97.7
354218400 4198716212 97.9 9603575019373876 97.7
354490100 4198718312 97.9 9603577811002676 97.7
354503800 4198718712 97.9 9603579472135476 97.7
354512600 4198719012 97.9 9603579511866676 97.7
354513700 4198719312 97.9 9603579626554676 97.7
354543200 4198720212 97.9 9603580044346676 97.7
354674700 4198720312 97.9 9603580135892276 97.7
354746600 4198720512 97.9 9603580413805876 97.7
354770300 4198720612 97.9 9603580537300276 97.7
354898000 4198720712 97.9 9603580544058676 97.7
354906800 4198721612 97.9 9603580675745076 97.7
354922600 4198722312 97.9 9603581006087476 97.7
354952800 4198724012 97.9 9603582685652276 97.7
355023200 4198728412 97.9 9603603393185076 97.7
355210800 4198728712 97.9 9603603834529076 97.7
355304900 4198729912 97.9 9603616719930676 97.7
355309700 4198730312 97.9 9603617013613876 97.7
355401400 4198730612 97.9 9603618765473076 97.7
355564200 4198731912 97.9 9603619419194676 97.7
355583000 4198732112 97.9 9603619458311476 97.7
355643500 4198732612 97.9 9603620325844276 97.7
355686900 4198732812 97.9 9603620353082676 97.7
355714600 4198734012 97.9 9603625056519476 97.7
355719600 4198734912 97.9 9603627840161076 97.7
355727100 4198735312 97.9 9603628165178676 97.7
355739100 4198736112 97.9 9603630743405876 97.7
355806700 4198737012 97.9 9603632217965876 97.7
355849900 4198740212 97.9 9603638200378676 97.7
356021800 4198741612 97.9 9603639518676276 97.7
356133300 4198741912 97.9 9603639585441076 97.7
356198900 4198744212 97.9 9603644026119476 97.7
356223200 4198744612 97.9 9603644028167476 97.7
356264900 4198744812 97.9 9603644429165876 97.7
356353700 4198744912 97.9 9603644613485876 97.7
356381800 4198746912 97.9 9603648437716276 97.7
356498100 4198747012 97.9 9603648903841076 97.7
356579300 4198748312 97.9 9603650592417076 97.7
356600300 4198748412 97.9 9603651215213876 97.7
356619500 4198749012 97.9 9603653257889076 97.7
356804500 4198749112 97.9 9603653383636276 97.7
356814500 4198749312 97.9 9603653397153076 97.7
356857000 4198749412 97.9 9603653403911476 97.7
356877200 4198750312 97.9 9603653972231476 97.7
356909900 4198750912 97.9 9603660012397876 97.7
357122200 4198752512 97.9 9603668175930676 97.7
357266900 4198753012 97.9 9603669175969076 97.7
357295700 4198753512 97.9 9603669391213876 97.7
357454900 4198753612 97.9 9603669778285876 97.7
357612800 4198757812 97.9 9603677673121076 97.7
357810900 4198758412 97.9 9603679138874676 97.7
357819000 4198758512 97.9 9603679338964276 97.7
357888500 4198760212 97.9 9603683529172276 97.7
358164800 4198760612 97.9 9603684839482676 97.7
358256700 4198760912 97.9 9603685963220276 97.7
358522500 4198761112 97.9 9603686635373876 97.7
358766200 4198761712 97.9 9603687720199476 97.7
358851600 4198761812 97.9 9603688044397876 97.7
359108700 4198765812 97.9 9603694479418676 97.7
359162400 4198767412 97.9 9603698209441076 97.7
359231200 4198767512 97.9 9603698235655476 97.7
359509700 4198770112 97.9 9603704478369076 97.7
359553000 4198775612 97.9 9603712242746676 97.7
359699400 4198781512 97.9 9603737131271476 97.7
359760600 4198781812 97.9 9603737458541876 97.7
360114800 4198781912 97.9 9603737782945076 97.7
360177500 4198784412 97.9 9603747550266676 97.7
360241400 4198785112 97.9 9603747881837876 97.7
360297300 4198785512 97.9 9603748130669876 97.7
360578000 4198803412 97.9 9603790134740276 97.7
360711400 4198803612 97.9 9603790161364276 97.7
360965400 4198804112 97.9 9603792668935476 97.7
361021300 4198806612 97.9 9603803186439476 97.7
361038300 4198811612 97.9 9603818746529076 97.7
361178300 4198812812 97.9 9603820075885876 97.7
361286400 4198815312 97.9 9603828391789876 97.7
361371400 4198815612 97.9 9603829692269876 97.7
361449900 4198815712 97.9 9603829705581876 97.7
361586700 4198816312 97.9 9603831171745076 97.7
361635400 4198818412 97.9 9603835313005876 97.7
361762600 4198818612 97.9 9603835342906676 97.7
362006600 4198819212 97.9 9603835411924276 97.7
362772300 4198819512 97.9 9603835724039476 97.7
363194100 4198819712 97.9 9603836880135476 97.7
363236500 4198820312 97.9 9603837722068276 97.7
363342900 4198820512 97.9 9603838444602676 97.7
363717300 4198821012 97.9 9603840043271476 97.7
363823800 4198821312 97.9 9603840129697076 97.7
364076200 4198823512 97.9 9603842131617076 97.7
364432900 4198823712 97.9 9603842202682676 97.7
365375800 4198824212 97.9 9603843042567476 97.7
365612600 4198824412 97.9 9603843879585076 97.7
366324200 4198825912 97.9 9603846370567476 97.7
366590500 4198826212 97.9 9603846586017076 97.7
367935200 4198826512 97.9 9603847293396276 97.7
368066100 4198827112 97.9 9603847531169076 97.7
368170800 4198828112 97.9 9603850820257076 97.7
368319500 4198828512 97.9 9603850893780276 97.7
368390400 4198828712 97.9 9603851338810676 97.7
368600400 4198828812 97.9 9603851938260276 97.7
368966700 4198828912 97.9 9603851951572276 97.7
369141700 4198829212 97.9 9603852726330676 97.7
369915500 4198829312 97.9 9603852739642676 97.7
369942800 4198829612 97.9 9603854328685876 97.7
370057300 4198829912 97.9 9603854355309876 97.7
370340800 4198830112 97.9 9603854432724276 97.7
370457300 4198830312 97.9 9603855289607476 97.7
370525100 4198830712 97.9 9603859694036276 97.7
370706000 4198832112 97.9 9603863624557876 97.7
370775700 4198832412 97.9 9603864541652276 97.7
370872000 4198832612 97.9 9603866842375476 97.7
371927400 4198832712 97.9 9603866958497076 97.7
373047200 4198832812 97.9 9603867436705076 97.7
381974900 4198989312 97.9 9604255703917876 97.7
384447000 4199102712 97.9 9604487349724468 97.7
396318200 4199188512 97.9 9604676523484468 97.8
402255000 4199213912 97.9 9604727479362868 97.8