# 4248219648 9550875542421504 950340 275011100 648941058659500 0 0
0 403028704 9.5 18977849868288 0.2
679200 679477120 16.0 461986747908096 4.8
1317700 846623520 19.9 771968328531968 8.1
1920300 970173216 22.8 1025430136029184 10.7
2500400 1068265216 25.1 1241526751461376 13.0
3059900 1149769216 27.1 1431042082734080 15.0
3602300 1219919016 28.7 1598793355100160 16.7
4132200 1281956216 30.2 1751352371838976 18.3
4652400 1337434416 31.5 1891145562980352 19.8
5159000 1387643416 32.7 2020226233270272 21.2
5650300 1433549816 33.7 2139891957760000 22.4
6131500 1476211616 34.7 2252278794813440 23.6
6616100 1515911516 35.7 2357580554829824 24.7
7082300 1552919816 36.6 2456263753465856 25.7
7542800 1587787416 37.4 2549817167314944 26.7
8004200 1620446416 38.1 2637970968412160 27.6
8450300 1651169416 38.9 2722142193975296 28.5
8907200 1679888216 39.5 2802360615174144 29.3
9347000 1706996516 40.2 2877882690961408 30.1
9782400 1732639516 40.8 2949804711739392 30.9
10210100 1757210016 41.4 3018891492065280 31.6
10214400 1757216016 41.4 3018894669742080 31.6
11028300 1757221416 41.4 3018896956948480 31.6
11040900 1803118916 42.4 3148077703331840 33.0
11839700 1803124016 42.4 3148078581104640 33.0
11843200 1845463816 43.4 3268185110167552 34.2
12634300 1884791316 44.4 3381147565113344 35.4
13436400 1884795416 44.4 3381149956153344 35.4
13437700 1921527316 45.2 3485502872330240 36.5
14205800 1956179716 46.0 3583491301285888 37.5
14215500 1956183516 46.0 3583493102297088 37.5
14961300 1956187116 46.0 3583495834124288 37.5
14965100 1988574716 46.8 3675473095639040 38.5
15688500 2018641116 47.5 3762051029614592 39.4
15692100 2018645616 47.5 3762052738465792 39.4
16419500 2047048216 48.2 3843123551289344 40.2
16429200 2047052416 48.2 3843125949012480 40.2
17143500 2074096616 48.8 3921308958366208 41.1
17149700 2074100416 48.8 3921310971755008 41.1
17854900 2074108016 48.8 3921316019255808 41.1
17858100 2099828216 49.4 3995362203351552 41.8
17860500 2099830716 49.4 3995363489290752 41.8
18889200 2136548316 50.3 4100545954912768 42.9
18898500 2136550716 50.3 4100547556858368 42.9
18900300 2136557416 50.3 4100550946774272 42.9
19934600 2136561916 50.3 4100552820694272 42.9
19938000 2171397716 51.1 4199625888275712 44.0
19942800 2171402016 51.1 4199627219885312 44.0
20923000 2171412616 51.1 4199632080813312 44.0
20925300 2203457116 51.9 4291785788308736 44.9
21931300 2203460216 51.9 4291787583585536 44.9
21942400 2203462516 51.9 4291788654689536 44.9
21942600 2233410816 52.6 4377366087777536 45.8
22891600 2261833716 53.2 4458883040328960 46.7
22893900 2261835616 53.2 4458883718012160 46.7
22898300 2261838016 53.2 4458884201135360 46.7
23810500 2288800816 53.9 4535482803764480 47.5
23823800 2288802016 53.9 4535483388058880 47.5
23833600 2288805716 53.9 4535484338126080 47.5
24791300 2288808616 53.9 4535485123738880 47.5
24793300 2314790616 54.5 4608910139800832 48.3
24803000 2314796116 54.5 4608912358194432 48.3
26032800 2314802716 54.5 4608915237887232 48.3
26035800 2314804516 54.5 4608915533004032 48.3
26047900 2346920416 55.2 4700818899270912 49.2
27167300 2346923416 55.2 4700820997242112 49.2
27168200 2377008516 56.0 4786517078801664 50.1
27179800 2377012816 56.0 4786519810014464 50.1
27188300 2377015316 56.0 4786520495684864 50.1
28356300 2405510816 56.6 4867742420892928 51.0
28358400 2405513316 56.6 4867742973379904 51.0
28360400 2405515716 56.6 4867743679201408 51.0
28372600 2405518816 56.6 4867744816251008 51.0
29515200 2405521116 56.6 4867746011873408 51.0
29524000 2405526716 56.6 4867748849991808 51.0
29535300 2432675716 57.3 4943985559683200 51.8
30621400 2432677416 57.3 4943986337718400 51.8
30622900 2432679816 57.3 4943987751452800 51.8
30625500 2458136516 57.9 5015625138372736 52.5
30632800 2458142816 57.9 5015628149408640 52.5
32093700 2458145416 57.9 5015629712032640 52.5
32097600 2458148216 57.9 5015630438867840 52.5
32108000 2458150016 57.9 5015631456314240 52.5
32114100 2488165316 58.6 5099934643069824 53.4
32118900 2488167516 58.6 5099935328535424 53.4
33307000 2488169916 58.6 5099935719293824 53.4
33310000 2488171416 58.6 5099936208970624 53.4
33312400 2488174716 58.6 5099937633149824 53.4
33312500 2516549216 59.2 5178851667747712 54.2
33330900 2516551216 59.2 5178852483466112 54.2
34669600 2516553116 59.2 5178853853373312 54.2
34679700 2516555116 59.2 5178854422307712 54.2
34680000 2516558316 59.2 5178856198333312 54.2
34683500 2543643516 59.9 5254237051904896 55.0
34686600 2543646516 59.9 5254238035092480 55.0
36019700 2543649416 59.9 5254240478356480 55.0
36021500 2543651416 59.9 5254241495802880 55.0
36023600 2569033216 60.5 5325129343820800 55.8
36033400 2569034316 60.5 5325129815065600 55.8
36038400 2569037816 60.5 5325131356185600 55.8
37522600 2569039416 60.5 5325132422857792 55.8
37530500 2569041616 60.5 5325133046473792 55.8
37537500 2569043616 60.5 5325133987529792 55.8
37539600 2597896216 61.2 5404860895020096 56.6
37548700 2597898216 61.2 5404861876970624 56.6
39030600 2597900416 61.2 5404863322449024 56.6
39033900 2625017216 61.8 5479695737218176 57.4
39035200 2625018916 61.8 5479696868123776 57.4
39036400 2625021016 61.8 5479697820853376 57.4
39042200 2625021816 61.8 5479698307253376 57.4
39052100 2625023416 61.8 5479699082421376 57.4
40405400 2625028316 61.8 5479701465064576 57.4
40408700 2650628416 62.4 5550109107217536 58.1
40412500 2650629916 62.4 5550109403563136 58.1
40432200 2650631916 62.4 5550110908843136 58.1
41873700 2674973316 63.0 5616484079338624 58.8
41878500 2674974916 63.0 5616484415005824 58.8
41878600 2674975016 63.0 5616484415210624 58.8
41881600 2674977016 63.0 5616485114397824 58.8
41882600 2674979316 63.0 5616485880554624 58.8
41891100 2674981516 63.0 5616486519735424 58.8
43576800 2674983016 63.0 5616487342621824 58.8
43580000 2674984516 63.0 5616487938385024 58.8
43582900 2674986016 63.0 5616488493188224 58.8
43588200 2701851116 63.6 5689837542016128 59.6
43589500 2701852416 63.6 5689838211302528 59.6
43592100 2701853916 63.6 5689838505804928 59.6
43592700 2701854616 63.6 5689838792524928 59.6
45119100 2701855716 63.6 5689839090304128 59.6
45120600 2701858116 63.6 5689840310912128 59.6
45123700 2727031516 64.2 5758148137682048 60.3
45124500 2727032416 64.2 5758148482770048 60.3
45137800 2727033516 64.2 5758149209605248 60.3
45139200 2727034416 64.2 5758149752939648 60.3
46697800 2727035916 64.2 5758149971805344 60.3
46704900 2727036916 64.2 5758150545859744 60.3
46708800 2727038416 64.2 5758151005840544 60.3
46709500 2727039016 64.2 5758151266141344 60.3
46718300 2727040116 64.2 5758151686186144 60.3
46719800 2727041116 64.2 5758151994819744 60.3
46723400 2727042816 64.2 5758152653866144 60.3
46737500 2750866016 64.8 5822959423784096 61.0
48315800 2750866416 64.8 5822959656436896 61.0
48316400 2776502416 65.4 5892742120801440 61.7
48316500 2776503316 65.4 5892742905470944 61.7
48324400 2776504216 65.4 5892743192600544 61.7
48330000 2776506216 65.4 5892743610531840 61.7
48337000 2776506916 65.4 5892743675043840 61.7
48339400 2776508716 65.4 5892744285347840 61.7
48348400 2776509816 65.4 5892745057853440 61.7
49895400 2800616416 65.9 5958020314750976 62.4
49904100 2800617716 65.9 5958021072510976 62.4
49907000 2800618616 65.9 5958021294718976 62.4
49910000 2800619416 65.9 5958021540478976 62.4
49910800 2800620616 65.9 5958021986738176 62.4
49918900 2800623516 65.9 5958024007704576 62.4
49926500 2800624516 65.9 5958024306302976 62.4
49934700 2800625816 65.9 5958025000984576 62.4
51904600 2800627616 65.9 5958025492094976 62.4
51927800 2800629916 65.9 5958026313342976 62.4
51931700 2800630816 65.9 5958026731749376 62.4
51932500 2826185116 66.5 6026769528815616 63.1
51933500 2826185516 66.5 6026769675452416 63.1
51943100 2826186416 66.5 6026770569404416 63.1
51945500 2826187116 66.5 6026770855510016 63.1
53478600 2826187516 66.5 6026770875924516 63.1
53494100 2826188016 66.5 6026771029114916 63.1
53495100 2826189216 66.5 6026771536404516 63.1
53514700 2850265316 67.1 6091641187328036 63.8
53516100 2850265916 67.1 6091641354854436 63.8
53520700 2850268016 67.1 6091642508288036 63.8
53526100 2850268416 67.1 6091642581811236 63.8
53529500 2850269516 67.1 6091643167334436 63.8
55671900 2850270416 67.1 6091643493376036 63.8
55678200 2850271416 67.1 6091643823923236 63.8
55680500 2850272116 67.1 6091644034252836 63.8
55685200 2850272916 67.1 6091644640051236 63.8
55688500 2850274416 67.1 6091645400883236 63.8
55688700 2850274616 67.1 6091645401227336 63.8
55693800 2875587816 67.7 6159324136923208 64.5
55699700 2875588516 67.7 6159324352168008 64.5
55718000 2875590216 67.7 6159324959195208 64.5
57260100 2875591516 67.7 6159325161128008 64.5
57266500 2875592516 67.7 6159325547585608 64.5
57277900 2875594416 67.7 6159326519976008 64.5
57300700 2875596416 67.7 6159327651496008 64.5
57304700 2899433216 68.3 6222569753083976 65.2
57320500 2899435216 68.3 6222570609557576 65.2
59436400 2899436216 68.3 6222570846306376 65.2
59439900 2899437216 68.3 6222571002363976 65.2
59445200 2899439216 68.3 6222571970863176 65.2
59454800 2899440416 68.3 6222572399304776 65.2
59463200 2924213916 68.8 6288842595442760 65.8
59520100 2924216116 68.8 6288843739045960 65.8
61572500 2924217616 68.8 6288844252069960 65.8
61589100 2947479516 69.4 6350668062343240 66.5
61609900 2947480916 69.4 6350668274720840 66.5
61635100 2947482316 69.4 6350669073440840 66.5
61646900 2947483516 69.4 6350669319126344 66.5
61675800 2947485316 69.4 6350670136483144 66.5
63754900 2971492516 69.9 6413686186057032 67.2
63770400 2971492916 69.9 6413686272482632 67.2
63779300 2971494416 69.9 6413686728981832 67.2
63783800 2971496116 69.9 6413687317167432 67.2
63787600 2971497916 69.9 6413688068988232 67.2
63796900 2971499316 69.9 6413688389909832 67.2
65699500 2971500116 69.9 6413689124117832 67.2
65714200 2971501516 69.9 6413689762479432 67.2
65715200 2971502616 69.9 6413690793647432 67.2
65718500 2971503616 69.9 6413691090812232 67.2
65756400 2971505816 69.9 6413692072009032 67.2
65774800 2993991916 70.5 6472662186892616 67.8
67869200 2993993016 70.5 6472662412787016 67.8
67938000 3017068816 71.0 6533183841336648 68.4
67938700 3017070016 71.0 6533184244997448 68.4
67946600 3017071316 71.0 6533184657464648 68.4
67965800 3017072816 71.0 6533185489976648 68.4
67980100 3017073616 71.0 6533185845919048 68.4
68068100 3017074316 71.0 6533186546130248 68.4
70221000 3017074916 71.0 6533186965151048 68.4
70227900 3017076316 71.0 6533187276586344 68.4
70250500 3017077216 71.0 6533187659152744 68.4
70250800 3017078516 71.0 6533188051139944 68.4
70294200 3017079616 71.0 6533188367555944 68.4
70335500 3017080216 71.0 6533188565392744 68.4
70348100 3038856716 71.5 6590311177444712 69.0
72267300 3061036616 72.1 6648566977191272 69.6
72282600 3061037516 72.1 6648567440244072 69.6
72287400 3061038016 72.1 6648567573978472 69.6
72291300 3061039216 72.1 6648567951834472 69.6
72316600 3061040316 72.1 6648568107482472 69.6
72335500 3061040916 72.1 6648568363892072 69.6
72432100 3061041416 72.1 6648568549440872 69.6
74543100 3061043016 72.1 6648569236749672 69.6
74553300 3061044316 72.1 6648569606618472 69.6
74579800 3083545016 72.6 6707697423138152 70.2
74592800 3083545716 72.6 6707697539874152 70.2
74596300 3083545916 72.6 6707697777237352 70.2
74610300 3083547916 72.6 6707698395118952 70.2
74628200 3083549316 72.6 6707698871483752 70.2
74629300 3083550116 72.6 6707699016891752 70.2
77242200 3083551016 72.6 6707699114786152 70.2
77244000 3083551916 72.6 6707699599547752 70.2
77246100 3083552716 72.6 6707700106632552 70.2
77258600 3083553916 72.6 6707700544494952 70.2
77259100 3106119716 73.1 6766665655573864 70.8
77265400 3106120616 73.1 6766666216930664 70.8
77300800 3106122416 73.1 6766666626121064 70.8
77330100 3106123116 73.1 6766666804501864 70.8
79546800 3106123816 73.1 6766667083029864 70.8
79566800 3106124716 73.1 6766667402247560 70.8
79567500 3106125816 73.1 6766667904761256 70.8
79573400 3106127116 73.1 6766668552953256 70.8
79604900 3106128016 73.1 6766668849708456 70.8
79610900 3106129216 73.1 6766669170834856 70.8
79626800 3106130916 73.1 6766669936582056 70.8
79642600 3106131416 73.1 6766670092434856 70.8
79704200 3127480416 73.6 6822158595259816 71.4
82421200 3127483616 73.6 6822160036232616 71.4
82422500 3127484316 73.6 6822160441327016 71.4
82430400 3127485716 73.6 6822160866491816 71.4
82433900 3127486516 73.6 6822161318895016 71.4
82469100 3127487916 73.6 6822161818336712 71.4
82511900 3127489216 73.6 6822162208275912 71.4
82515300 3148840316 74.1 6877192193981896 72.0
82527000 3148841316 74.1 6877192718474696 72.0
84929500 3148842316 74.1 6877193232113096 72.0
84931600 3148843116 74.1 6877193439370696 72.0
84939500 3148844216 74.1 6877193563889096 72.0
84959400 3148845216 74.1 6877193635773896 72.0
84964600 3148846116 74.1 6877194066877896 72.0
84977400 3148847116 74.1 6877194420567496 72.0
84977600 3148848516 74.1 6877194733911496 72.0
85000400 3170354116 74.6 6932311499767240 72.6
85026100 3170354816 74.6 6932311924727240 72.6
85124200 3170355416 74.6 6932311953194440 72.6
87770100 3170356116 74.6 6932311993949640 72.6
87785400 3170357216 74.6 6932312469085640 72.6
87795200 3170358916 74.6 6932313044778440 72.6
87801200 3191940516 75.1 6987741522918856 73.2
87833000 3191941516 75.1 6987741647642056 73.2
87855800 3191943416 75.1 6987742329216456 73.2
87861600 3191944516 75.1 6987742827904456 73.2
87868000 3191945316 75.1 6987743284608456 73.2
87901700 3191946216 75.1 6987743919078856 73.2
90504200 3191948016 75.1 6987744510885384 73.2
90526600 3213542616 75.6 7042801465966088 73.7
90527000 3213544616 75.6 7042802263662088 73.7
90537000 3213547016 75.6 7042802891513416 73.7
90585200 3213550116 75.6 7042804007673416 73.7
90620600 3213551116 75.6 7042804137926216 73.7
90709100 3213552716 75.6 7042804621599912 73.7
93659400 3213554716 75.6 7042805143225512 73.7
93668300 3213556716 75.6 7042805965015016 73.7
93669700 3213558416 75.6 7042806629181416 73.7
93672400 3213559816 75.6 7042807039805416 73.7
93680500 3235182116 76.2 7098387813124072 74.3
93782800 3235183316 76.2 7098388682909672 74.3
93806800 3235184316 76.2 7098389010384872 74.3
93807600 3235185316 76.2 7098389261264872 74.3
96503300 3235186016 76.2 7098389401757672 74.3
96503900 3235187116 76.2 7098389746640872 74.3
96515100 3235187816 76.2 7098389987895272 74.3
96516000 3235188816 76.2 7098390306498568 74.3
96522500 3235189816 76.2 7098390462351368 74.3
96529400 3235190916 76.2 7098390718351368 74.3
96555500 3256488916 76.7 7152462750189576 74.9
100030200 3256489716 76.7 7152463406983176 74.9
100033800 3256491616 76.7 7152463532115976 74.9
100049800 3256493016 76.7 7152463884371976 74.9
100081300 3256494216 76.7 7152464366675976 74.9
100081400 3256495616 76.7 7152464809453576 74.9
100082800 3256497016 76.7 7152465129146376 74.9
100107000 3277573216 77.2 7206396832155656 75.5
100115100 3277573816 77.2 7206396915918856 75.5
103852500 3277574216 77.2 7206397451675656 75.5
103853100 3277574916 77.2 7206397661186056 75.5
103869400 3277575216 77.2 7206397809461256 75.5
103870100 3277576616 77.2 7206398699112456 75.5
103878600 3277577316 77.2 7206399048910856 75.5
103881300 3277578316 77.2 7206399261698056 75.5
103894600 3298669816 77.6 7259486424819720 76.0
103902800 3298671116 77.6 7259486730176520 76.0
103946200 3298671816 77.6 7259486983718920 76.0
107214800 3298672816 77.6 7259487246477320 76.0
107225600 3298673716 77.6 7259487569242120 76.0
107228200 3298674416 77.6 7259488816883720 76.0
107232900 3298676816 77.6 7259489797056520 76.0
107240400 3319568016 78.1 7312315998971912 76.6
107254500 3319569716 78.1 7312317005768712 76.6
107255800 3319570516 78.1 7312317232891912 76.6
107260800 3319572516 78.1 7312318129301512 76.6
107430900 3319573416 78.1 7312318298056712 76.6
110967100 3319574116 78.1 7312318434658312 76.6
110971500 3319574916 78.1 7312318876002312 76.6
110995500 3340935616 78.6 7365408664758280 77.1
111003600 3340937916 78.6 7365409088489480 77.1
111004400 3340939816 78.6 7365409872668680 77.1
111006500 3340940916 78.6 7365410158159880 77.1
111065200 3340941616 78.6 7365410349991976 77.1
111098400 3340943316 78.6 7365410898855976 77.1
111256200 3340944516 78.6 7365411285927976 77.1
114659900 3340945116 78.6 7365411657435176 77.1
114686300 3340946316 78.6 7365412067854376 77.1
114689500 3340946916 78.6 7365412297435176 77.1
114691500 3340947416 78.6 7365412601563176 77.1
114711500 3362064716 79.1 7417950206003240 77.7
114753000 3362065916 79.1 7417950528358440 77.7
114792100 3362066316 79.1 7417950735820840 77.7
114863500 3362067616 79.1 7417951214848040 77.7
114898200 3362068416 79.1 7417951539660840 77.7
118592800 3362069616 79.1 7417951788697640 77.7
118614700 3362070516 79.1 7417952497305640 77.7
118624800 3382854616 79.6 7469743024900136 78.2
118635700 3382856516 79.6 7469744111568936 78.2
118673100 3382857416 79.6 7469744282167336 78.2
118692800 3382858516 79.6 7469744437815336 78.2
118816400 3382860016 79.6 7469744983607336 78.2
118960100 3382861116 79.6 7469745576912936 78.2
122526000 3403835516 80.1 7522405092993064 78.8
122529100 3403837716 80.1 7522405937997864 78.8
122530900 3403839616 80.1 7522407077505064 78.8
122542100 3403840416 80.1 7522407506970664 78.8
122546700 3403842016 80.1 7522408227866664 78.8
122552200 3403844716 80.1 7522408762804264 78.8
122555700 3403845816 80.1 7522408830183464 78.8
122577100 3403846616 80.1 7522409591629864 78.8
126613200 3403849416 80.1 7522410505447464 78.8
126620200 3403851516 80.1 7522411010484264 78.8
126622000 3424297116 80.6 7573368696105000 79.3
126624900 3424299016 80.6 7573369110005800 79.3
126630100 3424300316 80.6 7573369333852200 79.3
126652700 3424301916 80.6 7573370011535400 79.3
126666100 3424304816 80.6 7573370822133800 79.3
126671200 3424305716 80.6 7573370943785000 79.3
126703300 3424307016 80.6 7573371667753000 79.3
130535100 3424308716 80.6 7573372499241000 79.3
130556500 3424311616 80.6 7573373886556200 79.3
130570300 3444617916 81.1 7623914847103016 79.8
130580000 3444619416 81.1 7623915044325416 79.8
130581500 3444622216 81.1 7623915895679016 79.8
130583100 3444622916 81.1 7623916367333416 79.8
130624600 3444623816 81.1 7623916625176616 79.8
130650300 3444624916 81.1 7623917067135016 79.8
134722000 3444626116 81.1 7623917120792616 79.8
134722800 3444626216 81.1 7623917214386216 79.8
134736900 3444626916 81.1 7623917337266216 79.8
134738300 3444628616 81.1 7623918020888616 79.8
134745000 3464941416 81.6 7674275707127848 80.4
134756100 3464942616 81.6 7674276023339048 80.4
134778900 3464943516 81.6 7674276430891048 80.4
134804700 3464944316 81.6 7674276771473448 80.4
134853400 3464944816 81.6 7674276795844648 80.4
139338200 3464946216 81.6 7674277108369448 80.4
139344200 3484526316 82.0 7722932737656872 80.9
139345400 3484527416 82.0 7722933076600872 80.9
139362200 3484529716 82.0 7722934436677672 80.9
139374900 3484531916 82.0 7722936423647272 80.9
139389100 3484533316 82.0 7722936776861768 80.9
139442000 3484534016 82.0 7722937129527368 80.9
139454200 3484535616 82.0 7722938202737160 80.9
139519100 3484537516 82.0 7722938715556360 80.9
143245400 3484539816 82.0 7722939183319560 80.9
143248900 3484542016 82.0 7722940078090760 80.9
143265100 3503810316 82.5 7770852258605576 81.4
143282000 3503812516 82.5 7770852868434504 81.4
143298700 3503814616 82.5 7770854185018440 81.4
143314900 3503816216 82.5 7770854817031240 81.4
143325400 3503818416 82.5 7770855294215240 81.4
143336900 3503820116 82.5 7770856012448840 81.4
147471500 3503821116 82.5 7770856089658440 81.4
147502800 3503822616 82.5 7770856762426440 81.4
147509600 3522795016 82.9 7818111645172808 81.9
147512400 3522796316 82.9 7818111757608008 81.9
147524200 3522797916 82.9 7818112056820808 81.9
147534200 3522799016 82.9 7818112220865608 81.9
147544300 3522800516 82.9 7818112723854408 81.9
147547800 3522801316 82.9 7818113226768200 81.9
147617600 3522802016 82.9 7818113492189000 81.9
151518600 3522803316 82.9 7818113562845000 81.9
151530300 3541528216 83.4 7864630000623432 82.3
151588200 3541529016 83.4 7864630219349832 82.3
151588400 3541530016 83.4 7864630484361032 82.3
151609100 3541531416 83.4 7864630938402632 82.3
151626800 3541532016 83.4 7864631279115016 82.3
151631900 3541533816 83.4 7864632242418888 82.3
151648700 3541534716 83.4 7864632550642888 82.3
151672600 3541535516 83.4 7864632745817288 82.3
156485100 3541536616 83.4 7864633021682888 82.3
156496800 3541537316 83.4 7864633129407688 82.3
156501500 3541538716 83.4 7864633737458888 82.3
156530600 3541540216 83.4 7864633976255688 82.3
156538400 3541541016 83.4 7864634160370888 82.3
156544600 3541542416 83.4 7864634304959688 82.3
156591700 3541544816 83.4 7864635284313288 82.3
156607100 3559799016 83.8 7910413465867464 82.8
156693600 3559800316 83.8 7910413851915464 82.8
160932500 3559801116 83.8 7910414247793864 82.8
160946600 3559802116 83.8 7910414631998664 82.8
160983200 3559802916 83.8 7910414834341064 82.8
160990200 3577967316 84.2 7955832242836680 83.3
160994600 3577968816 84.2 7955833073915080 83.3
161035500 3577969016 84.2 7955833144775880 83.3
161055000 3577971116 84.2 7955833959675080 83.3
161067400 3577973016 84.2 7955835414369480 83.3
165693000 3577974016 84.2 7955835504276680 83.3
165703500 3577975716 84.2 7955836903879880 83.3
165711700 3577977116 84.2 7955837075482888 83.3
165721000 3577978116 84.2 7955837415246088 83.3
165763500 3577979616 84.2 7955837970254088 83.3
165764600 3595896516 84.6 8000359290865928 83.8
165788500 3595897016 84.6 8000359391627528 83.8
165820200 3595898316 84.6 8000360072177928 83.8
169750800 3595900216 84.6 8000360544995624 83.8
169773500 3595901016 84.6 8000360694499624 83.8
169811900 3595902416 84.6 8000361400445224 83.8
169813900 3595904116 84.6 8000361749219624 83.8
169820600 3595905116 84.6 8000362374064424 83.8
169837300 3613772616 85.1 8044779852097832 84.2
169850300 3613773816 85.1 8044780185102632 84.2
169892500 3613774916 85.1 8044780649384232 84.2
169909600 3613775816 85.1 8044781884328232 84.2
175046700 3631269116 85.5 8088039922518312 84.7
175114100 3631270116 85.5 8088040419158312 84.7
175119200 3631272016 85.5 8088040947337512 84.7
175121400 3631273116 85.5 8088041209481512 84.7
175135700 3631274216 85.5 8088042096879912 84.7
175183100 3631276416 85.5 8088042765142312 84.7
175195000 3631278216 85.5 8088043631036712 84.7
175223400 3631279016 85.5 8088044109449512 84.7
175224500 3631281016 85.5 8088044382243112 84.7
175262000 3631281516 85.5 8088044411734312 84.7
180216400 3631282916 85.5 8088044682889512 84.7
180251200 3631284916 85.5 8088045572950312 84.7
180275900 3631286416 85.5 8088045892233512 84.7
180316100 3631288616 85.5 8088046165371208 84.7
180328700 3648898616 85.9 8132114270464328 85.1
180363300 3648900016 85.9 8132114667981128 85.1
180410400 3648901016 85.9 8132115203737928 85.1
180413600 3648902916 85.9 8132116977715528 85.1
180496800 3648905016 85.9 8132118067456328 85.1
185384400 3648905816 85.9 8132118172189832 85.1
185391000 3648906616 85.9 8132118374122632 85.1
185431500 3648908016 85.9 8132118581789832 85.1
185441100 3666974116 86.3 8176852423591048 85.6
185460400 3666975916 86.3 8176853035738248 85.6
185472500 3666977716 86.3 8176853318771848 85.6
185527500 3666978516 86.3 8176853943616648 85.6
185550700 3666979816 86.3 8176854389875848 85.6
185606800 3666980916 86.3 8176854709978248 85.6
190302000 3666982516 86.3 8176855123469448 85.6
190343900 3666983816 86.3 8176855782311048 85.6
190362400 3685471516 86.8 8222212268541064 86.1
190369000 3685472816 86.8 8222212566040648 86.1
190377600 3685474616 86.8 8222214056165448 86.1
190394500 3685476316 86.8 8222214384664648 86.1
190409400 3685477616 86.8 8222215670808648 86.1
190484200 3685479416 86.8 8222216198578248 86.1
190488700 3685480616 86.8 8222216481126952 86.1
196374600 3685482516 86.8 8222216738150952 86.1
196385600 3685483316 86.8 8222216846899752 86.1
196421400 3685484516 86.8 8222216986778152 86.1
196438100 3685486316 86.8 8222217171507752 86.1
196453900 3704283116 87.2 8268334621923880 86.6
196459100 3704284116 87.2 8268334845360680 86.6
196473700 3704286316 87.2 8268335642851880 86.6
196557000 3704287716 87.2 8268335994083880 86.6
196678300 3704288716 87.2 8268336217520680 86.6
202092600 3704290216 87.2 8268336781130280 86.6
202105500 3704291816 87.2 8268337673443880 86.6
202117500 3704293616 87.2 8268338283338280 86.6
202148900 3704295516 87.2 8268338707274280 86.6
202180600 3704297516 87.2 8268339047037480 86.6
202232500 3704298716 87.2 8268339553712680 86.6
202241600 3722793616 87.6 8313479588690472 87.0
202369200 3722794616 87.6 8313479750072872 87.0
208123700 3722795916 87.6 8313480202680872 87.0
208166800 3722797116 87.6 8313480423864872 87.0
208172500 3722797516 87.6 8313480510085672 87.0
208177200 3722798616 87.6 8313480854149672 87.0
208179900 3722799516 87.6 8313481028229672 87.0
208214000 3722800416 87.6 8313481862175272 87.0
208234300 3722801716 87.6 8313482182417160 87.0
208249800 3739644416 88.0 8354616313142024 87.5
208332600 3739645216 88.0 8354616506063624 87.5
213578000 3739646516 88.0 8354617377897224 87.5
213614400 3739648116 88.0 8354617969359624 87.5
213624400 3739648816 88.0 8354618387076712 87.5
213630800 3739649616 88.0 8354618640619112 87.5
213639200 3739650816 88.0 8354618930615912 87.5
213667900 3739651916 88.0 8354619147359208 87.5
213812600 3739652616 88.0 8354619427730408 87.5
213817700 3754771116 88.4 8391479881446376 87.9
213863800 3754772316 88.4 8391480608976680 87.9
219415800 3754773316 88.4 8391481027997480 87.9
219438000 3768631616 88.7 8425248413200168 88.2
219486000 3768632716 88.7 8425248529321768 88.2
219512300 3768633516 88.7 8425248634179368 88.2
219537800 3768634816 88.7 8425249158057768 88.2
219580200 3768635816 88.7 8425249570320168 88.2
219588300 3768637716 88.7 8425250513154088 88.2
219605400 3768638216 88.7 8425250751541288 88.2
219657300 3768639116 88.7 8425251073896488 88.2
219780700 3768639516 88.7 8425251307368488 88.2
224220700 3768640416 88.7 8425251435368488 88.2
224241900 3768640816 88.7 8425251493531688 88.2
224334700 3768641716 88.7 8425251690754088 88.2
224377100 3768643016 88.7 8425252082536488 88.2
224415300 3768644816 88.7 8425252573237288 88.2
224479800 3768645116 88.7 8425252589416488 88.2
224492200 3781376716 89.0 8456069030096936 88.5
224700400 3781377416 89.0 8456069262949736 88.5
230507300 3781378316 89.0 8456069416754536 88.5
230561700 3793700916 89.3 8485419979644264 88.8
230590200 3793701616 89.3 8485420329237864 88.8
230620600 3793703416 89.3 8485420744980648 88.8
230635100 3793704116 89.3 8485420921108648 88.8
230665900 3793705316 89.3 8485421477345448 88.8
230722000 3793706316 89.3 8485421731707048 88.8
230722600 3793707216 89.3 8485421777991848 88.8
230977300 3793708016 89.3 8485422157486248 88.8
236060900 3793710116 89.3 8485423007611048 88.8
236188400 3793711016 89.3 8485423752263848 88.8
236196400 3793712116 89.3 8485424617953448 88.8
236210000 3793712816 89.3 8485425395783848 88.8
236212800 3793713916 89.3 8485425956935848 88.8
236216700 3793714516 89.3 8485426483067048 88.8
236223900 3793716616 89.3 8485427420231848 88.8
236351300 3805918416 89.6 8514260861089960 89.1
242535300 3805919016 89.6 8514261074286760 89.1
242549100 3805919916 89.6 8514261462382760 89.1
242562900 3805920816 89.6 8514261745416360 89.1
242608400 3805921316 89.6 8514261825083560 89.1
242653000 3805922216 89.6 8514262303225256 89.1
242772300 3818192616 89.9 8543359557416360 89.5
242790300 3818193516 89.9 8543359977665960 89.5
242925300 3818195116 89.9 8543361559131560 89.5
248487600 3818196716 89.9 8543363525006760 89.5
248506700 3818198416 89.9 8543364404417960 89.5
248517800 3818201416 89.9 8543365936936360 89.5
248531600 3818203416 89.9 8543366760232360 89.5
248566600 3818205016 89.9 8543367183349160 89.5
248568900 3818207316 89.9 8543367622849960 89.5
248634800 3818208516 89.9 8543368405595560 89.5
248649600 3818209616 89.9 8543368469421260 89.5
248732100 3830404116 90.2 8572164165737676 89.8
254264400 3830405516 90.2 8572164523932876 89.8
254273800 3830406516 90.2 8572164969987276 89.8
254275500 3830408716 90.2 8572165614697676 89.8
254330000 3830411216 90.2 8572166595280076 89.8
254343700 3830412716 90.2 8572167561116876 89.8
254385100 3830413716 90.2 8572167667688172 89.8
254402100 3830414616 90.2 8572167985128172 89.8
254429400 3830416116 90.2 8572168396366572 89.8
254458300 3830418416 90.2 8572168942158572 89.8
254528800 3842189816 90.4 8599973878858476 90.0
261849000 3842192016 90.4 8599974797591276 90.0
261918600 3842193516 90.4 8599975459709676 90.0
261922500 3842194616 90.4 8599975663485676 90.0
261930400 3853746016 90.7 8627658764042988 90.3
261983900 3853748116 90.7 8627659656151788 90.3
261996000 3853749816 90.7 8627660202353388 90.3
262012100 3853752416 90.7 8627661202186988 90.3
262032100 3853753816 90.7 8627662250967788 90.3
262083100 3853755216 90.7 8627662775255788 90.3
268157200 3853756916 90.7 8627663260426988 90.3
268196400 3864836716 91.0 8654586187424492 90.6
268216300 3864838116 91.0 8654586341165900 90.6
268237500 3864839316 91.0 8654586795617100 90.6
268247400 3864840816 91.0 8654587016186700 90.6
268247800 3864842516 91.0 8654587798932300 90.6
268277200 3864843616 91.0 8654588567751500 90.6
268295200 3864845316 91.0 8654588795898700 90.6
268413900 3864846116 91.0 8654588870650700 90.6
274422500 3864848416 91.0 8654589362989900 90.6
274449600 3864849616 91.0 8654589849799500 90.6
274452100 3864851416 91.0 8654590374087500 90.6
274472100 3864852816 91.0 8654591027809100 90.6
274518400 3876201616 91.2 8682031529823052 90.9
274525500 3876204116 91.2 8682032072133452 90.9
274539800 3876205716 91.2 8682032518597452 90.9
274664300 3876213216 91.2 8682034856184652 90.9
274893100 3876214716 91.2 8682034945272652 90.9
281750200 3876219816 91.2 8682036749151052 90.9
281767600 3888363916 91.5 8711252792322892 91.2
281826600 3888365916 91.5 8711253231618892 91.2
281829100 3888367116 91.5 8711253640809292 91.2
281846200 3888369016 91.5 8711254111439692 91.2
281875300 3888371016 91.5 8711254614428492 91.2
281883700 3888372516 91.5 8711255422774092 91.2
281922100 3888373916 91.5 8711255694337676 91.2
281950500 3888376516 91.5 8711257823848076 91.2
281965400 3888378716 91.5 8711258518324876 91.2
288684700 3888379816 91.5 8711258687694476 91.2
288772600 3888382116 91.5 8711259876968076 91.2
288823800 3888384116 91.5 8711260404328076 91.2
288888800 3901047516 91.8 8741952395814540 91.5
288905000 3901049616 91.8 8741953238566540 91.5
288969100 3901052116 91.8 8741953826137740 91.5
289033600 3901052916 91.8 8741953882867340 91.5
289034600 3901054416 91.8 8741954736473740 91.5
289078200 3901057016 91.8 8741955489728140 91.5
289167900 3901059016 91.8 8741955665241740 91.5
295596100 3901060916 91.8 8741955927590540 91.5
295680400 3901061916 91.8 8741956234790540 91.5
295694400 3901062816 91.8 8741956549568140 91.5
295749100 3901063716 91.8 8741956701939340 91.5
295799500 3901065116 91.8 8741957060601740 91.5
295875100 3901066816 91.8 8741957301651340 91.5
295981100 3901069716 91.8 8741957825734540 91.5
296098600 3912514816 92.1 8769757674743692 91.8
296110000 3912515616 92.1 8769758009182092 91.8
303404300 3912516816 92.1 8769758280132492 91.8
303417500 3912517816 92.1 8769758395703788 91.8
303576400 3912519216 92.1 8769758519402988 91.8
303594800 3922229916 92.3 8793183956804076 92.1
303604000 3922230116 92.3 8793183973597676 92.1
303626600 3922231016 92.3 8793184330285484 92.1
303678500 3922232616 92.3 8793184657146284 92.1
303767600 3922233316 92.3 8793184794567084 92.1
303774500 3922233916 92.3 8793185056915884 92.1
310203800 3922234316 92.3 8793185275027884 92.1
310223800 3922236016 92.3 8793186462253484 92.1
310388300 3922237416 92.3 8793187271418284 92.1
310454200 3922238416 92.3 8793188079559084 92.1
310489500 3922239216 92.3 8793188482810284 92.1
310514400 3931395516 92.5 8814982476464556 92.3
310522000 3931396316 92.5 8814982618939452 92.3
310662400 3931397716 92.5 8814983121723452 92.3
318136000 3931400916 92.5 8814984835489852 92.3
318169900 3931403016 92.5 8814985513377852 92.3
318201800 3931404216 92.5 8814985951035452 92.3
318227800 3931407716 92.5 8814987811643452 92.3
318259500 3931410216 92.5 8814988800827452 92.3
318353300 3931412116 92.5 8814989411131452 92.3
318369600 3931413316 92.5 8814989909205052 92.3
318495100 3940656916 92.8 8836671115927612 92.5
318663000 3940658416 92.8 8836672605438012 92.5
325281600 3940660216 92.8 8836673782014012 92.5
325300200 3940662516 92.8 8836675143114812 92.5
325343700 3940663716 92.8 8836676072292412 92.5
325374600 3940665616 92.8 8836676514046012 92.5
325399600 3940667116 92.8 8836678308913212 92.5
325401500 3949787616 93.0 8858072014970940 92.7
325445900 3949789516 93.0 8858072876088316 92.7
325464400 3949791216 93.0 8858073663134716 92.7
325689200 3949792516 93.0 8858074369080316 92.7
332740800 3949794916 93.0 8858075737487868 92.7
332747600 3949796516 93.0 8858076118415868 92.7
332760600 3949798516 93.0 8858076613212668 92.7
332765000 3949800016 93.0 8858076907305468 92.7
332787100 3949800716 93.0 8858076977756668 92.7
332811100 3958415616 93.2 8878690920757756 93.0
332831200 3958418116 93.2 8878691363125756 93.0
332837400 3958418916 93.2 8878691769448956 93.0
332838300 3958422016 93.2 8878692224104956 93.0
332849300 3958425716 93.2 8878693735119356 93.0
341213900 3967053716 93.4 8899975625226748 93.2
341316800 3967056616 93.4 8899976975268348 93.2
341429500 3967057516 93.4 8899977145457148 93.2
341486200 3967059416 93.4 8899978732657148 93.2
341562600 3967060516 93.4 8899979197553148 93.2
341642400 3967062116 93.4 8899979837143548 93.2
341654200 3967064516 93.4 8899980455369468 93.2
341679300 3967066516 93.4 8899981070383868 93.2
341721400 3967068116 93.4 8899981404207868 93.2
349639900 3967071116 93.4 8899982077590268 93.2
349645200 3967072716 93.4 8899982533065468 93.2
349665000 3967073816 93.4 8899982756092668 93.2
349785500 3967075516 93.4 8899983034211068 93.2
349819100 3967077316 93.4 8899984101628668 93.2
349821000 3967079416 93.4 8899984711932668 93.2
349898700 3967079916 93.4 8899984845871868 93.2
350002400 3976508416 93.6 8922574436080380 93.4
350061300 3976509816 93.6 8922574735702780 93.4
356734000 3976512316 93.6 8922576293821180 93.4
356745300 3976513716 93.6 8922576807254780 93.4
356768100 3976515016 93.6 8922577341373180 93.4
357049100 3985190816 93.8 8943467850488572 93.6
357094900 3985192316 93.8 8943468643474172 93.6
357096900 3985194116 93.8 8943469832952572 93.6
357286400 3985195416 93.8 8943470274233980 93.6
357291200 3985196016 93.8 8943470622803580 93.6
357316800 3985197516 93.8 8943471119648380 93.6
366856900 3985199416 93.8 8943471616083580 93.6
366933300 3985200616 93.8 8943471752275580 93.6
367140600 3985201516 93.8 8943472237856380 93.6
367176500 3985202916 93.8 8943472468051580 93.6
367189300 3985204616 93.8 8943473153517180 93.6
367216000 3985205916 93.8 8943473603462780 93.6
367219900 3992432416 94.0 8960531986728572 93.8
367231100 3992433516 94.0 8960532485826172 93.8
367305300 3992436116 94.0 8960533639594236 93.8
373732800 3992437816 94.0 8960533854687932 93.8
373761600 3992438816 94.0 8960533965689532 93.8
373770800 3992439216 94.0 8960534023852732 93.8
373811200 3999380616 94.1 8976860887995068 94.0
373949900 3999381616 94.1 8976860951687868 94.0
374002100 3999382316 94.1 8976861080711868 94.0
374101900 3999384116 94.1 8976861340807868 94.0
374177700 3999385316 94.1 8976861469627068 94.0
374223400 3999386416 94.1 8976861820654268 94.0
383743500 3999387916 94.1 8976862344532668 94.0
383743700 3999389316 94.1 8976863004193468 94.0
383758800 3999391316 94.1 8976864005665468 94.0
383865400 4006114716 94.3 8992576371765948 94.2
383925300 4006115216 94.3 8992576426447548 94.2
383939200 4006117516 94.3 8992577440617148 94.2
384071500 4006118816 94.3 8992577703170748 94.2
384074200 4006119816 94.3 8992578032284348 94.2
384262500 4006122516 94.3 8992579471618748 94.2
393016800 4006123816 94.3 8992579961909948 94.2
393052900 4012363316 94.4 9007351079006908 94.3
393053900 4012364716 94.4 9007351352753116 94.3
393060800 4012365616 94.4 9007351507377116 94.3
393062700 4012367716 94.4 9007352484273116 94.3
393333300 4012370016 94.4 9007352975793116 94.3
393335400 4012371816 94.4 9007353368189916 94.3
393409800 4012373416 94.4 9007353930570716 94.3
393524300 4012376616 94.4 9007354650442716 94.3
393568100 4012377516 94.4 9007355210775516 94.3
399047100 4019288716 94.6 9024077409041372 94.5
399058100 4019290016 94.6 9024077726686172 94.5
399188500 4019291016 94.6 9024077839877172 94.5
399294700 4019293016 94.6 9024079025259572 94.5
399328000 4019295116 94.6 9024079502443572 94.5
399357400 4019297316 94.6 9024080150776500 94.5
399429400 4019300216 94.6 9024081239008692 94.5
399431600 4019301716 94.6 9024082431968692 94.5
399582900 4019303716 94.6 9024082984314292 94.5
410232600 4019305316 94.6 9024083854304692 94.5
410244400 4019306216 94.6 9024084181575092 94.5
410481800 4019309316 94.6 9024085048693492 94.5
410496300 4025339016 94.8 9038507733422836 94.6
410557900 4025340016 94.8 9038507882517236 94.6
410633200 4025341316 94.8 9038508074346740 94.6
410793500 4025341516 94.8 9038508090935540 94.6
410849000 4025342616 94.8 9038508638775540 94.6
420393100 4025345116 94.8 9038508831492340 94.6
420570000 4025345516 94.8 9038508932458740 94.6
420590900 4025346116 94.8 9038509063940340 94.6
420613000 4025348816 94.8 9038511045789940 94.6
420657000 4025349916 94.8 9038511276804340 94.6
420910900 4025350616 94.8 9038511354628340 94.6
420913900 4025353716 94.8 9038512228305140 94.6
421032000 4030492016 94.9 9050726183110900 94.8
421058600 4030493316 94.9 9050726588129908 94.8
429828900 4030494516 94.9 9050726708961908 94.8
429837200 4030495516 94.9 9050726778798708 94.8
429869500 4030497016 94.9 9050727230382708 94.8
430059400 4030498116 94.9 9050727457710708 94.8
430090400 4030500116 94.9 9050728217109108 94.8
430102000 4030501916 94.9 9050728653947508 94.8
430306300 4035586116 95.0 9062568840692340 94.9
430428800 4035587016 95.0 9062569264423540 94.9
430501100 4035587316 95.0 9062569342247540 94.9
438617500 4035589816 95.0 9062569925313140 94.9
438636500 4035591016 95.0 9062570284532340 94.9
438663300 4035593016 95.0 9062570657268340 94.9
438670900 4035593916 95.0 9062570765532836 94.9
438683000 4040369216 95.1 9074087058685604 95.0
438758100 4040371016 95.1 9074087687150500 95.0
438840900 4040372016 95.1 9074087823956900 95.0
438883100 4040373816 95.1 9074088725896100 95.0
439228000 4040376016 95.1 9074089284385700 95.0
453300100 4040378016 95.1 9074090698734500 95.0
453351300 4040379516 95.1 9074091544148900 95.0
453399700 4040381216 95.1 9074091953339300 95.0
453535600 4040383416 95.1 9074092284091300 95.0
453653700 4040384716 95.1 9074092922043300 95.0
453656300 4040385616 95.1 9074093217569700 95.0
453680600 4040386716 95.1 9074093494459300 95.0
453687900 4045464916 95.2 9086270302411684 95.1
453744100 4045465516 95.2 9086270497586084 95.1
462027200 4045466616 95.2 9086270746213284 95.1
462029800 4045467416 95.2 9086270871346084 95.1
462054800 4049507616 95.3 9095820195306404 95.2
462079500 4049508616 95.3 9095820740279204 95.2
462098800 4049510316 95.3 9095820995460004 95.2
462205300 4049510916 95.3 9095821041949604 95.2
462257000 4049511716 95.3 9095821095607204 95.2
462308600 4049513016 95.3 9095821302250404 95.2
462381400 4049513616 95.3 9095821485136804 95.2
463189300 4053365316 95.4 9104734751284132 95.3
463251900 4053366016 95.4 9104734796954532 95.3
463347700 4053367316 95.4 9104735173786532 95.3
463377500 4053369216 95.4 9104736975821732 95.3
463558200 4053370316 95.4 9104737544960932 95.3
463572500 4053372416 95.4 9104738645556132 95.3
484803600 4053372716 95.4 9104738686720932 95.3
484830400 4053373516 95.4 9104738813696932 95.3
484897300 4053375516 95.4 9104739548724132 95.3
484908200 4053376316 95.4 9104739869236132 95.3
484972600 4053378116 95.4 9104740851661732 95.3
485074300 4057054616 95.5 9113312786398116 95.4
485135400 4057055216 95.5 9113313109162916 95.4
485143800 4057056016 95.5 9113313422711716 95.4
486446000 4057058516 95.5 9113313727044516 95.4
486464300 4057061916 95.5 9113315500407716 95.4
486468400 4057063716 95.5 9113316255095716 95.4
486484300 4057064616 95.5 9113316682103716 95.4
486501300 4057065216 95.5 9113316880350116 95.4
486511500 4057066316 95.5 9113317425732516 95.4
486537400 4057068116 95.5 9113318491921316 95.4
486567900 4060737416 95.6 9122049841666980 95.5
486651500 4060745216 95.6 9122051066985380 95.5
497148800 4060746016 95.6 9122051326262180 95.5
497180900 4060747116 95.6 9122051588815780 95.5
497204800 4060748616 95.6 9122051959913380 95.5
497232000 4063803916 95.7 9129262168767396 95.6
497245500 4063804816 95.7 9129262420671396 95.6
497294700 4063806316 95.7 9129262947826596 95.6
497411300 4063807016 95.7 9129263094668196 95.6
497476600 4063807516 95.7 9129263300082596 95.6
497604700 4063808216 95.7 9129263497919396 95.6
505469000 4066663916 95.7 9135798132325284 95.7
505546900 4066665116 95.7 9135798655589284 95.7
505597100 4066666416 95.7 9135798762904484 95.7
505605600 4066668616 95.7 9135799221582084 95.7
505650200 4066670616 95.7 9135800100378884 95.7
505651700 4066673116 95.7 9135801054542084 95.7
505705200 4066676016 95.7 9135802576410884 95.7
505716000 4066679416 95.7 9135804529588484 95.7
521818000 4067242016 95.7 9137157070600452 95.7
523601300 4069659916 95.8 9142789486098692 95.7
523607700 4069661316 95.8 9142789821765892 95.7
523623100 4069663616 95.8 9142790000556292 95.7
523683100 4069664116 95.8 9142790616389892 95.7
532671100 4072277216 95.9 9148902339123460 95.8
532674200 4072279016 95.9 9148902649395460 95.8
532708200 4072281616 95.9 9148903756134660 95.8
532715200 4072283916 95.9 9148904757197060 95.8
532807700 4072285716 95.9 9148905638468868 95.8
532922700 4072287316 95.9 9148906551876868 95.8
532967400 4072288316 95.9 9148906893278468 95.8
533070800 4072290216 95.9 9148908358212868 95.8
548758200 4072292716 95.9 9148909149969668 95.8
548768800 4072295416 95.9 9148910246878468 95.8
548781100 4072297816 95.9 9148911444139268 95.8
548863100 4072299116 95.9 9148911901662468 95.8
548930500 4072333916 95.9 9148983570398468 95.8
549062100 4072335616 95.9 9148983930436868 95.8
549079900 4072336716 95.9 9148984646622468 95.8
549103200 4072338816 95.9 9148986090872068 95.8
549144300 4072340616 95.9 9148987470814468 95.8
549835900 4073372116 95.9 9151332130266372 95.8
549871800 4073373516 95.9 9151333088115972 95.8
549915000 4073375116 95.9 9151334123789572 95.8
551851900 4073376316 95.9 9151334161946972 95.8
552008600 4073376916 95.9 9151334477134172 95.8
552016400 4073377816 95.9 9151334560078172 95.8
552074000 4073378816 95.9 9151334659406172 95.8
552081900 4075590916 95.9 9156354951887196 95.9
552093400 4075591216 95.9 9156354962741596 95.9
552096800 4075592216 95.9 9156355066370396 95.9
552212900 4075592316 95.9 9156355073128796 95.9
570273200 4075594116 95.9 9156355252328796 95.9
570312800 4075595116 95.9 9156355623016796 95.9
570452700 4077308316 96.0 9160200006457692 95.9
570471400 4077310716 96.0 9160200454355292 95.9
570622900 4077312216 96.0 9160201212524892 95.9
570642500 4077313516 96.0 9160201402925084 95.9
570665900 4077315216 96.0 9160201703161884 95.9
581665100 4077317216 96.0 9160202550624284 95.9
581698500 4077319616 96.0 9160203673542684 95.9
581706600 4078943316 96.0 9163878431203356 95.9
581732000 4078944016 96.0 9163878502473756 95.9
581734500 4078944316 96.0 9163878723248156 95.9
581806300 4078945916 96.0 9163879085744156 95.9
581828900 4078946816 96.0 9163879268016156 95.9
584920600 4078947816 96.0 9163880083529756 95.9
584933500 4080264316 96.0 9166798259789852 96.0
585013500 4080265916 96.0 9166798532583452 96.0
585019700 4080267016 96.0 9166799045607452 96.0
615052300 4080267216 96.0 9166799077351452 96.0
615140300 4080268916 96.0 9166799643623452 96.0
615153500 4080270716 96.0 9166800216858652 96.0
615168900 4080273316 96.0 9166801464295452 96.0
615233600 4080274416 96.0 9166802572600092 96.0
615275100 4081049416 96.1 9168610820154140 96.0
615370900 4081050616 96.1 9168611237331740 96.0
621727800 4081053416 96.1 9168612129850140 96.0
621924100 4082100916 96.1 9170973228614428 96.0
621952600 4082102116 96.1 9170973506921436 96.0
621956800 4082103216 96.1 9170973934953436 96.0
631914200 4082902216 96.1 9172771214271452 96.0
632013100 4082904616 96.1 9172771928818652 96.0
632014000 4082904816 96.1 9172771930382452 96.0
647151600 4082907416 96.1 9172774874382452 96.0
647211900 4083553316 96.1 9174291089719412 96.1
647258100 4083555016 96.1 9174291725009012 96.1
654812200 4084031016 96.1 9175484182020212 96.1
654818900 4084031316 96.1 9175484396855412 96.1
654938000 4084033416 96.1 9175484958826612 96.1
667464400 4084387716 96.1 9176337638285428 96.1
667487300 4084387916 96.1 9176337677607028 96.1
667625300 4084388116 96.1 9176337739661428 96.1
680486000 4084597216 96.1 9176819877560436 96.1
689856500 4084653016 96.1 9176955176018036 96.1
691835300 4084654316 96.1 9176959317074036 96.1