---------------------------------------------------------------------------------------------------------------------------------------------------------------------------------
Metro   Traffic               ─────────────────── Knee ───────────────────                           ──────────────── Cost-Optimal ────────────────               ΔCost%  KneeSrc
           Mbps    Disk(MB)     HR%    Cost$/mo    p50 ms    p95 ms     Penalty    Disk(MB)     HR%    Cost$/mo    p50 ms    p95 ms     Penalty        %         
---------------------------------------------------------------------------------------------------------------------------------------------------------------------------------
  ATL    779146   206471000    90.5     6450.48      26.5     108.7     5847.85    86384640    75.0     5344.78      29.2     118.4    23034.57    +20.7      ATL
  ORD    704806   182834900    89.1     5899.41      26.4     107.3     4358.45    60825600    73.0     4621.79      29.0     115.7    19802.69    +27.6      ORD
  DFW    642314   188837800    90.0     5843.36      21.6     105.9      518.23    68638720    74.0     4444.35      24.1     114.5     5308.87    +31.5      DFW
  IAD    596768   170019000    88.5     5435.49       9.1      74.4        0.00    57784320    70.0     4362.39      12.4      88.2        0.00    +24.6      IAD
  LGA    458121    99455700    80.8     3951.93      22.3     111.5     4049.65    64757760    74.0     3572.04      23.6     115.3     6443.11    +10.6      PHL
  LAX    454141   147411500    84.7     4873.93      26.2     112.4     7730.17    39516160    64.0     3646.46      30.0     121.7    33546.08    +33.7      LAX
  MIA    333744   191619200    84.1     5733.82      25.1     109.0     1518.39    35758080    52.0     3497.62      28.8     121.8    11878.47    +63.9      MIA
  SJC    290084   135545900    85.2     4144.56      25.7     117.7     6420.96    31139840    60.0     2666.74      32.2     130.2    37862.26    +55.4      SJC
  IAH    208459   188837800    90.0     4470.89      25.1     103.0      307.24   155668480    87.0     4440.79      25.7     106.5     1185.58     +0.7      DFW
  SEA    189500   166021000    84.0     4714.68      28.2     115.8     7959.58    19159040    49.0     2048.65      38.2     130.4    62912.21   +130.1      SEA
  BOS    172328   101571000    81.5     2065.94      26.5     108.6     2804.31    31416320    60.0     1593.14      29.9     117.0    13422.22    +29.7      BOS
  MSP    147329   182834900    89.1     4020.09      27.0     101.8     1894.39   113653760    82.0     3755.02      28.9     107.4     5352.53     +7.1      ORD
  PHL    146887    99455700    80.8     3666.38      25.0     108.3     1408.15   108779520    82.0     3674.53      24.9     108.0     1260.38     -0.2      PHL
  DEN    124633   107008300    82.7     1982.31      29.8     112.2     9967.44    21207040    55.0     1229.74      32.7     119.8    21612.19    +61.2      DEN
  PHX     93834   147411500    84.7     3344.23      26.4     109.7     2383.90    77158400    74.0     3036.10      29.5     117.3     9418.67    +10.1      LAX
  CLE     89263    85420100    81.0     2595.82      29.2     102.7     3019.40    69478400    78.0     2556.42      30.0     104.8     3917.03     +1.5      PIT
  PIT     72090    85420100    81.0     2347.36      30.7     105.8     4954.46    60938240    76.0     2248.10      32.0     109.0     7422.59     +4.4      PIT
  PDX     66660   166021000    84.0     2501.76      23.4     104.3        0.00   100024320    76.0     2236.58      27.6     112.3     3385.80    +11.9      SEA
  DET     66474    85420100    81.0     1831.32      33.6     115.6    27684.02    69478400    78.0     1820.97      34.9     119.9    36417.80     +0.6      PIT
  LAS     33993   147411500    84.7     1896.71      29.1     125.9     6457.76    36689920    63.0     1331.31      34.9     135.8    20616.99    +42.5      LAX
  SJU     27570   191619200    84.1     2284.50      33.0     143.1     6591.19    35758080    52.0     1371.79      50.6     163.2    42330.07    +66.5      MIA
  OMA     21956   182834900    89.1     2044.31      27.3     106.7     1351.04    24422400    59.0      934.14      33.0     120.1    10311.01   +118.8      ORD
  SAN     21214   147411500    84.7     1747.82      30.6     112.3     9289.38    20848640    55.0      939.22      35.7     122.9    28504.77    +86.1      LAX
  MCI     20732   182834900    89.1     2034.11      38.8     126.5    43596.66    24422400    59.0      895.93      43.0     136.0    71720.96   +127.0      ORD
  HNL     19558   135545900    85.2     1600.75      30.8     164.9     4170.92    22968320    55.0      904.05      74.7     199.6   104245.30    +77.1      SJC
  SAC     17339   135545900    85.2     2265.63      32.4     117.8    11180.84    13813760    47.0      910.75      40.1     131.5    37963.04   +148.8      SJC
  CVG     15445   182834900    89.1     1990.04      32.7     107.9     9292.13    18923520    55.0      721.92      37.9     119.3    24881.33   +175.7      ORD
  RIC     14582   170019000    88.5     1858.51      30.0     109.1     6014.20    15513600    49.0      724.26      35.7     119.6    22506.43   +156.6      IAD
  FSD     11027   182834900    89.1     1953.21      31.2     105.1     2598.64    11008000    47.0      557.12      38.0     120.4    10625.91   +250.6      ORD
---------------------------------------------------------------------------------------------------------------------------------------------------------------------------------
  (no local disk — traffic served by neighbouring metros, Traffic column = client Mbps)
---------------------------------------------------------------------------------------------------------------------------------------------------------------------------------
  CLT    193974           0     0.0        0.00      33.9     110.9    39989.52           0     0.0        0.00      36.1     121.5    63478.34     +0.0        -
  RDU    115395           0     0.0        0.00      36.1     110.7    35271.15           0     0.0        0.00      38.5     121.3    52477.89     +0.0        -
  OKC    101048           0     0.0        0.00      29.8     113.6     8501.16           0     0.0        0.00      32.1     121.9    16810.67     +0.0        -
  SLC     95641           0     0.0        0.00      44.5     134.6    86026.59           0     0.0        0.00      50.6     146.1   143079.46     +0.0        -
  MSY     88686           0     0.0        0.00      36.7     124.8    32114.97           0     0.0        0.00      38.6     130.8    42480.13     +0.0        -
  SAT     88511           0     0.0        0.00      34.1     114.3    19689.34           0     0.0        0.00      35.6     121.5    26937.30     +0.0        -
  BNA     87697           0     0.0        0.00      32.9     113.3    15422.18           0     0.0        0.00      35.5     123.3    26596.80     +0.0        -
  ORL     84960           0     0.0        0.00      32.5     114.6    14005.67           0     0.0        0.00      35.9     127.4    27834.20     +0.0        -
  JAX     79222           0     0.0        0.00      31.7     115.5    11115.05           0     0.0        0.00      34.6     125.7    21095.68     +0.0        -
  TPA     76228           0     0.0        0.00      29.3     108.6     4795.55           0     0.0        0.00      32.6     121.9    13842.52     +0.0        -
  STL     74435           0     0.0        0.00      30.8     113.1     8019.43           0     0.0        0.00      33.7     121.2    16349.40     +0.0        -
  MKE     69540           0     0.0        0.00      33.4     111.5    13160.97           0     0.0        0.00      36.4     120.3    23450.55     +0.0        -
  IND     68370           0     0.0        0.00      33.2     111.2    12527.10           0     0.0        0.00      35.9     120.0    21559.12     +0.0        -
  MEM     66256           0     0.0        0.00      41.9     124.9    44999.14           0     0.0        0.00      44.2     133.8    57680.52     +0.0        -
  CMH     65416           0     0.0        0.00      37.4     115.5    24736.94           0     0.0        0.00      40.0     123.7    36062.38     +0.0        -
  AUS     55984           0     0.0        0.00      32.9     109.7     9345.62           0     0.0        0.00      34.2     115.5    12844.28     +0.0        -
  BWI     45219           0     0.0        0.00      33.1     109.5     7895.46           0     0.0        0.00      35.5     116.4    12954.27     +0.0        -
  MSN     41393           0     0.0        0.00      31.7     107.4     5146.75           0     0.0        0.00      33.9     114.6     8898.42     +0.0        -
  ALB     38227           0     0.0        0.00      32.1     115.7     5778.60           0     0.0        0.00      34.4     121.2     9430.06     +0.0        -
  LEX     36481           0     0.0        0.00      36.6     120.8    12691.14           0     0.0        0.00      39.3     129.3    18886.04     +0.0        -
  SDF     35659           0     0.0        0.00      40.9     122.6    21710.42           0     0.0        0.00      44.1     130.8    30797.64     +0.0        -
  JAN     35032           0     0.0        0.00      40.0     129.1    19596.42           0     0.0        0.00      42.8     137.5    26950.84     +0.0        -
  ABQ     32907           0     0.0        0.00      44.4     132.6    29096.67           0     0.0        0.00      46.5     140.0    35550.79     +0.0        -
  SYR     31293           0     0.0        0.00      43.6     132.2    25821.38           0     0.0        0.00      44.8     135.9    28918.97     +0.0        -
  ROC     22126           0     0.0        0.00      40.9     128.4    13645.85           0     0.0        0.00      42.0     132.1    15605.06     +0.0        -
  PVD     19744           0     0.0        0.00      24.8     102.3       24.89           0     0.0        0.00      28.1     112.3      939.91     +0.0        -
  BUF     18895           0     0.0        0.00      41.2     127.9    12089.83           0     0.0        0.00      42.4     131.9    13807.72     +0.0        -
  BDL     17073           0     0.0        0.00      33.3     113.7     3222.10           0     0.0        0.00      37.3     123.2     6638.05     +0.0        -
  HVN     12797           0     0.0        0.00      21.2     103.7        0.00           0     0.0        0.00      22.3     107.6       66.52     +0.0        -
---------------------------------------------------------------------------------------------------------------------------------------------------------------------------------
TOTAL   5839997                        95549.33                       729809.27                        70086.67                      1489912.39    +36.3         
---------------------------------------------------------------------------------------------------------------------------------------------------------------------------------
