-----------------------------------------------------------------
 Iter   Total Cost ($/mo)    Wtd-avg P50 (ms)    Wtd-avg P95 (ms)
-----------------------------------------------------------------
    1            44302.65               34.60              126.30
    2            46073.74               33.82              125.35
    3            48281.90               33.31              124.65
    4            50840.29               32.88              124.08
    5            53485.73               32.61              123.67
    6            55982.31               32.30              123.18
    7            57853.32               32.17              122.97
    8            59964.13               32.00              122.71
    9            61723.11               31.90              122.49
   10            63959.23               31.75              122.23
   11            64938.85               31.72              122.16
   12            66486.79               31.64              122.04
   13            67673.99               31.61              121.96
   14            69315.99               31.52              121.83
   15            70875.48               31.44              121.67
   16            71869.07               31.40              121.64
   17            72204.93               31.41              121.63
   18            72806.88               31.38              121.60
   19            73134.82               31.38              121.58
   20            73545.77               31.36              121.58
   21            74405.62               31.31              121.43
   22            74180.35               31.32              121.48
   23            74631.86               31.32              121.46
   24            74530.94               31.30              121.45
   25            74584.02               31.32              121.46
   26            74678.66               31.31              121.47
   27            74934.01               31.30              121.43
   28            74756.84               31.30              121.46
   29            74990.68               31.31              121.44
   30            74903.99               31.30              121.46
   31            75036.04               31.31              121.45
   32            75240.38               31.29              121.43
   33            75013.13               31.32              121.47
   34            75457.36               31.27              121.40
-----------------------------------------------------------------
