---------------------------------------------------------------------------------------------------------------------------------------------------------------------------------
Metro   Traffic               ─────────────────── Knee ───────────────────                           ──────────────── Cost-Optimal ────────────────               ΔCost%  KneeSrc
           Mbps    Disk(MB)     HR%    Cost$/mo    p50 ms    p95 ms     Penalty    Disk(MB)     HR%    Cost$/mo    p50 ms    p95 ms     Penalty        %         
---------------------------------------------------------------------------------------------------------------------------------------------------------------------------------
  ORD    392613   256472400    79.0     7859.05      28.0     113.0     5573.79    30208000    58.0     3432.29      32.1     120.9    19122.31   +129.0      ORD
  ATL    339528   405411900    81.4    11337.92      28.0     115.0     6567.66    27996160    53.0     3290.08      33.9     126.9    29794.97   +244.6      ATL
  IAD    283575  1086103700    71.5    28947.12      12.1      87.4        0.00    20879360    35.0     3508.65      22.0      98.0        0.00   +725.0      IAD
  DFW    272037   615240100    81.7    16463.63      22.9     110.8     1373.13    26152960    45.0     3082.32      30.5     124.1    14309.38   +434.1      DFW
  MIA    185504   578821100    83.0    15241.76      25.2     109.7      775.32    19118080    42.0     2224.43      30.3     124.2     7530.97   +585.2      MIA
  LAX    176578   420963400    79.2    11307.17      27.1     115.4     5282.28    16384000    44.0     2014.18      35.6     127.5    41600.35   +461.4      LAX
  LGA    158383    79298300    75.0     2657.85      23.4     114.8     2623.99    10772480    53.0     1476.55      29.0     123.5    11704.67    +80.0      PHL
  SJC    129491   278150000    76.2     7576.83      27.6     123.1     5587.57    10199040    41.0     1493.60      40.0     136.2    51061.83   +407.3      SJC
  SEA    106177   230086900    75.0     6284.54      30.1     120.9     6541.15     8755200    38.0     1286.13      42.7     133.2    46445.38   +388.6      SEA
  PHL     83743    79298300    75.0     2805.51      25.5     110.9     1093.77    40007680    69.0     2587.87      26.8     114.0     2253.35     +8.4      PHL
  MSP     65992   256472400    79.0     4971.73      39.8     126.9    49274.80    35860480    60.0     2557.78      44.7     135.4    83588.92    +94.4      ORD
  IAH     65191   615240100    81.7    10304.98      25.8     107.4      603.53    42680320    52.0     3034.67      32.5     120.6     9480.02   +239.6      DFW
  BOS     53279   242818700    69.4     3971.23      26.7     110.8     1400.41     7034880    29.0      718.44      36.9     122.0    19549.47   +452.8      BOS
  SJU     44495   578821100    83.0     6469.86      59.5     184.8   270172.15    48148480    56.0     1981.05      67.6     194.4   400504.69   +226.6      MIA
  DEN     42393   133648100    71.7     2234.63      30.9     118.6     6588.89     6328320    34.0      548.57      35.8     130.3    17785.43   +307.4      DEN
  PHX     39282   420963400    79.2     7050.69      25.4     105.0      150.49    23592960    49.0     1885.89      34.1     119.0     9151.22   +273.9      LAX
  DET     30360    53491700    68.2     1279.85      37.0     119.7    33327.90    27904000    61.0     1185.74      40.5     126.6    53136.70     +7.9      PIT
  PIT     24792    53491700    68.2     1417.28      37.6     121.1    19979.09    13414400    51.0     1129.95      44.7     130.0    45098.01    +25.4      PIT
  CLE     23627    53491700    68.2     1389.06      32.9     110.6     4009.90    13414400    51.0     1086.47      38.3     118.0    10265.21    +27.9      PIT
  PDX     22184   230086900    75.0     2764.65      23.3     107.1      220.40    21657600    50.0     1065.16      33.7     117.6    11274.86   +159.6      SEA
  MCI     17903   256472400    79.0     2897.23      39.7     130.0    28812.80    18380800    52.0      841.53      46.9     141.2    59760.16   +244.3      ORD
  LAS     13756   420963400    79.2     4503.45      30.2     128.7     3426.44    15267840    43.0      752.53      42.3     143.1    20454.65   +498.4      LAX
  OMA     11009   256472400    79.0     2786.98      29.2     112.8     2170.60    10240000    44.0      573.73      37.1     125.2    12044.30   +385.8      ORD
  SAC     10098   278150000    76.2     4430.43      34.3     123.4     9811.19     6492160    35.0      598.98      48.1     137.0    48506.06   +639.7      SJC
---------------------------------------------------------------------------------------------------------------------------------------------------------------------------------
  (no local disk — traffic served by neighbouring metros, Traffic column = client Mbps)
---------------------------------------------------------------------------------------------------------------------------------------------------------------------------------
  CLT     82271           0     0.0        0.00      35.1     117.8    22423.91           0     0.0        0.00      40.3     130.0    47792.09     +0.0        -
  RDU     50567           0     0.0        0.00      37.8     118.7    20753.77           0     0.0        0.00      43.9     130.0    42387.95     +0.0        -
  OKC     45690           0     0.0        0.00      30.9     118.4     5580.74           0     0.0        0.00      38.5     131.6    21700.96     +0.0        -
  MSY     40256           0     0.0        0.00      38.1     128.0    17870.46           0     0.0        0.00      44.9     140.1    37833.31     +0.0        -
  BNA     39245           0     0.0        0.00      34.4     119.7     9641.99           0     0.0        0.00      40.4     131.9    23243.12     +0.0        -
  ORL     36992           0     0.0        0.00      32.6     115.3     6279.15           0     0.0        0.00      37.3     129.7    14978.50     +0.0        -
  SAT     36129           0     0.0        0.00      36.3     121.6    12206.28           0     0.0        0.00      43.9     135.1    30785.91     +0.0        -
  JAX     34642           0     0.0        0.00      32.6     120.0     6153.17           0     0.0        0.00      38.4     132.1    16219.66     +0.0        -
  TPA     33992           0     0.0        0.00      29.4     109.4     2256.45           0     0.0        0.00      34.0     124.1     8081.74     +0.0        -
  STL     33855           0     0.0        0.00      32.5     118.6     5846.62           0     0.0        0.00      37.0     126.4    12890.56     +0.0        -
  MKE     32962           0     0.0        0.00      35.2     117.5     9073.25           0     0.0        0.00      39.7     125.9    17524.04     +0.0        -
  MEM     30707           0     0.0        0.00      43.0     130.1    23725.40           0     0.0        0.00      49.2     142.3    41264.16     +0.0        -
  SAN     30163           0     0.0        0.00      33.0     118.4     5742.36           0     0.0        0.00      41.9     131.0    20881.27     +0.0        -
  IND     29916           0     0.0        0.00      34.8     117.2     7757.83           0     0.0        0.00      39.1     125.4    14949.38     +0.0        -
  MSN     29858           0     0.0        0.00      33.0     114.1     5428.06           0     0.0        0.00      37.9     122.8    12592.63     +0.0        -
  RIC     26657           0     0.0        0.00      36.0     121.2     8530.03           0     0.0        0.00      45.2     131.6    25276.22     +0.0        -
  SLC     25651           0     0.0        0.00      47.1     140.0    29261.11           0     0.0        0.00      61.1     153.7    72969.40     +0.0        -
  AUS     23523           0     0.0        0.00      34.2     115.5     5352.15           0     0.0        0.00      40.9     128.7    14594.12     +0.0        -
  CMH     19176           0     0.0        0.00      43.2     128.4    15107.77           0     0.0        0.00      52.7     138.2    32812.47     +0.0        -
  SDF     16724           0     0.0        0.00      42.9     128.1    12726.00           0     0.0        0.00      47.5     136.3    19542.70     +0.0        -
  BWI     16364           0     0.0        0.00      34.6     117.9     4116.66           0     0.0        0.00      43.8     127.8    13632.56     +0.0        -
  SYR     13592           0     0.0        0.00      44.6     135.4    12355.20           0     0.0        0.00      49.6     143.9    18849.55     +0.0        -
  CVG     11916           0     0.0        0.00      39.3     119.2     5939.50           0     0.0        0.00      48.0     129.3    14281.60     +0.0        -
  ALB     11037           0     0.0        0.00      35.6     122.5     3354.63           0     0.0        0.00      40.3     131.0     6418.20     +0.0        -
  FSD     10085           0     0.0        0.00      35.5     116.6     2922.25           0     0.0        0.00      41.1     126.0     6311.84     +0.0        -
---------------------------------------------------------------------------------------------------------------------------------------------------------------------------------
TOTAL   2591990                       166953.42                       725772.01                        42356.58                      1612236.87   +294.2         
---------------------------------------------------------------------------------------------------------------------------------------------------------------------------------
