ttfb_le_5_ms,ttfb_le_10_ms,ttfb_le_15_ms,ttfb_le_20_ms,ttfb_le_25_ms,ttfb_le_30_ms,ttfb_le_35_ms,ttfb_le_40_ms,ttfb_le_45_ms,ttfb_le_50_ms,ttfb_le_55_ms,ttfb_le_60_ms,ttfb_le_65_ms,ttfb_le_70_ms,ttfb_le_75_ms,ttfb_le_80_ms,ttfb_le_85_ms,ttfb_le_90_ms,ttfb_le_95_ms,ttfb_le_100_ms,ttfb_le_150_ms,ttfb_le_200_ms,ttfb_le_300_ms,ttfb_le_400_ms,ttfb_le_500_ms,ttfb_le_1000_ms,ttfb_gt_1000_ms,bytes_sent,requests,is_cache_hit,client_metro,region,maprule
0,0,0,0,0,0,0,0,0,0,1,1,1,1,1,1,1,1,1,1,1,1,1,1,1,1,0,6517,1,1,1173,52590,dscw80
0,0,0,0,2,2,2,2,2,2,2,2,2,2,2,2,2,2,2,2,2,2,2,2,2,2,0,8526513,2,1,1151,49440,dscw80
0,0,0,0,1,1,2,2,2,2,2,2,2,2,2,2,2,2,2,2,2,2,2,2,2,2,0,1175370,2,0,1152,49634,dscw80
0,0,1,1,1,1,1,1,1,1,1,1,1,1,1,1,1,1,1,1,1,1,1,1,1,1,0,257422,1,1,1152,49634,dscw80
0,0,0,0,0,0,0,0,0,0,0,0,0,0,0,0,0,0,0,0,0,1,1,1,1,1,0,1801253,1,0,1152,49634,dscw80
0,0,0,0,0,0,1,1,1,1,1,1,1,1,1,1,1,1,1,1,1,1,1,1,1,1,0,257762,1,1,1152,49634,dscw80
0,0,0,0,0,1,1,1,1,1,1,1,1,1,1,1,1,1,1,1,1,1,1,1,1,1,0,2306,1,0,1151,49440,dscw80
0,0,0,0,0,0,0,0,0,0,0,0,0,0,0,0,2,2,2,2,6,6,6,6,6,6,0,10573093,6,0,1173,52590,dscw80
0,0,0,0,0,0,0,0,0,0,0,0,0,0,0,0,0,0,0,0,0,1,1,1,1,1,0,1970046,1,0,1152,49634,dscw80
0,0,0,0,0,0,0,0,1,1,1,1,2,2,2,2,2,2,2,2,2,2,2,2,2,2,0,16671466,2,0,1151,49634,dscw80
0,0,0,0,0,0,0,0,0,0,0,0,0,0,1,1,1,1,1,1,1,1,1,1,1,1,0,8788401,1,0,1152,49634,dscw80
0,0,0,0,0,0,0,0,0,1,1,1,1,1,1,1,2,2,2,2,2,2,2,2,2,2,0,8325021,2,0,1152,49634,dscw80
0,0,0,0,0,0,0,0,0,1,1,1,1,1,1,1,1,1,1,1,1,1,1,1,1,1,0,258816,1,1,1173,52590,dscw80
0,0,0,0,0,0,1,1,1,1,1,1,1,1,1,1,1,1,1,1,1,1,1,1,1,1,0,17368027,1,1,1151,49440,dscw80
0,0,0,0,0,0,0,0,1,1,1,1,1,1,1,1,1,1,1,1,1,1,1,1,1,1,0,258129,1,1,1151,49634,dscw80
0,0,0,0,0,0,0,0,0,0,0,0,0,0,0,0,0,1,1,1,1,1,1,1,1,1,0,257671,1,0,1151,49634,dscw80
0,0,0,0,0,1,1,1,1,1,1,1,1,1,2,2,2,2,2,2,2,2,2,2,2,2,0,515277,2,1,1152,49634,dscw80
0,0,0,0,0,0,2,2,2,2,2,2,2,2,2,2,2,2,2,2,2,2,2,2,2,2,0,264158,2,1,1152,49634,dscw80
0,0,0,0,1,1,1,1,1,1,1,1,1,1,1,1,1,1,1,1,1,1,1,1,1,1,0,257717,1,0,1152,49634,dscw80
0,0,0,0,0,0,1,1,1,1,1,1,1,1,1,1,1,1,1,1,1,1,1,1,1,1,0,257853,1,1,1152,49634,dscw80
0,0,0,0,1,1,1,1,1,1,1,1,1,1,1,1,1,1,1,1,1,1,1,1,1,1,0,6530,1,1,1173,52590,dscw80
0,0,0,1,8,20,22,30,32,36,42,51,58,59,60,63,67,67,71,72,90,95,98,101,101,102,0,234722841,102,0,1173,52590,dscw80
0,0,0,0,0,1,1,1,1,1,1,1,1,1,1,1,1,1,1,1,1,1,1,1,1,1,0,2200,1,0,1152,49634,dscw80
0,0,0,0,2,2,2,2,3,3,3,3,3,3,3,3,3,3,3,3,3,3,3,3,3,3,0,9341578,3,0,1151,49440,dscw80
0,0,0,0,0,0,0,0,0,1,1,1,1,1,1,1,1,1,1,1,1,1,1,1,1,1,0,9708,1,1,1152,49634,dscw80
0,0,0,1,2,2,4,4,4,4,4,4,4,4,4,4,4,4,4,4,4,5,5,5,5,5,0,524973,5,0,1152,49634,dscw80
0,0,0,0,0,1,1,1,1,1,1,1,1,3,3,3,3,3,4,4,4,4,4,4,4,4,0,4883173,4,0,1181,49634,dscw80
0,0,0,0,0,0,0,0,0,0,0,0,0,0,0,0,0,0,0,0,1,1,1,1,1,1,0,1599,1,0,1181,53188,dscw80
0,0,0,0,0,0,0,1,1,1,1,2,2,2,2,2,2,2,2,2,2,2,2,2,2,2,0,5034,2,0,1152,49634,dscw80
0,0,0,0,0,0,0,0,0,0,1,1,2,2,2,2,2,2,2,2,2,2,2,2,2,2,0,129583,2,1,1152,49634,dscw80
0,0,0,0,0,0,0,0,0,0,0,0,0,0,0,0,0,0,0,0,0,0,0,1,1,1,0,64807,1,0,1173,52590,dscw80
0,0,0,0,0,7,28,42,59,74,84,94,106,112,123,125,129,131,131,133,146,158,161,162,163,165,1,363451456,166,0,1152,49634,dscw80
0,0,0,0,0,0,0,0,0,1,1,1,1,1,1,1,1,1,1,1,1,1,1,1,1,1,0,3485593,1,0,1152,49634,dscw80
0,0,0,0,0,0,0,0,0,0,0,0,1,1,1,1,1,1,1,1,1,1,1,1,1,1,0,129078,1,0,1152,49634,dscw80
0,0,0,0,0,0,0,0,0,1,1,1,1,1,1,1,1,1,1,1,1,1,1,1,1,1,0,5449555,1,0,1152,49634,dscw80
0,0,0,1,2,2,3,4,4,4,5,5,5,5,5,5,5,5,5,5,5,5,5,5,5,5,0,54049,5,1,1152,49634,dscw80
0,0,0,0,0,0,0,0,0,0,0,0,0,0,0,0,0,0,0,1,1,1,1,1,1,1,0,257948,1,0,1173,52590,dscw80
0,0,0,1,1,1,1,1,1,1,1,1,1,1,1,1,1,1,1,1,1,1,1,1,1,1,0,128683,1,0,1152,49634,dscw80
0,0,0,0,0,0,0,0,1,1,1,1,1,1,2,2,2,3,3,3,3,3,3,3,3,3,0,3409301,3,0,1181,53188,dscw80
0,0,0,0,0,0,0,0,0,0,0,0,0,0,0,0,0,0,2,2,2,3,3,3,3,3,0,9328366,3,0,1173,49440,dscw80
0,0,0,0,1,7,19,39,55,65,74,91,98,105,111,114,115,119,122,124,133,136,144,149,150,150,0,477047666,150,0,1152,49634,dscw80
0,0,0,0,2,2,2,2,2,2,2,2,2,2,2,2,2,2,2,2,2,2,2,2,2,2,0,7531873,2,1,1152,49634,dscw80
0,0,0,0,0,1,2,3,5,5,7,7,7,7,8,8,9,10,10,10,12,12,13,13,14,15,0,48874994,15,0,1173,52590,dscw80
0,0,0,0,0,0,0,0,0,0,0,1,1,1,1,1,1,1,1,1,1,1,1,1,1,1,0,7821119,1,1,1173,52590,dscw80
0,0,0,0,0,0,1,1,1,1,1,1,1,1,1,1,1,1,1,1,1,1,1,1,1,1,0,1189,1,0,1173,52590,dscw80
0,0,0,0,0,0,0,0,0,0,0,0,0,0,0,0,0,0,0,0,1,1,1,1,1,1,0,129233,1,1,1173,52590,dscw80
0,0,0,0,0,0,0,1,1,1,1,1,1,1,1,1,1,1,1,1,1,1,1,1,1,1,0,3696541,1,0,1151,49440,dscw80
0,0,0,0,0,1,1,1,1,1,1,3,3,3,4,4,5,5,5,5,6,6,6,6,6,6,0,9639863,6,0,1173,52590,dscw80
0,0,0,0,0,0,1,1,1,1,1,1,1,1,1,1,1,1,1,1,1,1,1,1,1,1,0,257912,1,1,1152,49634,dscw80
0,0,0,0,0,0,0,0,0,0,0,0,0,0,0,0,0,0,0,0,0,1,1,1,1,1,0,737227,1,1,1173,49440,dscw80
0,0,0,0,0,0,1,1,1,1,1,1,1,1,1,1,1,1,1,1,1,1,1,1,1,1,0,5394276,1,0,1152,49634,dscw80
0,0,0,0,0,0,0,0,0,0,0,0,0,0,0,0,0,0,0,0,0,1,1,1,1,1,0,1523776,1,0,1173,52590,dscw80
0,0,0,0,0,0,1,1,1,1,1,2,2,2,2,2,2,2,2,2,2,2,2,2,2,2,0,515062,2,0,1152,49634,dscw80
0,0,0,0,0,0,0,0,0,1,1,1,1,1,1,1,1,1,1,1,1,1,1,1,1,1,0,2419,1,1,1152,49634,dscw80
0,0,1,1,1,1,1,1,1,1,1,1,1,1,1,1,1,1,1,1,1,1,1,1,1,1,0,226667,1,1,1181,53188,dscw80
0,0,1,1,2,5,5,6,6,7,8,8,10,10,11,11,11,11,11,11,11,11,11,11,11,11,0,26993053,11,0,1152,49634,dscw80
0,0,0,0,0,0,0,0,0,1,1,1,1,1,1,1,1,1,1,1,2,2,2,2,2,2,0,13521050,2,0,1152,49634,dscw80
0,0,0,0,0,1,1,1,1,1,1,1,1,1,1,1,1,1,1,1,1,1,1,1,1,1,0,1415,1,1,1152,49634,dscw80
0,0,0,0,0,1,1,1,1,1,1,1,1,1,1,1,1,1,1,1,1,1,1,1,1,1,0,7191962,1,1,1152,49634,dscw80
0,0,0,0,0,0,0,0,0,0,0,0,0,0,1,1,1,1,1,1,1,1,1,1,1,1,0,5976065,1,0,1151,49440,dscw80
0,0,0,1,1,1,1,1,1,1,1,1,1,1,1,1,1,1,1,1,1,1,1,1,1,1,0,1803,1,1,1152,49634,dscw80
0,0,0,0,1,1,1,1,1,1,1,1,1,1,1,1,1,1,1,1,1,1,1,1,1,1,0,257802,1,0,1173,52590,dscw80
0,0,0,0,0,0,0,0,1,1,1,1,1,1,1,1,1,1,1,1,1,1,1,1,1,1,0,1683,1,1,1152,49634,dscw80
0,0,0,3,9,12,14,20,22,24,25,25,27,27,27,27,27,27,27,27,28,28,29,29,29,29,0,111195085,29,0,1152,49634,dscw80
0,0,0,0,0,2,2,2,2,2,2,3,3,3,3,3,3,3,3,3,4,4,4,4,4,4,0,1267871,4,0,1181,49634,dscw80
0,0,0,0,0,0,1,1,1,1,1,1,1,1,1,1,1,1,1,1,1,1,1,1,1,1,0,2065,1,0,1181,49634,dscw80
0,0,0,0,0,0,0,0,0,0,1,1,1,1,1,1,1,1,1,1,1,1,1,1,1,1,0,3915,1,1,1173,52590,dscw80
0,0,0,0,0,1,1,1,1,1,1,1,1,1,1,1,1,1,1,1,1,1,1,1,1,1,0,258142,1,1,1152,49634,dscw80
0,0,0,0,0,1,1,1,1,1,1,1,1,1,1,1,1,1,1,1,1,1,1,1,1,1,0,9141652,1,1,1181,49634,dscw80
0,0,0,0,1,1,1,1,1,1,1,1,1,1,1,1,1,1,1,1,1,1,1,1,1,1,0,226834,1,1,1173,52590,dscw80
0,0,0,0,0,0,0,0,0,0,0,1,1,1,1,2,2,2,2,2,2,3,3,3,3,3,0,345093,3,0,1152,49634,dscw80
0,0,0,0,0,0,0,0,0,0,0,0,0,0,0,0,0,0,0,0,1,1,1,1,1,1,0,64089,1,1,1151,49440,dscw80
0,0,0,0,0,0,1,1,1,1,2,2,2,2,2,2,2,2,2,2,2,2,2,2,2,2,0,131475,2,1,1152,49634,dscw80
0,0,0,0,0,0,0,0,0,0,0,0,0,0,0,0,0,0,0,0,1,1,1,1,1,1,0,819417,1,1,1181,53188,dscw80
0,0,0,0,12,31,44,48,56,58,64,73,78,81,86,92,93,95,99,100,109,117,122,125,128,130,0,267661147,130,0,1173,52590,dscw80
0,0,0,1,1,1,1,1,1,1,1,1,1,1,1,1,1,1,1,1,1,1,1,1,1,1,0,4494159,1,0,1151,49440,dscw80
0,0,0,0,0,1,1,1,1,1,1,1,1,1,1,1,1,1,1,1,1,1,1,1,1,1,0,257545,1,1,1151,49440,dscw80
0,0,0,0,0,0,1,2,2,3,3,4,4,4,4,4,4,4,4,4,6,6,6,6,6,6,0,1633066,6,0,1152,49634,dscw80
0,0,0,0,0,0,1,2,2,2,2,2,2,2,2,2,2,2,2,2,2,2,2,2,2,2,0,16875370,2,0,1173,52590,dscw80
0,0,0,0,0,0,0,0,0,0,0,0,0,0,0,0,1,1,1,1,1,1,1,1,1,1,0,9532,1,1,1152,49634,dscw80
0,0,0,2,5,6,10,10,15,16,18,18,19,21,21,22,25,26,26,26,27,28,30,30,30,30,0,84743619,30,0,1152,49634,dscw80
0,0,0,0,0,0,1,1,1,1,1,1,1,1,2,2,2,2,2,2,2,2,2,2,2,2,0,6077856,2,0,1173,52590,dscw80
0,0,0,0,2,2,2,2,2,2,2,2,2,2,2,2,2,2,2,2,2,2,2,2,2,2,0,133657,2,0,1151,49440,dscw80
0,0,0,1,1,1,1,1,1,1,1,1,1,1,1,1,1,1,1,1,1,1,1,1,1,1,0,33210,1,0,1181,49634,dscw80
0,0,0,1,1,1,1,1,1,1,1,1,1,1,1,1,1,1,1,1,1,1,1,1,1,1,0,257481,1,1,1152,49634,dscw80
0,0,0,0,0,1,2,2,3,3,4,4,5,6,6,6,6,6,6,6,6,6,6,6,6,6,0,18657695,6,0,1181,49634,dscw80
0,0,0,0,0,0,0,0,0,0,0,0,0,0,0,0,0,0,0,0,0,1,1,1,1,1,0,5696730,1,0,1173,52590,dscw80
0,0,0,0,0,1,1,1,1,1,1,1,1,1,1,1,1,1,1,1,1,1,1,1,1,1,0,2067,1,1,1152,49634,dscw80
0,0,0,0,0,0,0,1,1,1,1,1,1,1,1,1,1,1,1,1,1,2,2,2,2,2,0,3830023,2,0,1152,52590,dscw80
0,2,2,2,2,2,2,2,2,2,2,2,2,2,2,2,2,2,2,2,2,2,2,2,2,2,0,256420,2,1,1181,53188,dscw80
0,0,0,0,0,2,2,3,3,3,4,4,4,4,4,5,5,5,5,5,5,5,6,6,6,6,0,141734,6,1,1152,49634,dscw80
0,0,0,0,0,1,1,1,2,2,2,3,3,3,3,3,3,3,3,3,3,3,3,3,3,3,0,3300968,3,0,1152,49634,dscw80
0,0,0,0,0,0,0,1,1,1,1,1,1,1,1,1,1,1,1,1,1,1,1,1,1,1,0,277312,1,0,1152,49634,dscw80
0,0,0,0,0,0,0,1,1,3,3,3,3,4,5,5,6,6,7,7,7,7,7,8,8,8,0,4272104,8,0,1152,49634,dscw80
0,0,0,0,1,2,3,5,5,5,6,7,7,7,7,7,7,7,7,7,7,7,7,7,7,7,0,16690421,7,0,1173,52590,dscw80
0,0,0,0,0,0,0,1,1,1,1,1,1,1,1,1,1,1,1,1,1,1,1,1,1,1,0,202103,1,1,1173,52590,dscw80
0,0,0,0,0,0,0,0,1,1,1,1,1,1,1,1,1,1,1,1,1,1,1,1,1,1,0,2347,1,1,1152,49634,dscw80
0,0,0,0,0,0,0,0,0,0,1,1,1,1,1,1,1,1,1,1,1,1,1,2,2,2,0,259755,2,1,1173,52590,dscw80
0,0,0,0,0,0,0,1,2,2,2,2,2,2,2,2,2,2,2,2,2,2,2,2,2,2,0,4134706,2,0,1151,49440,dscw80
0,0,0,0,0,0,0,0,0,0,0,0,0,0,0,0,0,0,0,0,1,1,1,1,1,1,0,1990223,1,1,1151,53188,dscw80
0,0,0,0,0,0,0,0,2,2,2,2,2,2,2,2,2,2,2,2,2,2,2,2,2,2,0,324743,2,0,1152,49634,dscw80
0,0,0,0,0,0,0,0,0,0,0,0,0,0,0,0,1,1,1,1,2,2,2,2,2,2,0,256717,2,0,1152,49634,dscw80
0,0,0,0,0,0,0,0,0,0,0,0,0,0,0,0,0,0,0,0,0,1,1,1,1,1,0,128097,1,0,1151,49634,dscw80
0,0,0,0,0,0,0,0,0,0,0,0,0,0,0,1,1,1,1,1,1,1,1,1,1,1,0,8144283,1,0,1181,53188,dscw80
0,0,0,0,0,0,0,1,1,1,1,1,1,1,1,1,1,1,1,1,1,1,1,1,1,1,0,131881,1,0,1152,49634,dscw80
0,0,0,0,0,0,0,0,0,0,0,0,0,0,1,1,1,1,1,1,1,1,1,1,1,1,0,2947139,1,0,1151,49440,dscw80
0,0,0,1,2,5,7,10,14,17,19,21,23,24,25,26,27,28,28,29,31,31,33,33,33,34,0,129382879,34,0,1151,49440,dscw80
0,0,0,0,0,0,1,1,1,1,1,1,1,1,1,1,1,1,1,1,1,1,1,1,1,1,0,257573,1,0,1173,52590,dscw80
0,0,0,3,3,3,3,3,3,3,3,3,3,3,3,3,3,3,3,3,3,3,3,3,3,3,0,7127391,3,0,1181,49634,dscw80
0,0,0,1,3,3,3,4,4,5,5,7,7,7,8,8,8,8,8,9,10,10,10,10,10,10,0,28969034,10,0,1152,49634,dscw80
0,0,0,0,0,0,0,0,0,1,3,4,4,4,4,4,4,4,4,4,5,5,5,5,5,5,0,9667940,5,0,1173,52590,dscw80
0,0,0,0,0,0,0,0,0,0,0,0,1,1,1,1,1,1,1,1,1,1,1,1,1,1,0,131815,1,1,1152,49634,dscw80
0,0,1,1,2,3,3,4,4,5,5,5,6,6,6,6,6,6,6,6,6,6,6,6,6,6,0,11882336,6,1,1152,49634,dscw80
0,0,0,0,0,1,1,1,1,1,1,1,1,1,1,1,1,1,1,1,1,1,1,1,1,1,0,645775,1,0,1173,52590,dscw80
0,0,0,0,0,0,0,0,0,0,0,1,1,1,1,1,1,1,1,1,2,2,2,2,2,2,0,515487,2,1,1173,52590,dscw80
0,0,0,0,0,0,0,1,1,1,1,1,1,1,1,1,1,1,1,1,1,1,1,1,1,1,0,1459,1,1,1152,49634,dscw80
0,0,0,0,0,0,0,0,0,1,1,1,1,2,2,2,3,3,3,3,4,4,4,4,4,4,0,4301029,4,0,1181,49634,dscw80
0,0,0,0,0,0,1,1,1,1,1,1,1,1,1,1,1,1,1,1,1,1,1,1,1,1,0,9567939,1,0,1152,49634,dscw80
0,0,0,0,0,0,0,1,1,2,3,8,8,8,9,9,11,11,11,11,12,13,16,16,16,16,0,55698075,16,0,1152,49634,dscw80
0,0,0,0,0,0,0,0,0,0,0,0,0,0,1,1,1,1,1,1,1,1,1,1,1,1,0,43343,1,1,1152,49634,dscw80
0,0,0,0,0,0,0,1,1,1,1,1,1,1,1,1,1,1,1,1,1,1,1,1,1,1,0,1425,1,1,1152,49634,dscw80
0,0,0,0,0,0,0,0,1,1,1,1,1,1,1,1,1,1,1,1,1,1,1,1,1,1,0,11346439,1,0,1173,52590,dscw80
0,0,0,0,0,1,1,1,1,1,1,1,1,1,1,1,1,1,1,1,1,1,1,1,1,1,0,2714789,1,1,1152,49634,dscw80
0,0,0,1,1,1,1,1,1,2,2,2,2,2,2,2,2,2,2,2,2,2,2,2,2,2,0,8787498,2,1,1152,49634,dscw80
0,0,0,4,6,7,7,8,8,8,8,8,8,8,8,8,8,8,8,8,8,8,8,8,8,8,0,2059866,8,1,1151,49440,dscw80
0,1,1,1,1,1,1,1,1,1,1,1,1,1,1,1,1,1,1,1,1,1,1,1,1,1,0,2399080,1,1,1152,49634,dscw80
0,0,0,0,0,0,0,0,0,0,0,0,0,0,0,0,0,1,1,1,1,1,2,2,2,2,0,3565947,2,1,1151,49440,dscw80
0,0,0,0,0,0,0,0,1,1,1,1,1,1,1,1,1,1,1,1,2,2,2,2,2,2,0,4729,2,0,1173,52590,dscw80
0,0,0,0,0,0,0,0,0,0,0,0,0,0,1,1,1,1,1,1,1,1,1,1,1,1,0,64930,1,0,1173,52590,dscw80
0,0,0,0,0,0,0,0,0,0,0,0,0,1,1,1,1,1,1,1,1,1,1,1,1,1,0,257564,1,1,1152,49634,dscw80
0,0,0,0,0,0,1,1,1,1,1,1,1,1,1,1,1,1,1,1,1,1,1,1,1,1,0,259552,1,1,1152,49634,dscw80
0,0,0,0,0,0,0,0,0,0,0,0,0,0,1,1,1,1,1,1,1,1,1,1,1,1,0,43494,1,0,1152,49634,dscw80
0,0,0,0,0,0,1,1,1,1,1,1,1,1,2,2,2,2,2,2,5,5,5,5,5,5,0,8937177,5,0,1173,52590,dscw80
0,0,0,0,0,2,3,3,3,4,4,5,5,5,6,6,6,6,6,6,6,7,7,7,7,7,0,4744077,7,0,1152,49634,dscw80
0,0,0,0,0,0,0,0,0,0,0,0,0,0,0,0,0,0,0,0,0,2,2,2,2,2,0,130733,2,0,1173,52590,dscw80
0,0,0,1,1,1,1,1,1,1,1,1,1,1,1,1,1,1,1,1,1,1,1,1,1,1,0,2289,1,1,1152,49634,dscw80
0,0,0,0,0,0,1,1,2,2,2,2,2,2,2,2,3,3,3,3,3,3,3,3,3,3,0,7870325,3,0,1173,52590,dscw80
0,0,0,0,0,0,0,0,1,1,1,1,1,1,1,1,1,1,1,1,1,1,1,1,1,1,0,2513,1,0,1151,49440,dscw80
0,0,0,0,0,0,0,0,0,0,0,0,0,0,0,0,0,0,0,0,1,1,1,1,1,1,0,257536,1,1,1173,52590,dscw80
0,0,0,0,0,0,0,0,1,1,1,1,1,1,1,1,1,1,1,1,1,1,1,1,1,1,0,3357542,1,0,1152,49634,dscw80
0,0,0,0,0,0,1,1,3,5,6,8,12,13,14,14,14,14,15,15,20,23,23,23,23,23,0,62161447,23,0,1152,49634,dscw80
0,0,0,0,0,0,0,0,0,0,0,0,0,0,0,0,0,0,0,0,0,0,0,0,1,1,0,4946959,1,0,1181,49634,dscw80
0,0,0,0,0,0,0,0,0,0,0,0,0,1,1,1,1,1,1,1,1,2,2,2,2,2,0,1807743,2,0,1152,49634,dscw80
0,0,0,0,0,0,0,0,0,0,0,0,0,0,0,0,0,0,1,1,1,1,1,1,1,1,0,2312771,1,0,1152,49634,dscw80
0,0,0,0,0,0,0,1,2,4,4,4,5,5,6,6,6,6,6,6,6,6,6,6,6,6,0,20695769,6,0,1152,49634,dscw80
0,0,0,0,0,3,4,5,5,5,5,5,5,5,5,5,5,5,5,5,6,6,6,6,6,6,0,14416711,6,0,1152,49634,dscw80
0,0,0,0,0,0,0,0,2,2,7,10,16,18,19,19,22,24,25,25,30,31,37,37,37,42,0,50690137,42,0,1152,49634,dscw80
0,0,0,0,0,0,0,0,0,0,0,0,0,0,0,0,0,0,0,0,1,1,1,1,1,1,0,2583780,1,0,1152,49634,dscw80
0,0,0,0,0,0,1,3,3,5,5,5,6,6,6,6,6,6,6,6,6,6,6,6,6,6,0,16228287,6,1,1173,52590,dscw80
0,0,0,0,0,0,0,0,1,1,1,2,2,2,2,2,2,2,2,2,2,2,2,2,2,2,0,515687,2,0,1151,49634,dscw80
0,0,0,0,1,1,2,3,3,3,4,5,5,5,5,5,5,5,5,5,5,5,5,5,5,5,0,8949981,5,1,1152,49634,dscw80
0,0,0,0,0,1,1,2,2,2,2,2,2,2,2,2,2,2,2,2,2,2,2,2,2,2,0,4111,2,1,1152,49634,dscw80
0,0,0,0,0,0,0,0,0,0,0,0,0,1,1,1,1,1,1,1,1,1,1,1,1,1,0,43823,1,0,1173,52590,dscw80
0,0,0,0,0,0,1,1,2,2,2,3,3,3,3,3,3,3,4,4,4,4,4,4,4,4,0,524105,4,0,1151,49634,dscw80
0,0,0,1,4,5,6,6,6,6,6,6,6,6,7,7,7,7,7,7,7,7,7,7,7,7,0,7857168,7,0,1152,49634,dscw80
0,0,1,1,1,1,1,1,1,1,1,1,1,1,1,1,1,1,1,1,1,1,1,1,1,1,0,257416,1,1,1151,49440,dscw80
0,0,0,0,0,0,0,1,1,1,1,1,1,1,1,1,1,1,1,1,1,1,1,1,1,1,0,1920,1,0,1152,49634,dscw80
0,0,0,0,0,2,2,2,2,2,2,2,2,2,2,2,2,2,2,2,2,3,3,4,4,4,0,9753523,4,0,1173,52590,dscw80
0,0,0,0,0,0,1,1,1,1,1,1,1,1,1,1,1,1,1,1,1,1,1,1,1,1,0,165392,1,0,1152,49634,dscw80
0,0,0,0,0,0,0,0,0,0,0,0,0,0,0,0,0,0,0,0,1,1,1,1,1,1,0,11652009,1,0,1173,52590,dscw80
0,0,0,0,0,0,0,0,0,0,0,1,1,1,1,1,1,1,1,1,1,1,1,1,1,1,0,1639,1,1,1152,49634,dscw80
0,0,4,7,11,17,22,26,30,31,33,33,33,34,34,34,36,36,36,38,42,44,48,48,48,48,0,104572785,48,0,1181,53188,dscw80
0,0,0,0,1,4,7,7,8,8,8,10,10,10,10,10,10,11,12,12,13,14,16,18,18,19,1,32347596,20,0,1173,52590,dscw80
0,0,0,0,0,0,0,0,0,0,0,0,0,0,0,0,0,0,0,0,1,1,1,1,1,1,0,2044,1,1,1152,49634,dscw80
0,0,1,1,1,1,1,1,1,1,1,1,1,1,1,1,1,1,1,1,1,1,1,1,1,1,0,6713999,1,0,1151,49440,dscw80
0,0,0,0,0,0,0,1,1,2,4,5,5,5,5,6,6,8,8,8,8,8,8,8,8,8,0,28313577,8,0,1152,49634,dscw80
0,0,0,0,0,0,0,0,0,0,0,0,0,1,1,1,1,1,1,1,2,2,2,2,2,2,0,5489373,2,0,1181,53188,dscw80
0,0,0,0,0,0,0,0,1,1,1,1,1,1,1,1,1,1,1,1,1,1,1,1,1,1,0,257628,1,0,1152,49634,dscw80
0,0,0,0,1,1,1,1,1,1,1,1,1,1,1,1,1,1,1,1,1,1,1,1,1,1,0,2824,1,1,1152,49634,dscw80
0,3,4,4,4,4,4,4,4,4,4,4,4,4,4,4,4,4,4,4,4,4,4,4,4,4,0,10144314,4,1,1181,53188,dscw80
0,0,0,0,2,3,3,3,3,4,4,4,4,4,4,4,5,5,5,5,6,6,6,6,6,6,0,32146369,6,1,1152,49634,dscw80
0,0,0,2,4,4,4,4,4,5,5,5,5,5,5,5,5,5,5,5,5,5,5,5,5,5,0,9381922,5,0,1152,49634,dscw80
0,0,0,0,0,0,0,0,0,0,0,0,0,0,0,1,1,1,1,1,1,1,2,2,2,2,0,1464252,2,0,1152,49634,dscw80
0,0,0,0,1,4,6,6,7,8,8,11,11,12,12,12,12,12,12,13,13,14,14,14,14,14,1,14660223,15,0,1173,52590,dscw80
0,0,0,0,0,1,1,1,1,1,1,1,1,1,1,1,1,1,1,1,1,1,1,1,1,1,0,2793966,1,0,1173,52590,dscw80
0,0,0,0,0,1,1,1,1,1,1,1,1,1,1,1,1,1,1,1,1,1,1,1,1,1,0,1840,1,1,1152,49634,dscw80
0,0,0,0,0,1,1,1,1,1,1,1,1,1,1,1,1,1,1,1,1,1,1,2,2,2,0,4117117,2,0,1151,49440,dscw80
0,0,0,0,0,0,0,0,0,0,0,1,1,1,1,1,1,1,1,1,1,1,1,1,1,1,0,129396,1,0,1151,49634,dscw80
0,0,0,0,0,0,0,2,2,3,4,6,6,7,7,9,11,11,12,12,15,17,17,17,17,17,0,38778195,17,0,1173,52590,dscw80
0,0,0,0,1,1,1,1,1,1,1,1,1,1,1,1,1,1,1,1,1,1,1,1,1,1,0,10490,1,1,1152,49634,dscw80
0,0,0,0,0,0,0,1,1,2,2,2,2,2,2,2,2,2,2,3,4,4,4,4,4,4,0,77762,4,1,1152,49634,dscw80
0,0,0,1,3,4,5,5,5,5,5,6,7,7,9,9,9,10,10,10,10,10,10,10,10,10,0,22557222,10,0,1173,52590,dscw80
0,0,0,1,1,1,1,1,1,1,1,1,1,1,1,1,1,1,1,1,1,1,1,1,1,1,0,2721,1,0,1152,49634,dscw80
0,0,0,0,1,1,1,2,2,2,3,3,3,3,3,3,3,3,3,3,3,3,3,3,3,3,0,358621,3,0,1173,52590,dscw80
0,0,0,0,0,0,0,0,1,1,1,1,1,1,1,1,1,1,1,1,1,1,1,1,1,1,0,128425,1,0,1151,49634,dscw80
0,0,0,0,3,4,4,5,5,5,5,5,5,5,5,5,5,5,5,6,7,7,8,9,9,9,0,19525322,9,0,1173,52590,dscw80
0,0,0,0,0,0,1,1,1,1,1,1,1,1,1,1,1,2,2,2,2,2,2,2,2,2,0,66990,2,1,1151,49440,dscw80
0,0,0,0,0,0,0,0,0,0,0,0,1,1,1,1,1,1,1,1,1,1,1,1,1,1,0,166727,1,0,1152,49634,dscw80
0,0,0,0,0,1,1,1,1,1,1,1,1,1,1,1,1,1,1,1,1,1,1,1,1,1,0,15479418,1,0,1152,49634,dscw80
0,0,0,0,0,0,0,0,5,6,9,12,12,14,15,15,15,16,16,16,17,17,19,19,19,19,0,32441549,19,0,1151,49440,dscw80
0,0,0,0,0,0,0,0,0,0,0,0,0,0,0,0,0,0,0,1,1,1,1,1,1,1,0,1059901,1,1,1173,52590,dscw80
0,0,1,1,1,2,2,4,5,5,5,6,7,7,8,8,9,9,9,9,10,10,10,11,12,12,0,15804838,12,0,1181,53188,dscw80
0,0,0,0,0,0,0,0,0,0,0,0,0,0,1,1,1,1,1,1,2,2,2,2,2,2,0,3518096,2,0,1151,49634,dscw80
0,0,0,0,1,1,1,1,1,1,1,1,1,1,1,1,1,1,1,1,1,1,1,1,1,1,0,257774,1,1,1173,52590,dscw80
0,0,0,0,0,0,2,2,2,2,2,3,3,3,3,3,3,3,3,3,4,4,4,4,4,4,0,27685549,4,0,1152,49634,dscw80
0,0,0,0,0,0,1,1,1,1,1,1,1,1,1,1,1,1,1,1,1,1,1,1,1,1,0,834817,1,0,1152,49634,dscw80
0,0,2,6,7,9,9,9,9,9,9,9,9,10,10,10,10,11,11,11,11,11,11,12,12,12,0,51903256,12,1,1181,53188,dscw80
0,0,0,0,0,0,0,0,0,0,0,0,0,0,0,0,0,0,0,0,0,0,1,1,1,1,0,6107404,1,1,1152,49634,dscw80
0,0,0,0,0,0,0,0,1,1,1,1,1,1,1,2,2,2,2,2,2,2,2,2,2,2,0,533315,2,1,1151,49440,dscw80
0,0,0,0,0,1,1,1,2,2,2,2,2,2,2,2,2,2,2,2,2,2,2,2,2,2,0,14915674,2,0,1152,49634,dscw80
0,0,0,0,0,0,0,0,0,0,0,0,0,0,0,0,0,0,1,1,1,1,1,1,1,1,0,1695,1,1,1151,49440,dscw80
0,0,0,0,0,0,0,0,0,0,0,1,1,1,1,1,1,1,1,1,1,1,1,1,1,1,0,257637,1,1,1152,49634,dscw80
0,0,0,0,0,0,0,0,0,1,1,1,1,1,1,1,1,1,1,1,1,1,1,1,1,1,0,257835,1,0,1152,49634,dscw80
0,0,0,0,0,0,0,0,1,1,1,1,1,1,1,1,1,1,1,1,1,1,1,1,1,1,0,257990,1,1,1151,49634,dscw80
0,0,0,0,0,1,1,1,1,1,1,1,1,1,1,1,1,1,1,1,1,1,1,1,1,1,0,131443,1,0,1152,49634,dscw80
0,0,0,0,0,0,0,0,0,0,0,0,0,0,1,1,1,1,1,1,1,1,1,1,1,1,0,131190,1,1,1173,52590,dscw80
0,0,0,0,0,0,0,0,0,1,1,1,1,1,1,1,1,1,1,1,1,1,1,1,1,1,0,1768990,1,1,1151,49440,dscw80
0,0,0,0,0,0,0,0,0,0,0,0,0,0,0,0,0,0,0,0,0,0,0,0,0,1,0,1583539,1,0,1151,49440,dscw80
0,0,0,0,0,0,1,1,1,1,1,1,1,1,1,1,1,1,1,1,1,1,1,1,1,1,0,9980,1,1,1151,49440,dscw80
0,0,0,0,0,0,0,0,0,0,0,0,0,0,0,0,0,0,0,0,0,0,2,2,2,2,0,5064,2,0,1173,52590,dscw80
0,0,0,0,0,0,0,0,0,0,0,0,0,0,0,0,1,1,1,1,1,1,1,1,1,1,0,3393493,1,0,1152,49634,dscw80
0,0,0,0,0,0,0,0,0,0,0,0,1,1,1,1,1,1,1,1,1,1,1,1,1,1,0,3007405,1,0,1152,49634,dscw80
0,0,0,0,0,0,0,0,0,1,1,1,1,1,1,1,1,1,1,1,1,1,1,1,1,1,0,2412,1,1,1152,49634,dscw80
0,0,0,0,0,0,0,0,0,0,0,0,0,0,0,0,0,0,0,0,0,1,1,1,1,1,0,1838,1,1,1152,49634,dscw80
0,0,0,0,0,1,1,1,2,2,2,2,3,3,3,3,3,3,3,4,4,4,5,5,5,5,0,7739549,5,0,1152,49634,dscw80
0,0,0,0,0,1,1,1,1,1,1,1,1,1,1,1,1,1,1,1,1,1,1,1,1,1,0,1479,1,1,1152,49634,dscw80
0,0,0,0,0,0,0,0,0,0,0,0,1,1,1,1,1,1,1,1,1,1,1,1,1,1,0,128807,1,0,1152,49634,dscw80
0,0,0,1,1,1,1,1,1,1,1,1,1,1,1,1,1,1,1,2,2,3,4,4,4,4,0,20520504,4,0,1152,49634,dscw80
0,0,0,0,0,0,1,1,2,2,2,2,2,2,2,2,2,2,3,3,3,3,3,3,3,3,0,6000,3,1,1152,49634,dscw80
0,0,0,0,0,0,0,0,0,0,0,0,0,0,1,1,1,1,1,1,1,1,1,1,1,1,0,257351,1,0,1151,49634,dscw80
0,0,0,1,1,1,2,2,2,2,2,2,2,2,2,2,2,2,2,2,2,2,2,2,2,2,0,259290,2,1,1152,49634,dscw80
0,0,0,0,0,1,1,1,1,1,1,1,1,1,1,1,1,1,1,1,1,1,1,1,1,1,0,257444,1,0,1173,52590,dscw80
0,0,0,0,0,0,0,0,0,0,1,1,1,1,1,1,1,1,2,2,2,2,2,2,2,2,0,4920857,2,0,1173,52590,dscw80
0,0,0,0,0,0,0,1,2,2,2,2,2,2,2,2,2,2,2,2,2,2,2,2,2,2,0,945381,2,1,1173,52590,dscw80
0,0,0,0,0,0,1,1,1,1,1,1,1,1,1,1,1,2,2,2,2,2,2,2,2,2,0,519151,2,0,1173,52590,dscw80
0,0,0,0,0,1,1,1,1,1,1,1,1,1,1,1,1,1,2,2,2,2,2,2,2,2,0,1810155,2,0,1173,52590,dscw80
0,0,0,0,0,0,1,1,1,1,1,1,1,1,1,1,1,1,1,1,1,1,1,1,1,1,0,33917,1,1,1152,49634,dscw80
0,0,0,0,0,0,0,1,1,2,2,2,2,2,2,2,2,2,2,2,2,2,2,2,2,2,0,9120862,2,0,1151,49440,dscw80
0,0,0,0,0,0,0,1,1,2,2,2,2,2,3,3,3,3,3,3,3,3,3,3,3,3,0,10634195,3,0,1181,49634,dscw80
0,0,0,0,0,0,0,0,1,2,3,3,3,3,3,3,3,3,3,3,3,3,3,3,3,4,0,4075191,4,0,1152,49634,dscw80
0,0,0,1,2,2,3,3,3,3,3,3,3,3,3,3,3,3,3,3,3,3,3,3,3,3,0,3111942,3,0,1151,49440,dscw80
0,0,0,0,0,0,0,0,0,0,0,1,1,1,1,1,1,1,1,1,1,1,1,1,1,1,0,10656090,1,1,1181,49634,dscw80
0,0,0,0,0,0,0,0,0,1,1,1,2,2,3,3,3,3,3,3,3,3,3,3,3,3,0,19598877,3,1,1151,49634,dscw80
0,0,0,0,0,0,0,0,0,0,0,1,1,1,1,1,1,1,1,1,1,1,1,1,1,1,0,258085,1,1,1152,49634,dscw80
0,0,0,0,0,0,1,1,2,3,4,4,4,4,4,4,4,4,4,4,4,4,4,4,4,4,0,14729089,4,0,1152,49634,dscw80
0,0,0,0,0,0,0,0,0,0,0,0,0,1,1,1,1,1,1,1,1,1,1,1,1,1,0,3687,1,0,1151,52590,dscw80
0,0,0,0,0,0,0,0,1,2,2,2,2,2,4,4,4,4,4,4,6,6,6,6,6,6,0,15343709,6,0,1152,49634,dscw80
0,0,0,0,0,0,1,1,1,1,1,1,1,1,1,1,1,1,1,1,1,1,1,1,1,1,0,1262627,1,1,1173,52590,dscw80
0,0,0,0,0,0,0,0,1,2,2,2,2,2,3,3,3,3,3,3,3,3,3,3,3,3,0,19322955,3,0,1152,49634,dscw80
0,0,0,0,0,0,0,0,0,0,0,0,0,0,0,0,0,0,0,0,1,1,1,1,1,1,0,9663,1,1,1181,53188,dscw80
0,0,0,1,2,2,2,2,2,2,2,2,2,2,2,3,3,3,3,3,3,3,3,3,3,3,0,1144380,3,0,1152,49634,dscw80
0,0,0,1,1,1,1,1,1,1,1,1,1,1,1,1,1,1,1,1,1,1,1,1,1,1,0,5567120,1,1,1152,49634,dscw80
0,0,0,0,0,0,0,0,0,0,0,0,0,0,0,0,0,1,1,1,1,1,1,1,1,1,0,3133350,1,1,1173,52590,dscw80
0,0,0,0,0,0,0,0,0,0,1,1,1,1,1,1,1,1,1,1,1,1,1,1,1,1,0,2607,1,0,1152,49634,dscw80
0,0,0,0,0,0,0,1,1,1,1,1,1,1,1,1,1,1,1,1,1,1,1,1,1,1,0,257662,1,0,1151,52590,dscw80
0,0,0,0,0,0,0,0,0,0,0,0,0,1,1,1,1,1,1,1,1,1,1,1,1,1,0,1763,1,1,1152,49634,dscw80
0,0,0,0,0,0,0,0,0,0,0,0,0,0,0,0,0,1,1,1,1,1,1,1,1,1,0,2474460,1,0,1152,49634,dscw80
0,0,0,0,0,0,0,0,0,0,0,0,0,0,0,0,0,0,1,1,1,1,1,1,1,1,0,257788,1,1,1173,52590,dscw80
0,0,0,0,1,1,1,1,1,1,1,1,1,1,1,1,1,1,1,1,1,1,1,1,1,1,0,128621,1,0,1152,49634,dscw80
0,0,0,0,0,0,2,2,2,2,2,2,2,2,2,2,2,2,2,2,2,2,2,2,2,2,0,515796,2,1,1152,49634,dscw80
0,0,0,0,1,1,1,1,1,1,1,1,1,1,1,1,1,1,1,1,1,1,1,1,1,1,0,128294,1,0,1152,49634,dscw80
0,0,0,0,0,0,0,0,0,0,0,0,0,0,1,1,1,1,1,1,2,4,6,6,6,6,0,7619628,6,0,1151,49440,dscw80
0,0,0,0,0,0,1,1,1,1,1,1,1,2,2,2,2,2,2,2,2,2,2,2,2,2,0,7381312,2,0,1173,52590,dscw80
0,0,0,0,0,0,0,0,0,0,1,1,1,1,1,1,1,1,1,1,1,1,1,1,1,1,0,129437,1,0,1152,49634,dscw80
0,0,1,1,1,1,1,2,2,2,3,3,3,3,3,3,3,3,3,3,3,3,3,3,3,3,0,74141,3,1,1152,49634,dscw80
0,0,0,0,0,1,1,1,1,1,1,1,1,1,1,1,1,1,1,1,1,1,1,1,1,1,0,2037,1,1,1152,49634,dscw80
0,0,0,0,0,0,1,1,1,1,1,1,2,2,2,2,2,2,2,2,2,2,2,2,2,2,0,563217,2,0,1152,49634,dscw80
0,0,0,0,0,2,2,2,2,3,3,3,3,3,3,3,3,3,3,3,3,3,3,3,3,3,0,13493938,3,1,1151,49440,dscw80
0,0,1,1,1,1,1,1,1,1,1,1,1,1,1,1,1,1,1,1,1,1,1,1,1,1,0,769822,1,1,1152,49634,dscw80
0,0,0,0,0,0,0,0,0,0,0,0,0,0,0,1,1,1,1,1,1,1,1,1,1,1,0,3993080,1,1,1173,52590,dscw80
0,0,0,0,0,0,0,1,1,1,1,1,1,1,1,1,1,1,1,1,1,1,1,1,1,1,0,5210835,1,0,1151,49440,dscw80
0,0,0,0,0,0,0,1,2,2,3,3,3,3,3,3,3,3,3,3,3,3,3,3,3,3,0,12324,3,1,1152,49634,dscw80
0,0,0,0,0,0,0,0,0,0,0,0,0,0,0,0,0,0,0,0,0,0,2,2,2,2,0,9230907,2,0,1151,49634,dscw80
0,0,0,0,0,1,1,1,1,2,3,3,3,3,3,3,3,3,3,3,3,3,3,3,3,3,0,10518125,3,1,1152,49634,dscw80
0,0,0,0,0,0,0,0,0,0,0,0,1,1,3,3,3,3,3,3,3,3,5,5,5,5,0,15241919,5,0,1151,49440,dscw80
0,0,0,0,0,0,0,0,0,0,0,0,0,0,0,0,0,0,0,0,1,1,1,1,1,1,0,128408,1,0,1151,49634,dscw80
0,0,0,0,0,0,0,0,0,0,0,0,0,0,0,0,0,1,1,1,1,1,1,1,1,1,0,65350,1,0,1173,49440,dscw80
0,0,0,0,0,0,0,0,0,0,0,0,0,0,0,0,0,0,0,0,1,1,1,1,1,1,0,2474632,1,0,1173,52590,dscw80
0,0,0,0,0,0,1,1,1,1,1,1,1,1,1,1,1,1,1,1,1,2,2,2,2,2,0,67713,2,1,1152,49634,dscw80
0,0,0,0,0,0,0,0,0,1,1,1,1,1,1,1,1,1,1,1,1,1,1,1,1,1,0,1507,1,1,1173,52590,dscw80
0,0,0,0,0,0,0,0,0,0,0,1,1,1,1,1,1,1,1,1,1,1,1,1,1,1,0,258176,1,1,1181,49440,dscw80
0,0,0,0,1,1,1,1,1,1,1,1,1,1,1,1,1,1,1,1,1,1,1,1,1,1,0,64667,1,0,1151,49440,dscw80
0,0,0,0,0,0,0,0,0,0,0,0,0,0,0,0,0,0,0,0,0,0,1,1,1,1,0,259735,1,1,1181,49634,dscw80
0,0,0,0,0,1,1,1,1,1,1,1,1,1,1,1,1,1,1,1,1,1,1,1,1,1,0,7313120,1,1,1173,52590,dscw80
0,0,0,0,0,0,0,0,0,0,0,0,0,0,0,1,1,1,1,1,1,1,1,1,1,2,1,7143,3,0,1151,49440,dscw80
0,0,0,0,1,1,1,1,1,1,1,1,1,1,1,1,1,1,1,1,1,1,1,1,1,1,0,2535,1,0,1152,49634,dscw80
0,0,0,0,0,1,1,1,1,1,1,1,1,1,1,1,1,1,1,1,1,1,1,1,1,1,0,257560,1,1,1152,49634,dscw80
0,0,0,0,0,1,2,2,2,2,2,2,2,2,2,2,2,2,2,2,2,2,2,2,2,2,0,17932506,2,0,1151,49440,dscw80
0,0,0,1,1,1,2,4,6,6,6,6,6,6,6,6,6,6,6,6,6,6,7,7,7,7,0,27338117,7,0,1152,49634,dscw80
0,0,0,0,0,0,0,1,2,3,3,3,3,3,3,3,3,3,3,3,3,3,3,3,3,3,0,9706369,3,0,1152,49634,dscw80
0,0,0,0,0,0,0,0,1,1,1,1,1,1,1,1,1,1,1,1,1,1,1,1,1,1,0,1902,1,1,1152,52590,dscw80
0,0,0,0,0,0,0,0,0,0,0,0,0,0,0,0,0,0,1,1,1,1,1,1,1,1,0,165874,1,0,1173,52590,dscw80
0,0,0,0,0,1,1,2,2,2,3,4,4,5,7,7,7,7,7,7,7,7,7,7,7,7,0,271436,7,1,1173,52590,dscw80
0,0,0,0,0,1,1,1,1,1,1,1,1,1,1,1,1,1,1,1,1,1,1,1,1,1,0,1190,1,1,1173,52590,dscw80
0,0,0,0,0,0,0,0,0,0,0,0,0,0,0,0,0,2,2,2,2,2,2,2,2,2,0,172585,2,0,1173,52590,dscw80
0,0,0,0,0,0,0,0,0,0,0,0,0,0,0,1,1,1,1,1,1,1,1,1,1,1,0,228101,1,1,1152,49634,dscw80
0,0,0,0,0,1,2,2,3,3,3,3,3,4,4,4,4,4,4,4,4,4,4,4,4,4,0,13546802,4,0,1152,49634,dscw80
0,0,0,0,0,0,0,0,3,6,9,11,11,11,12,13,13,13,13,15,17,19,19,19,19,19,0,63769354,19,0,1151,49634,dscw80
0,0,0,0,0,0,1,1,1,1,1,1,1,1,1,1,1,1,1,1,1,1,1,1,1,1,0,1729,1,0,1152,49634,dscw80
0,0,0,0,0,0,0,0,0,0,1,1,1,1,1,1,1,1,1,1,1,1,1,1,1,1,0,5180882,1,0,1173,49440,dscw80
0,0,0,1,3,3,3,3,4,5,5,5,5,5,5,5,5,5,5,5,6,6,6,6,6,6,0,5454994,6,0,1152,49634,dscw80
0,0,0,0,1,1,1,1,1,1,1,1,1,1,1,1,1,1,2,2,2,2,2,2,2,2,0,256503,2,1,1152,49634,dscw80
0,0,0,0,1,1,2,2,3,4,4,4,4,4,4,4,4,4,4,4,4,4,4,4,4,4,0,7869488,4,0,1181,53188,dscw80
0,0,0,0,0,0,0,1,3,3,3,3,3,3,4,4,5,5,6,6,8,8,8,8,8,8,0,1551279,8,1,1151,49440,dscw80
0,0,0,1,1,1,1,1,2,2,2,2,2,2,2,2,2,2,2,2,2,2,2,2,2,2,0,5576582,2,0,1152,49634,dscw80
0,0,0,0,0,0,0,0,0,0,0,0,0,0,1,1,1,1,1,1,1,1,1,1,1,1,0,6818091,1,0,1173,52590,dscw80
0,0,0,0,0,2,4,4,4,4,4,4,4,4,4,4,4,4,4,4,4,4,4,4,4,4,0,8047644,4,0,1152,49634,dscw80
0,0,0,0,0,1,1,2,2,3,3,4,4,4,4,4,4,4,5,5,6,6,6,7,7,7,0,43845176,7,0,1151,49440,dscw80
0,0,0,0,0,0,0,0,0,0,0,0,0,0,0,0,0,0,0,0,0,1,1,1,1,1,0,2337325,1,0,1151,53188,dscw80
0,0,0,0,0,0,0,1,1,1,1,1,1,1,1,1,1,1,1,1,2,2,2,2,2,2,0,2256389,2,0,1151,49634,dscw80
0,0,0,0,0,0,0,1,1,1,1,1,1,1,1,1,1,1,1,1,1,1,1,1,1,1,0,7021985,1,0,1152,49634,dscw80
0,0,0,0,3,3,6,8,9,9,11,12,12,15,16,16,16,17,17,18,20,22,23,23,23,23,0,42249226,23,0,1152,49634,dscw80
0,0,1,1,1,1,1,1,1,1,1,1,1,1,1,1,1,1,1,1,1,1,1,1,1,1,0,6803630,1,0,1181,53188,dscw80
0,0,0,0,0,1,1,2,2,2,2,2,2,2,2,2,2,2,2,2,2,2,2,2,2,2,0,267913,2,1,1173,52590,dscw80
0,0,0,0,0,0,0,1,1,1,1,1,1,2,2,2,2,2,2,2,2,2,2,2,2,2,0,387551,2,0,1152,49634,dscw80
0,0,0,0,0,0,0,0,0,0,0,0,0,0,0,0,1,1,1,1,1,1,1,1,1,1,0,2444,1,0,1152,49634,dscw80
0,0,0,0,1,4,5,5,5,5,5,5,5,5,5,5,5,5,5,5,5,5,5,5,5,5,0,1033321,5,1,1151,49440,dscw80
0,0,0,0,1,2,3,3,3,3,3,3,3,3,3,3,3,3,3,3,3,3,3,3,3,3,0,298321,3,0,1152,49634,dscw80
0,0,0,0,0,0,1,1,1,1,1,1,1,1,1,1,1,1,1,1,1,1,1,1,1,1,0,4804181,1,0,1181,53188,dscw80
0,0,1,1,2,2,2,2,2,2,2,2,2,2,2,2,2,2,2,2,2,2,2,2,2,2,0,266763,2,1,1151,49440,dscw80
0,0,1,2,4,6,8,11,12,13,16,17,17,17,17,17,17,17,17,17,17,17,17,17,17,17,0,43136863,17,1,1151,49440,dscw80
0,0,0,1,1,1,1,1,1,1,1,1,1,1,1,1,1,1,1,1,1,1,1,1,1,1,0,43716,1,0,1151,49440,dscw80
0,0,0,0,0,0,0,1,1,1,1,1,1,1,1,1,1,1,1,1,1,1,1,1,1,1,0,1832,1,1,1173,52590,dscw80
0,0,0,0,2,2,2,2,2,2,2,2,2,2,2,2,2,2,2,2,2,2,2,2,2,2,0,515149,2,1,1181,49634,dscw80
0,0,0,0,0,0,0,0,1,1,1,1,2,2,3,3,4,4,4,4,4,4,4,4,4,4,0,140665,4,1,1152,49634,dscw80
0,0,0,0,0,0,0,0,0,0,0,0,0,1,1,1,1,1,1,1,2,2,2,2,2,2,0,12909207,2,0,1152,49634,dscw80
0,0,0,0,0,0,0,0,0,0,0,0,0,0,0,0,0,1,1,1,1,1,1,1,1,1,0,257931,1,1,1181,53188,dscw80
0,0,1,4,6,7,8,8,8,8,8,9,9,9,9,9,10,10,10,10,10,10,11,11,11,11,0,20785876,11,1,1181,53188,dscw80
0,0,0,0,0,0,0,0,1,1,1,1,1,1,1,1,1,1,1,1,1,1,1,1,1,1,0,22037,1,1,1152,49634,dscw80
0,0,0,0,0,0,0,0,0,0,0,0,0,0,1,1,1,1,1,2,2,2,2,2,2,2,0,386512,2,0,1152,49634,dscw80
0,0,0,0,0,0,0,0,1,1,1,1,1,1,1,1,1,1,1,1,1,1,1,1,1,1,0,257856,1,1,1152,49634,dscw80
0,0,0,0,0,1,1,1,1,1,1,1,1,1,1,1,1,1,1,1,1,1,1,1,1,1,0,1903,1,1,1152,49634,dscw80
0,0,0,0,0,0,0,0,2,2,2,2,2,2,2,2,2,2,2,2,2,2,3,3,3,3,0,6508628,3,0,1152,49634,dscw80
0,0,0,0,0,0,0,0,0,1,1,1,1,1,1,1,1,1,1,1,1,1,1,1,1,1,0,113547,1,0,1152,49634,dscw80
0,0,0,0,0,0,0,1,1,1,1,1,1,1,1,1,1,1,1,1,1,1,1,1,1,1,0,1889,1,1,1151,49634,dscw80
0,0,0,0,0,1,1,1,1,1,1,1,1,1,1,1,1,1,1,1,1,1,1,1,1,1,0,43041,1,0,1181,53188,dscw80
0,0,0,0,0,0,1,1,1,1,1,1,1,1,1,1,1,1,1,1,1,1,1,1,1,1,0,2391762,1,1,1173,52590,dscw80
0,0,0,0,0,0,0,0,0,0,0,0,0,1,1,1,1,1,1,2,2,3,5,6,6,10,4,6880315,14,0,1152,49634,dscw80
0,0,0,0,0,0,1,1,1,1,1,1,1,1,1,1,2,2,2,2,2,2,2,2,2,2,0,259334,2,0,1173,52590,dscw80
0,0,1,1,1,1,1,1,1,1,1,1,1,1,1,1,1,1,1,1,1,1,1,1,1,1,0,258820,1,1,1151,49440,dscw80
0,0,1,1,1,1,1,1,1,1,1,1,1,1,1,1,1,1,1,1,1,1,1,1,1,1,0,128208,1,0,1152,49634,dscw80
0,0,0,0,0,0,0,0,1,1,1,1,1,1,2,2,2,2,2,2,3,3,3,3,3,4,1,563571,5,0,1152,49634,dscw80
0,0,0,0,0,1,1,1,1,1,1,1,1,1,1,1,1,1,1,1,1,1,1,1,1,1,0,1189,1,1,1173,52590,dscw80
0,0,0,1,2,2,2,2,2,2,2,2,2,2,2,2,2,2,2,2,3,3,3,3,3,3,0,7396642,3,1,1181,53188,dscw80
0,0,1,4,5,6,6,6,6,6,6,6,6,6,6,6,6,6,6,7,7,7,7,7,7,7,0,21719565,7,1,1181,53188,dscw80
0,0,0,0,0,0,0,0,0,0,0,0,0,0,0,0,0,0,0,0,0,1,1,1,1,1,0,15754438,1,0,1173,52590,dscw80
0,0,0,0,1,1,1,1,1,1,2,2,2,2,2,2,2,2,2,2,2,2,2,2,2,2,0,8516004,2,0,1152,49634,dscw80
0,0,0,1,1,1,1,1,1,1,1,1,1,1,1,1,1,1,1,1,1,1,1,1,1,1,0,1822,1,1,1151,49440,dscw80
0,0,0,1,1,1,1,1,1,1,1,1,1,1,1,1,1,1,1,1,1,1,1,1,1,1,0,257847,1,0,1181,53188,dscw80
0,0,0,0,0,0,0,0,1,1,1,1,1,1,1,1,1,1,1,1,1,1,1,1,1,1,0,131115,1,0,1152,49634,dscw80
0,0,0,0,0,0,1,1,1,1,1,1,1,1,1,1,1,1,1,1,1,1,1,1,1,1,0,257969,1,1,1173,52590,dscw80
0,0,0,0,0,0,0,0,1,1,1,1,1,1,1,1,1,1,1,1,1,1,1,1,1,1,0,1978,1,1,1152,49634,dscw80
0,0,0,0,0,0,1,1,1,1,1,1,1,1,1,1,1,1,1,1,1,1,1,1,1,1,0,4244415,1,0,1152,49634,dscw80
0,0,0,1,1,1,1,1,1,1,1,1,1,1,1,1,1,1,1,1,1,1,1,1,1,1,0,4548623,1,0,1152,49634,dscw80
0,0,0,2,3,3,3,3,3,3,3,3,3,3,3,3,3,3,3,3,3,3,3,3,3,3,0,13221950,3,0,1151,49440,dscw80
0,0,0,0,0,2,3,4,4,4,4,5,5,5,5,6,6,6,6,6,6,6,6,6,6,6,0,11642121,6,0,1152,49634,dscw80
0,1,1,1,1,1,1,1,1,1,1,1,1,1,1,1,1,2,2,2,2,2,2,2,2,2,0,4874,2,1,1181,53188,dscw80
0,0,0,0,0,0,0,2,2,2,2,2,2,2,2,2,2,2,2,2,4,4,4,4,4,4,0,10384069,4,0,1152,49634,dscw80
0,0,0,0,0,0,0,0,0,0,0,0,0,0,0,0,0,0,0,0,0,0,1,1,1,1,0,2380,1,0,1152,49634,dscw80
0,0,0,0,0,0,2,3,4,6,7,7,7,7,7,7,7,7,8,9,11,14,14,14,14,14,0,37252450,14,0,1152,49634,dscw80
0,0,0,0,0,0,0,0,0,0,0,1,1,1,1,1,1,1,1,1,1,1,1,1,1,1,0,64036,1,1,1181,53188,dscw80
0,0,0,0,0,0,0,0,1,1,1,1,2,2,2,2,2,2,2,2,3,3,3,3,3,3,0,385122,3,1,1173,52590,dscw80
0,0,0,0,0,0,0,0,1,1,1,1,1,1,1,1,1,1,1,1,1,1,1,1,1,1,0,257620,1,0,1173,52590,dscw80
0,0,0,0,0,0,0,0,1,1,1,2,2,2,2,2,2,2,2,2,2,2,2,2,2,2,0,516005,2,1,1152,49634,dscw80
0,0,0,0,0,0,0,2,9,14,17,19,22,25,26,27,27,27,27,29,32,35,39,40,41,42,1,48711275,43,0,1151,49440,dscw80
0,0,0,0,0,0,0,0,0,0,0,0,0,0,0,0,0,1,1,1,1,1,1,1,1,1,0,42836,1,0,1151,49634,dscw80
0,0,0,0,0,0,0,0,0,0,0,0,0,0,0,0,0,0,0,0,0,0,1,1,1,1,0,1593134,1,0,1152,49634,dscw80
0,0,0,0,0,0,0,0,0,2,2,2,2,4,6,6,6,6,6,6,8,8,8,9,9,9,0,17963737,9,0,1152,49634,dscw80
0,1,2,3,3,3,4,4,5,5,5,5,5,5,5,5,5,5,5,5,5,5,5,5,5,5,0,18348574,5,1,1181,53188,dscw80
0,0,1,2,3,5,6,7,7,7,7,7,7,7,7,7,7,7,7,8,10,10,10,10,10,10,0,7184939,10,1,1152,49634,dscw80
0,0,0,0,0,0,0,0,0,0,0,0,0,0,0,0,0,0,0,0,0,0,0,1,1,1,0,3327,1,1,1152,49634,dscw80
0,0,0,0,1,1,2,2,2,2,2,2,2,2,3,3,3,3,3,3,3,3,3,3,3,3,0,134011,3,1,1152,49634,dscw80
0,0,0,0,0,1,1,2,2,2,2,2,2,2,2,2,2,2,2,2,2,2,2,2,2,2,0,14391427,2,1,1152,49634,dscw80
0,0,0,0,0,0,0,0,0,0,0,0,0,0,0,0,1,1,1,1,1,1,1,1,1,1,0,128222,1,0,1152,49634,dscw80
0,0,0,0,1,1,1,1,1,1,1,1,1,1,1,1,1,1,1,1,1,1,1,1,1,1,0,258817,1,1,1151,49440,dscw80
0,0,0,0,1,2,5,5,5,6,6,7,7,8,8,8,8,8,8,8,8,8,8,8,8,8,0,34402400,8,1,1151,49440,dscw80
0,0,0,0,0,0,0,0,0,0,0,0,0,0,0,0,0,0,0,0,2,2,2,2,2,2,0,346709,2,0,1181,52590,dscw80
0,0,0,0,0,0,0,0,1,2,2,2,2,2,2,2,2,2,2,2,2,2,2,2,2,2,0,258053,2,1,1152,49634,dscw80
0,0,2,3,3,4,5,7,9,10,10,11,12,14,14,14,14,14,14,14,14,14,15,15,15,15,0,51510869,15,0,1152,49634,dscw80
0,0,0,0,0,0,0,0,0,0,0,0,0,0,0,0,1,2,2,2,2,2,2,2,2,2,0,6122987,2,0,1152,49634,dscw80
0,0,0,0,0,0,1,1,1,1,1,1,1,1,1,1,1,1,1,1,1,1,1,1,1,1,0,2209,1,0,1151,49440,dscw80
0,0,0,0,0,0,0,0,0,1,1,2,2,2,2,2,2,3,3,3,3,3,3,3,3,3,0,3285647,3,0,1152,49634,dscw80
0,0,0,0,0,0,2,2,2,2,2,2,2,2,2,2,2,2,2,2,2,2,2,2,2,2,0,514916,2,1,1173,52590,dscw80
0,0,0,0,0,1,1,1,1,1,1,1,1,1,1,1,1,1,1,1,1,1,1,1,1,1,0,8774,1,1,1152,49634,dscw80
0,0,0,0,0,0,1,3,5,8,9,11,12,12,13,15,15,15,16,17,18,19,19,21,21,21,0,71262305,21,0,1152,49634,dscw80
0,0,1,1,1,1,1,1,1,1,1,1,1,1,1,1,1,1,1,1,1,1,1,1,1,1,0,257610,1,0,1152,49634,dscw80
0,0,0,0,0,0,0,0,0,0,1,1,2,3,3,4,4,4,4,4,4,4,4,4,4,4,1,13411475,5,1,1152,49634,dscw80
0,0,0,0,0,0,0,0,0,0,0,0,0,0,0,0,0,0,0,0,0,1,1,1,1,1,0,5895633,1,0,1151,49440,dscw80
0,0,0,0,0,0,0,1,1,1,1,1,2,2,2,2,2,2,2,2,2,2,2,2,2,2,0,3816649,2,0,1152,49634,dscw80
0,0,0,0,0,0,1,1,1,1,1,2,2,2,2,2,2,2,2,2,4,4,4,4,4,4,0,11250480,4,0,1152,49634,dscw80
0,0,0,0,0,0,0,0,0,0,0,1,1,1,1,1,1,1,1,1,1,1,1,1,1,1,0,259613,1,0,1152,49634,dscw80
0,0,0,1,1,1,1,1,1,1,1,1,1,1,1,1,1,1,1,1,1,1,1,1,1,1,0,2233,1,1,1173,52590,dscw80
0,0,0,0,0,0,0,0,0,0,0,0,0,0,0,0,0,0,0,0,0,0,0,0,1,1,0,257504,1,0,1181,53188,dscw80
0,0,0,0,0,1,3,4,6,7,8,8,8,8,10,10,11,11,11,11,11,12,12,13,13,13,0,36076885,13,0,1152,49634,dscw80
0,0,0,0,0,0,0,0,1,1,1,1,1,1,1,1,1,1,1,1,1,1,1,1,1,1,0,2038,1,1,1173,52590,dscw80
0,0,0,0,0,0,0,1,1,1,1,1,1,1,1,1,1,1,1,1,1,1,1,1,1,1,0,8999,1,1,1152,49634,dscw80
0,0,0,0,0,0,1,1,1,1,1,1,1,1,1,1,1,1,1,1,1,1,1,1,1,1,0,18002,1,1,1152,49634,dscw80
0,0,0,0,0,0,0,0,1,1,1,1,1,1,1,1,1,1,1,1,1,1,1,1,1,1,0,1873,1,1,1152,49634,dscw80
0,0,0,0,0,0,0,0,0,1,1,1,2,2,2,2,2,2,2,2,2,2,2,2,2,2,0,8176365,2,0,1152,49634,dscw80
0,0,0,0,1,1,1,1,1,1,1,1,1,1,1,1,1,1,1,1,1,1,1,1,1,1,0,769754,1,0,1173,52590,dscw80
0,0,0,0,0,0,0,0,0,0,0,0,0,0,0,0,0,0,0,0,1,1,1,1,1,1,0,3997539,1,1,1173,52590,dscw80
0,0,0,0,0,0,0,0,0,0,0,0,0,0,0,1,1,1,1,1,1,1,1,1,1,1,0,4475422,1,0,1152,49634,dscw80
0,0,0,0,0,0,0,0,1,1,1,1,1,1,1,1,1,1,1,1,1,1,1,1,1,1,0,2840,1,1,1152,49634,dscw80
0,0,0,0,0,0,0,0,1,1,2,2,2,2,2,2,2,2,2,2,2,2,2,2,2,2,0,514844,2,1,1152,49634,dscw80
0,0,0,2,2,3,3,3,3,4,4,4,4,5,5,5,7,7,7,7,7,7,7,7,7,7,0,20533125,7,0,1152,49634,dscw80
0,0,0,0,0,0,0,0,0,0,0,0,0,0,0,0,0,1,1,1,1,1,1,1,1,1,0,257575,1,1,1152,49634,dscw80
0,0,0,0,0,2,4,5,11,12,14,18,19,23,24,24,25,26,28,28,29,30,32,32,33,33,0,105039965,33,0,1152,49634,dscw80
0,0,0,0,0,0,0,0,0,0,0,0,0,0,1,1,1,1,1,1,1,1,1,1,1,1,0,3129333,1,0,1181,49440,dscw80
0,0,0,0,0,0,0,0,0,0,0,0,1,1,1,1,1,1,2,2,2,2,2,2,2,2,0,3164813,2,0,1173,52590,dscw80
0,0,0,0,0,0,0,0,0,0,0,0,0,0,0,0,0,0,0,0,0,1,1,1,1,1,0,128657,1,0,1151,49440,dscw80
0,0,0,1,1,1,1,1,1,1,1,1,1,1,1,1,1,1,1,1,1,1,1,1,1,1,0,257462,1,1,1152,49634,dscw80
0,0,0,0,0,0,0,0,0,0,0,1,1,1,1,1,1,1,1,1,1,1,1,1,1,1,0,4049023,1,1,1151,49440,dscw80
0,0,0,0,0,0,0,0,0,0,0,0,1,1,1,1,1,1,1,1,1,1,1,1,1,1,0,4368858,1,1,1173,49440,dscw80
0,0,1,1,1,1,1,1,1,1,1,1,1,1,1,1,1,1,1,1,1,1,1,1,1,1,0,7593139,1,0,1152,49634,dscw80
0,0,0,0,1,1,1,1,1,1,1,1,1,1,1,1,1,1,1,1,1,1,1,1,1,1,0,4315375,1,1,1151,49440,dscw80
0,0,0,0,1,1,1,1,1,1,1,1,1,1,1,1,1,1,1,1,1,1,1,1,1,1,0,257679,1,1,1152,49634,dscw80
0,0,0,0,0,0,0,0,0,0,0,0,1,1,1,1,1,1,1,1,1,1,1,1,1,1,0,257760,1,1,1151,49634,dscw80
0,0,0,1,1,1,2,3,3,3,3,3,3,3,3,3,3,3,3,3,3,3,3,3,3,3,0,21089332,3,0,1152,49634,dscw80
0,0,0,0,0,0,0,0,0,0,0,0,0,1,1,1,1,1,1,1,1,1,1,1,1,1,0,257975,1,1,1151,49440,dscw80
0,0,0,0,0,1,1,1,1,1,1,1,1,1,1,1,1,1,1,1,1,1,1,1,1,1,0,2503,1,0,1152,49634,dscw80
0,0,0,0,1,1,1,1,1,1,1,1,1,1,1,1,1,1,1,1,1,1,1,1,1,1,0,4049035,1,1,1152,49634,dscw80
0,0,0,1,1,1,1,1,1,2,2,2,3,3,4,4,4,4,4,4,4,4,4,4,4,4,0,17607063,4,0,1181,53188,dscw80
0,0,0,0,0,0,0,0,0,0,0,0,0,0,1,1,1,1,1,1,1,1,1,1,1,1,0,128231,1,0,1181,49634,dscw80
0,0,1,1,1,1,1,1,1,1,1,1,1,1,1,1,1,1,1,1,1,1,1,1,1,1,0,1444,1,1,1151,49440,dscw80
0,0,0,0,0,1,2,2,2,2,2,2,2,2,2,3,3,3,3,3,3,3,3,3,3,3,0,4208938,3,0,1173,52590,dscw80
0,0,0,0,0,1,1,1,1,1,1,1,1,1,1,1,1,1,1,1,1,1,1,1,1,1,0,2292,1,1,1152,49634,dscw80
0,0,0,0,0,0,0,0,0,0,1,1,1,1,1,1,1,1,1,1,1,1,1,1,1,1,0,2058,1,1,1151,49634,dscw80
0,0,0,0,0,0,0,0,0,1,1,1,1,1,1,1,1,1,1,1,1,1,1,1,1,1,0,128694,1,0,1151,52590,dscw80
0,0,0,0,0,0,1,2,2,2,2,2,2,2,2,2,2,2,2,2,2,2,2,2,2,2,0,4555,2,1,1152,49634,dscw80
0,0,0,0,0,0,0,0,0,0,0,0,0,0,0,0,0,0,0,0,0,0,0,0,0,1,0,886783,1,0,1151,49440,dscw80
0,0,0,0,0,0,0,1,1,1,1,1,1,1,1,1,1,1,1,1,1,2,2,2,2,2,0,515009,2,1,1181,49440,dscw80
0,0,0,0,0,0,0,0,0,0,0,1,1,1,1,1,1,1,1,1,1,1,1,1,1,1,0,7019993,1,0,1152,49634,dscw80
0,0,0,0,1,2,2,2,3,3,3,3,3,3,3,3,3,3,3,3,3,3,3,3,3,3,0,2309457,3,0,1152,49634,dscw80
0,0,0,0,0,1,1,1,1,1,1,1,1,1,1,1,1,1,1,1,1,1,1,1,1,1,0,65698,1,1,1152,49634,dscw80
0,0,0,0,0,0,0,0,0,0,0,0,1,1,4,4,4,4,4,4,4,4,4,4,4,4,0,14324577,4,0,1152,49634,dscw80
0,0,0,0,0,0,0,0,0,0,0,0,0,0,0,0,1,1,1,1,1,1,1,1,1,1,0,7086161,1,0,1181,49634,dscw80
0,0,0,0,0,0,0,0,0,0,0,0,0,0,0,1,1,1,1,1,1,1,1,1,1,1,0,4678890,1,1,1173,52590,dscw80
0,0,0,0,0,0,0,0,0,0,0,0,0,0,0,0,0,0,0,0,1,1,1,1,1,1,0,258182,1,1,1152,49634,dscw80
0,0,0,0,0,0,0,0,0,0,0,1,1,1,1,2,2,2,2,2,2,2,2,2,2,2,0,4615334,2,0,1152,49634,dscw80
0,0,0,0,0,0,0,0,0,0,0,0,0,0,0,0,1,1,2,3,4,4,4,4,4,4,0,526047,4,1,1181,53188,dscw80
0,0,0,0,0,0,0,1,1,1,1,1,1,1,1,1,1,1,1,1,1,1,1,1,1,1,0,8125,1,1,1152,49634,dscw80
0,0,0,0,0,0,0,0,0,1,1,1,1,1,2,2,2,2,2,2,2,2,2,2,2,2,0,187983,2,0,1152,49634,dscw80
0,0,0,0,0,0,1,1,1,1,1,1,1,1,1,1,1,1,1,1,1,1,1,1,1,1,0,3540466,1,0,1152,49634,dscw80
0,0,0,0,0,1,1,1,1,1,1,1,1,1,1,1,1,1,1,1,1,1,1,1,1,1,0,258566,1,1,1152,49634,dscw80
0,1,1,1,1,1,1,1,1,1,1,1,1,1,1,1,1,1,1,1,1,1,1,1,1,1,0,1949,1,1,1152,49634,dscw80
0,0,1,1,1,1,1,1,1,1,1,1,1,1,1,1,1,1,1,1,1,1,1,1,1,1,0,257983,1,1,1151,49440,dscw80
0,0,0,0,0,0,0,0,0,0,0,0,0,1,1,2,2,2,2,2,2,2,2,2,2,2,0,262554,2,0,1173,52590,dscw80
0,0,0,0,0,0,0,0,0,0,0,0,0,0,0,0,0,0,0,0,0,0,0,0,0,1,0,202108,1,1,1152,49634,dscw80
0,0,0,0,0,0,0,0,0,0,0,0,1,1,1,1,1,1,1,1,1,1,1,1,1,1,0,257504,1,1,1181,52590,dscw80
0,0,0,0,1,1,1,1,1,1,1,1,1,1,1,1,1,1,1,1,1,1,1,1,1,1,0,195320,1,1,1151,49440,dscw80
0,0,0,1,1,1,1,2,2,2,3,3,3,3,3,3,3,3,3,3,3,3,3,3,3,3,0,773165,3,1,1152,49634,dscw80
0,0,0,0,1,9,18,23,27,31,33,37,41,45,46,46,48,48,50,50,53,53,54,55,56,57,0,162624360,57,0,1152,49634,dscw80
0,0,0,0,0,0,0,0,0,0,0,0,0,0,0,0,0,0,0,0,1,1,1,1,1,1,0,3723,1,1,1152,49634,dscw80
0,0,0,0,0,0,0,0,0,0,0,0,0,0,0,0,0,0,0,0,0,1,1,1,1,1,0,2213785,1,0,1181,49440,dscw80
0,0,0,0,0,0,0,0,0,0,0,1,1,1,1,1,1,1,1,1,1,1,1,1,1,1,0,2078,1,0,1173,52590,dscw80
0,0,0,0,0,1,1,1,1,1,1,1,1,1,1,1,1,1,1,1,1,1,1,1,1,1,0,2298,1,0,1152,49634,dscw80
0,0,0,0,0,0,0,1,1,1,1,1,1,1,1,1,1,1,1,1,1,1,1,1,1,1,0,1525428,1,1,1173,52590,dscw80
0,1,1,1,1,1,1,1,1,1,1,1,1,1,1,1,1,1,1,1,1,1,1,1,1,1,0,7477540,1,1,1152,49634,dscw80
0,0,0,0,0,0,0,1,1,1,1,1,1,1,1,1,1,1,1,1,1,1,1,1,1,1,0,128385,1,0,1151,49440,dscw80
0,0,0,1,1,1,1,1,1,1,1,1,1,1,1,1,1,1,1,1,1,1,1,1,1,1,0,1606146,1,1,1152,49634,dscw80
0,0,0,0,0,0,0,0,0,0,0,0,0,0,0,0,1,1,1,1,1,1,1,1,1,2,0,130196,2,1,1152,49634,dscw80
0,0,0,0,0,0,1,1,1,1,1,1,1,1,1,2,2,2,2,2,2,2,3,3,3,3,0,5867165,3,0,1152,49634,dscw80
0,0,0,0,0,0,1,1,1,2,3,4,4,4,4,4,4,4,4,4,4,4,5,5,5,5,0,9935067,5,0,1151,49440,dscw80
0,0,0,0,0,0,0,0,0,1,1,1,1,1,1,1,1,1,1,1,1,1,1,1,1,1,0,257392,1,1,1151,49634,dscw80
0,0,0,0,0,0,0,0,0,0,0,1,1,3,3,3,3,3,3,3,4,5,5,5,5,5,0,6226712,5,0,1152,49634,dscw80
0,0,0,1,2,2,2,2,2,2,2,2,2,2,2,2,2,2,2,2,2,2,2,2,2,2,0,515462,2,1,1152,49634,dscw80
0,0,0,0,0,0,0,0,0,1,1,1,1,1,1,1,1,1,1,1,1,1,1,1,1,1,0,744338,1,0,1152,49634,dscw80
0,0,0,0,0,0,0,0,0,0,0,0,1,1,1,1,1,1,1,1,2,2,3,3,3,3,0,7612710,3,0,1152,49634,dscw80
0,0,0,0,0,0,0,0,0,0,1,2,2,2,3,3,3,3,3,3,6,6,6,6,6,6,0,3508314,6,0,1152,49634,dscw80
0,0,0,0,0,0,0,0,1,1,1,1,1,1,1,1,1,1,1,1,1,1,1,1,1,1,0,257853,1,1,1152,49634,dscw80
0,0,0,0,0,0,0,0,0,0,0,0,1,1,1,1,1,1,1,1,1,1,2,2,2,3,1,4935503,4,1,1152,49634,dscw80
0,0,0,0,0,1,1,2,2,2,2,2,2,2,2,2,2,2,2,2,2,2,2,2,2,2,0,1298995,2,1,1152,49634,dscw80
0,0,0,0,1,1,1,1,1,1,1,1,1,1,1,1,1,1,1,2,2,2,2,2,2,2,0,6514253,2,0,1151,49440,dscw80
0,0,0,0,0,1,2,2,2,2,2,2,2,2,2,2,2,2,2,2,3,3,3,3,3,3,0,6442724,3,0,1152,49634,dscw80
0,0,0,1,1,1,1,1,1,1,1,1,1,1,1,1,1,1,1,1,1,1,1,1,1,1,0,97582,1,0,1152,49634,dscw80
0,0,0,2,3,3,4,4,4,4,4,4,4,4,4,4,4,4,4,4,5,5,5,5,5,6,0,8690448,6,0,1151,49440,dscw80
0,0,0,2,3,4,4,5,8,9,9,9,11,11,11,11,11,11,11,11,14,14,15,16,16,16,0,33059850,16,0,1152,49634,dscw80
0,0,0,0,0,0,0,0,0,0,0,0,0,0,0,0,0,0,0,0,0,0,1,1,1,1,0,132479,1,1,1152,49634,dscw80
0,0,0,0,0,0,0,0,0,0,0,1,1,1,1,1,1,1,1,1,1,1,1,1,1,1,0,129134,1,0,1181,49634,dscw80
0,0,0,1,1,1,1,1,1,1,1,1,1,1,1,1,1,1,1,1,1,1,1,1,1,1,0,128135,1,1,1152,49634,dscw80
0,0,0,0,0,0,0,0,0,0,0,0,0,1,1,1,1,1,1,1,1,1,1,1,1,1,0,258141,1,1,1173,52590,dscw80
0,0,0,0,0,1,1,1,1,1,1,1,1,1,1,1,1,1,1,1,1,1,1,1,1,1,0,72846,1,1,1151,49440,dscw80
0,0,0,0,1,1,1,1,1,1,1,1,1,1,1,1,1,1,1,1,1,1,1,1,1,1,0,2230,1,0,1152,49634,dscw80
0,0,0,0,0,0,0,0,0,0,1,1,1,1,1,1,1,1,1,1,1,1,1,1,1,1,0,258518,1,1,1151,49634,dscw80
0,0,0,0,0,0,0,0,1,1,1,1,1,1,1,1,1,1,1,1,1,1,1,1,1,1,0,15028,1,1,1181,53188,dscw80
0,0,0,0,0,0,0,0,1,1,1,1,1,1,1,1,1,1,1,1,1,1,1,1,1,1,0,5025216,1,0,1173,52590,dscw80
0,0,0,0,0,0,0,0,0,0,0,1,1,1,1,1,1,1,1,1,1,1,1,1,1,1,0,128095,1,1,1152,49634,dscw80
0,0,0,1,1,1,1,1,1,1,1,1,1,1,1,1,1,1,1,1,1,1,1,1,1,1,0,8810,1,1,1152,49634,dscw80
0,0,1,1,1,1,1,1,1,1,1,1,1,1,1,1,1,1,1,1,1,1,1,1,1,1,0,257796,1,1,1152,49634,dscw80
0,0,0,0,0,1,1,1,3,5,5,5,5,5,5,5,5,5,5,5,6,6,6,6,6,6,0,15534225,6,0,1152,49634,dscw80
0,0,0,1,1,1,1,2,2,2,2,2,2,2,2,2,2,2,2,2,2,2,3,3,3,3,0,4318731,3,0,1152,49634,dscw80
0,0,0,0,0,0,0,0,0,0,0,1,1,1,1,1,1,1,1,1,1,1,1,1,1,1,0,9969531,1,0,1152,49634,dscw80
0,0,0,0,0,0,0,0,0,0,0,0,0,0,0,0,0,0,0,0,1,1,1,1,1,1,0,264542,1,0,1152,49634,dscw80
0,0,0,0,0,0,1,1,1,1,1,1,1,1,1,1,1,1,1,1,1,1,1,1,1,1,0,259379,1,1,1181,53188,dscw80
0,0,0,0,0,1,1,1,1,1,1,1,1,1,1,1,1,1,1,1,1,1,1,1,1,1,0,2122,1,1,1173,52590,dscw80
0,0,0,1,1,1,1,1,1,1,1,1,1,1,1,1,1,1,1,1,1,1,1,1,1,1,0,6178252,1,0,1152,49634,dscw80
0,0,0,0,0,0,0,0,0,0,0,0,0,0,0,0,0,0,0,0,0,0,1,1,1,1,0,128308,1,0,1151,49634,dscw80
0,0,0,0,0,0,0,0,0,0,0,0,0,0,0,0,0,0,0,0,0,0,0,1,1,1,0,2273208,1,0,1151,53188,dscw80
0,0,0,0,0,0,0,0,0,0,1,1,1,1,1,1,1,1,1,1,1,1,1,1,1,1,0,257777,1,1,1151,49440,dscw80
0,0,0,0,0,2,2,2,2,2,2,2,2,2,2,2,2,2,2,2,3,3,3,3,3,3,0,105604,3,1,1152,49634,dscw80
0,0,0,1,2,2,2,2,2,2,2,2,2,2,2,2,2,2,2,2,2,2,3,3,3,3,0,486495,3,1,1181,53188,dscw80
0,0,1,3,3,3,3,3,3,3,3,3,3,3,3,3,3,3,3,3,3,3,3,3,3,3,0,13753743,3,0,1151,49440,dscw80
0,0,0,0,0,0,0,0,0,0,0,0,0,0,0,0,0,0,0,0,1,2,2,2,2,2,0,256490,2,0,1173,52590,dscw80
0,0,0,0,0,0,0,0,0,0,0,0,0,0,0,1,1,1,1,1,1,1,1,1,1,1,0,257619,1,1,1151,49440,dscw80
0,0,0,0,0,0,0,0,0,0,1,2,2,3,4,4,4,4,4,4,4,4,4,4,4,4,0,3846377,4,0,1152,49634,dscw80
0,0,0,0,0,1,3,3,3,3,3,3,3,3,3,4,4,4,4,4,4,4,4,4,4,4,0,23643021,4,1,1152,49634,dscw80
0,0,0,0,1,1,1,1,1,2,2,2,2,2,2,2,2,2,2,2,2,2,2,2,2,2,0,388979,2,0,1173,52590,dscw80
0,0,2,2,5,7,11,13,16,17,23,23,25,25,25,27,28,29,29,29,29,30,30,30,31,31,0,72495848,31,0,1152,49634,dscw80
0,0,0,0,0,1,1,1,1,1,1,1,1,1,2,2,2,2,2,2,2,2,2,2,2,2,0,13701450,2,0,1151,49440,dscw80
0,0,0,0,0,0,0,0,0,0,0,0,0,0,0,0,0,0,0,0,0,1,1,1,1,1,0,128754,1,0,1173,52590,dscw80
0,0,0,0,0,0,0,0,0,0,0,0,0,0,0,0,0,0,0,0,0,1,1,1,1,1,0,2041,1,1,1152,49634,dscw80
0,0,2,2,2,2,2,2,2,2,2,2,2,2,2,2,2,2,2,2,2,2,2,2,2,2,0,259220,2,1,1152,49634,dscw80
0,0,0,0,0,5,10,13,14,16,19,19,21,22,24,25,26,26,26,26,29,29,32,32,32,33,0,45406332,33,1,1152,49634,dscw80
0,0,0,1,1,1,1,1,1,1,1,1,1,1,1,1,1,1,1,1,1,1,1,1,1,1,0,257544,1,1,1181,53188,dscw80
0,0,0,0,0,1,2,4,4,5,5,6,6,7,7,7,7,7,7,7,7,7,7,7,7,7,0,9080846,7,1,1152,49634,dscw80
0,0,0,0,0,0,0,0,0,0,0,0,0,0,1,1,1,1,1,1,1,1,1,1,1,1,0,225228,1,1,1152,49634,dscw80
0,0,0,0,0,0,0,1,2,2,2,3,3,3,3,3,3,3,3,3,3,3,3,3,3,3,0,16830441,3,1,1152,49634,dscw80
0,0,0,2,2,2,2,2,2,2,2,2,2,2,2,2,2,2,2,2,2,2,2,2,2,2,0,19031074,2,0,1152,49634,dscw80
0,0,0,0,0,1,1,1,1,1,2,2,2,2,2,2,2,2,2,2,2,3,3,3,3,3,0,15953,3,1,1181,53188,dscw80
0,0,0,0,0,0,0,0,0,0,0,0,0,0,0,0,0,0,0,0,1,1,1,1,1,1,0,257644,1,0,1181,53188,dscw80
0,0,0,0,0,0,0,0,0,1,2,2,2,2,2,2,2,2,2,2,2,2,2,2,2,2,0,6643125,2,0,1173,52590,dscw80
0,0,0,0,0,0,0,0,0,0,1,2,2,2,2,2,2,2,2,2,2,2,2,2,2,2,0,387607,2,1,1151,49440,dscw80
0,0,0,0,0,0,0,0,0,0,0,0,0,0,0,0,0,0,0,1,1,1,1,1,1,1,0,2425379,1,0,1173,52590,dscw80
0,0,0,0,1,1,2,2,2,2,2,2,2,2,2,2,2,3,4,4,4,4,4,4,4,4,0,14260205,4,0,1152,49634,dscw80
0,0,0,0,0,0,0,0,0,1,1,1,1,1,1,1,1,1,1,1,1,1,1,1,1,1,0,42936,1,0,1181,52590,dscw80
0,0,0,0,0,0,0,0,0,0,0,0,0,0,0,0,0,0,0,0,1,1,1,1,1,1,0,2026,1,0,1152,49634,dscw80
0,0,0,0,1,1,1,1,1,1,1,1,1,1,1,1,1,1,1,1,1,1,1,1,1,1,0,9026064,1,1,1151,49440,dscw80
0,0,0,0,0,0,0,0,0,0,0,0,1,1,1,1,1,1,1,1,1,1,1,1,1,1,0,257884,1,1,1152,49634,dscw80
0,0,0,0,0,0,0,1,1,1,1,1,1,1,1,1,1,1,1,1,1,1,1,1,1,1,0,1890,1,1,1152,49634,dscw80
0,0,0,0,1,1,1,1,1,1,1,1,1,1,1,1,1,1,1,1,1,1,1,1,1,1,0,11599,1,1,1181,53188,dscw80
0,0,0,0,1,6,13,21,25,31,38,39,45,48,53,54,57,60,60,63,72,75,78,79,79,79,0,214942573,79,0,1152,49634,dscw80
0,0,0,0,0,0,0,0,1,2,4,4,5,5,5,5,5,5,5,5,5,5,5,5,5,5,0,14786910,5,0,1151,49634,dscw80
0,0,0,0,0,2,3,4,4,4,4,4,4,4,4,4,4,4,4,4,5,5,5,5,5,5,0,2436101,5,1,1152,49634,dscw80
0,0,0,0,3,10,14,21,27,29,30,31,31,33,33,34,34,35,35,35,36,36,36,36,36,36,0,96856584,36,1,1152,49634,dscw80
0,0,1,2,2,2,2,2,2,2,2,2,2,2,2,2,2,2,2,2,2,2,2,2,2,2,0,65652,2,1,1152,49634,dscw80
0,0,0,0,0,0,0,0,1,2,2,2,2,2,2,2,2,2,2,2,2,2,2,2,2,2,0,4418275,2,1,1152,49634,dscw80
0,0,0,0,0,0,0,0,0,0,0,0,0,1,1,1,1,1,1,1,2,2,2,2,2,2,0,46874,2,0,1173,52590,dscw80
0,0,0,0,0,0,0,0,0,0,0,0,0,0,0,0,0,0,0,0,1,1,1,2,2,2,0,5281949,2,0,1173,52590,dscw80
0,0,1,1,1,1,1,1,1,1,1,1,1,1,1,1,1,1,1,1,1,1,1,1,1,1,0,129318,1,1,1152,49634,dscw80
0,0,0,0,0,2,2,2,2,2,2,2,2,2,2,2,2,2,2,2,2,2,2,2,2,2,0,12149268,2,1,1151,49440,dscw80
0,0,0,0,0,2,2,4,5,5,5,5,5,5,5,7,7,7,7,7,8,8,9,9,9,9,0,39623808,9,0,1152,49634,dscw80
0,0,0,0,0,4,4,4,5,7,8,9,10,10,11,11,11,12,12,12,13,15,16,16,16,16,0,40353722,16,0,1173,52590,dscw80
0,0,0,0,0,0,1,2,3,3,3,3,3,3,3,3,4,4,4,4,4,4,4,4,4,4,0,317522,4,1,1173,52590,dscw80
0,0,0,1,1,1,1,1,1,1,1,1,1,1,1,1,1,1,1,1,1,1,1,1,1,1,0,682,1,1,1151,49440,dscw80
0,0,3,4,5,6,6,7,8,8,8,8,9,9,10,10,10,10,11,11,11,11,11,11,11,12,0,36326513,12,0,1152,49634,dscw80
0,0,0,0,0,0,0,0,0,0,0,0,0,1,1,1,1,1,1,1,1,1,1,1,1,1,0,1837024,1,0,1152,49634,dscw80
0,0,0,0,0,0,0,0,0,0,0,0,0,0,0,0,0,0,0,0,0,0,0,0,0,1,0,64985,1,0,1152,49634,dscw80
0,0,0,0,0,0,1,1,1,1,1,1,1,1,1,1,1,1,1,1,1,1,1,1,1,1,0,1770,1,1,1152,49634,dscw80
0,0,0,0,0,0,0,0,0,0,1,1,1,1,1,2,2,2,2,3,3,3,3,3,3,3,0,516360,3,1,1173,52590,dscw80
0,0,0,0,0,0,0,0,0,0,0,0,0,0,0,0,0,0,0,0,1,1,1,1,1,1,0,1601096,1,1,1181,53188,dscw80
0,0,0,0,0,1,1,2,2,2,2,2,2,2,2,2,2,2,2,2,2,3,3,3,3,3,0,133484,3,1,1173,52590,dscw80
0,0,0,0,0,0,0,1,1,2,2,2,2,2,3,3,3,3,3,4,4,4,4,4,4,4,0,13455007,4,0,1152,49634,dscw80
0,0,0,0,0,0,0,0,0,0,0,0,2,3,3,3,4,5,8,9,14,22,35,39,40,43,3,71926384,46,0,1181,53188,dscw80
0,0,0,0,0,0,0,0,0,0,0,0,0,0,0,0,0,0,0,0,0,0,0,0,0,1,0,195058,1,1,1152,49634,dscw80
0,0,0,0,0,2,3,4,4,4,5,5,5,6,6,6,6,6,6,6,6,6,6,6,6,6,0,1681921,6,1,1152,49634,dscw80
0,0,0,0,1,4,7,11,12,14,15,16,18,18,21,22,22,23,23,23,24,24,26,26,26,26,0,31565289,26,1,1152,49634,dscw80
0,0,0,0,0,0,0,0,0,0,0,0,0,0,0,0,0,1,1,1,1,2,2,2,2,2,0,2755475,2,0,1152,49634,dscw80
0,0,0,0,0,0,0,0,0,0,0,0,0,0,0,0,0,0,0,0,1,1,1,1,1,1,0,257867,1,0,1151,49440,dscw80
0,0,0,0,0,0,0,0,0,0,0,0,0,0,0,0,0,0,0,0,1,1,1,1,1,1,0,6392,1,1,1151,49634,dscw80
0,0,0,0,0,0,0,0,0,0,0,0,1,1,1,1,1,1,1,1,1,1,1,1,1,1,0,2939756,1,0,1173,52590,dscw80
0,0,0,0,0,0,0,1,1,1,1,1,1,1,1,1,1,1,1,1,1,1,1,1,1,1,0,3104459,1,1,1152,49634,dscw80
0,0,0,0,0,0,0,1,1,1,1,1,1,1,1,1,1,1,1,1,1,2,2,2,2,2,0,5193568,2,0,1173,52590,dscw80
0,1,1,1,1,1,1,1,1,1,1,1,1,1,1,1,1,1,1,1,1,1,1,1,1,1,0,2030,1,1,1152,49634,dscw80
0,0,0,0,0,0,0,0,0,0,0,0,0,0,0,0,0,0,0,0,0,1,1,1,1,1,0,43052,1,0,1173,52590,dscw80
0,0,0,0,0,0,0,0,0,1,1,1,1,1,1,1,1,1,1,1,1,2,2,2,2,2,0,9508303,2,0,1173,52590,dscw80
0,0,0,1,2,3,3,4,4,4,4,4,4,4,4,4,4,4,4,4,4,5,6,6,6,6,0,14841347,6,0,1152,49634,dscw80
0,0,0,1,1,1,2,2,2,2,2,2,2,2,2,2,2,2,2,2,2,2,2,2,2,2,0,515937,2,1,1152,49634,dscw80
0,0,0,0,0,0,0,0,0,0,0,0,0,1,1,1,2,2,2,2,2,2,2,2,2,2,0,8498,2,0,1173,52590,dscw80
0,0,1,1,1,1,1,1,1,1,1,1,1,1,1,1,1,1,1,1,1,1,1,1,1,1,0,3188,1,1,1152,49634,dscw80
0,0,0,0,0,0,0,1,1,1,1,1,1,1,1,1,1,1,1,1,1,1,1,1,1,1,0,257701,1,0,1152,49634,dscw80
0,0,0,0,0,0,0,0,0,0,0,0,0,0,0,0,0,0,0,0,0,0,1,1,1,1,0,43490,1,0,1151,49440,dscw80
0,0,0,0,0,0,0,3,6,6,6,9,11,13,13,14,14,14,14,14,14,14,14,14,14,14,0,23567310,14,0,1152,49634,dscw80
0,0,0,0,0,0,0,0,0,0,0,0,0,0,0,0,0,0,0,0,0,0,0,1,1,1,0,67498,1,0,1173,52590,dscw80
0,0,0,0,0,2,5,7,7,10,11,12,12,13,14,14,14,14,14,15,15,15,15,15,15,15,0,74741209,15,1,1152,49634,dscw80
0,0,0,0,0,0,0,0,0,0,1,1,1,1,1,1,1,1,1,1,1,1,1,1,1,1,0,4672430,1,0,1152,49634,dscw80
0,0,0,1,1,2,2,2,2,2,2,2,2,2,2,2,2,2,2,2,2,2,2,2,2,2,0,10268237,2,1,1151,49440,dscw80
0,0,0,0,0,0,0,0,0,1,1,2,2,2,2,2,2,2,2,2,2,2,2,2,2,2,0,8629614,2,0,1173,52590,dscw80
0,0,0,0,0,0,0,0,0,0,0,0,3,4,4,4,4,4,4,4,5,6,6,6,6,6,0,16948674,6,0,1173,52590,dscw80
0,0,0,0,0,0,0,0,0,0,0,0,0,0,0,0,0,0,0,0,0,1,1,1,1,1,0,3301854,1,1,1152,49634,dscw80
0,0,0,0,0,0,1,2,4,4,4,5,5,5,5,5,5,5,5,6,8,8,9,9,9,9,0,32218192,9,0,1152,49634,dscw80
0,0,1,1,1,1,2,2,2,2,2,2,2,2,2,3,3,3,3,3,3,3,3,3,3,3,0,7332388,3,0,1152,49634,dscw80
0,0,0,0,0,0,0,0,0,1,1,1,1,1,1,1,1,1,1,1,1,1,1,1,1,1,0,257443,1,0,1152,49634,dscw80
0,0,0,0,0,1,4,6,7,7,7,8,9,11,11,12,12,12,12,12,13,13,14,14,14,14,0,19849173,14,0,1152,49634,dscw80
0,0,0,0,0,0,0,0,0,1,1,1,1,1,1,1,1,1,1,1,1,1,1,1,1,1,0,257902,1,1,1181,53188,dscw80
0,0,0,0,0,0,0,0,0,0,0,0,0,0,0,0,1,1,1,1,1,1,1,1,1,1,0,128413,1,0,1173,52590,dscw80
0,0,0,2,2,5,5,5,7,7,8,8,9,9,9,9,9,9,9,9,10,10,10,10,10,10,0,34132384,10,1,1173,52590,dscw80
0,0,0,0,2,3,4,8,9,10,12,12,12,12,12,13,13,13,13,13,13,13,14,14,14,14,0,8223175,14,1,1152,49634,dscw80
0,0,0,0,0,9,18,24,36,40,51,58,64,69,73,74,76,77,78,79,84,87,89,89,90,91,0,198472306,91,0,1152,49634,dscw80
0,0,0,0,0,0,0,0,0,0,0,0,0,0,0,0,0,0,0,0,0,0,0,0,1,1,0,711243,1,0,1181,53188,dscw80
0,0,0,0,0,0,0,0,1,1,1,1,1,1,1,1,1,1,1,1,1,1,1,1,2,2,0,514947,2,1,1151,49440,dscw80
0,0,0,0,0,0,0,0,1,1,1,1,1,1,1,1,1,1,1,1,1,1,1,1,1,1,0,128228,1,0,1152,49634,dscw80
0,0,0,2,3,4,4,5,5,5,5,6,6,6,6,6,6,6,6,6,6,6,6,6,6,6,0,17632836,6,0,1151,49440,dscw80
0,0,0,0,0,0,0,0,0,0,0,1,1,1,1,1,1,1,1,1,2,2,2,3,3,3,0,4400403,3,0,1152,49634,dscw80
0,0,0,0,0,0,0,0,0,0,0,0,0,0,0,0,0,0,0,0,0,0,1,1,1,1,0,1629,1,1,1173,52590,dscw80
0,0,1,2,4,5,5,6,6,6,6,6,6,7,8,8,8,8,8,9,11,12,15,15,19,24,10,45726,34,1,1151,49440,dscw80
0,0,0,0,0,0,0,0,2,2,2,2,2,2,2,2,2,2,2,2,2,2,2,2,2,2,0,12751843,2,0,1181,49634,dscw80
0,0,0,0,0,0,0,0,0,0,0,1,1,1,1,1,1,1,1,1,1,1,1,1,1,1,0,257659,1,1,1152,49634,dscw80
0,0,0,0,0,0,0,0,0,0,0,0,1,1,1,1,1,1,1,1,1,1,1,1,1,1,0,2874,1,1,1173,52590,dscw80
0,0,0,1,1,3,3,3,4,4,5,6,6,6,6,6,6,6,6,6,6,6,6,6,6,6,0,21625683,6,0,1152,49634,dscw80
0,0,0,0,0,0,1,1,1,1,1,1,1,2,2,2,2,2,2,2,2,2,2,2,2,2,0,3951525,2,0,1152,49634,dscw80
0,0,0,0,0,0,0,0,0,0,0,0,0,0,0,0,0,0,0,0,1,1,1,1,1,1,0,769833,1,0,1152,49634,dscw80
0,0,0,0,0,0,0,0,0,0,0,0,0,0,1,1,1,1,1,1,1,1,1,1,1,1,0,257571,1,1,1151,49634,dscw80
0,0,0,0,0,0,0,0,0,0,0,0,0,0,0,0,0,0,0,0,0,0,1,1,1,1,0,113519,1,0,1151,49440,dscw80
0,0,0,0,0,0,0,0,1,4,7,10,10,11,11,11,11,11,13,15,19,20,22,23,23,23,1,56055274,24,0,1152,49634,dscw80
0,0,2,2,2,2,2,2,2,2,2,2,2,2,2,2,2,2,2,2,2,2,2,2,2,2,0,1127640,2,0,1151,49440,dscw80
0,0,0,0,0,0,0,0,0,0,0,0,0,0,0,0,0,0,0,0,0,1,1,1,1,1,0,2056006,1,0,1152,49440,dscw80
0,0,0,0,0,0,0,0,0,1,1,1,1,1,1,1,1,1,1,1,1,1,1,1,1,1,0,9972,1,1,1152,49634,dscw80
0,0,0,0,0,0,0,0,0,0,0,0,0,0,0,0,0,0,0,0,1,1,1,1,1,1,0,13554897,1,0,1173,49440,dscw80
0,0,0,0,0,1,4,5,10,14,16,20,21,25,27,27,28,29,29,29,30,31,32,32,32,32,0,86568679,32,0,1152,49634,dscw80
0,0,0,0,0,0,0,0,0,0,0,0,0,0,0,0,0,0,0,0,1,1,1,1,1,1,0,1431936,1,1,1151,49440,dscw80
0,0,0,0,0,0,0,0,2,7,7,8,9,11,12,13,13,14,14,15,20,20,20,20,20,20,0,45310292,20,0,1152,49634,dscw80
0,0,0,0,0,0,0,0,0,0,1,1,1,1,1,1,1,1,1,1,1,1,1,1,1,1,0,257626,1,0,1181,53188,dscw80
0,0,0,0,0,0,0,0,0,0,0,0,0,1,1,1,1,1,1,1,1,1,1,1,1,1,0,257651,1,0,1152,49634,dscw80
0,0,0,0,0,0,0,1,1,2,2,2,2,2,2,2,2,2,2,2,2,2,2,2,2,2,0,11022046,2,1,1152,49634,dscw80
0,0,0,0,0,0,0,0,0,0,0,0,0,0,0,0,0,0,0,0,0,0,0,0,1,1,0,944714,1,0,1173,52590,dscw80
0,0,0,0,0,0,0,0,1,1,1,1,1,1,1,1,1,1,1,1,1,1,1,1,1,1,0,81488,1,1,1173,52590,dscw80
0,0,0,0,0,0,0,0,0,0,0,0,0,0,0,0,0,0,0,0,1,1,1,1,1,1,0,1830,1,0,1151,49634,dscw80
0,0,0,0,0,1,1,1,1,2,2,2,2,2,2,2,2,2,2,2,2,3,3,3,3,3,0,772983,3,1,1152,49634,dscw80
0,0,0,0,1,1,1,1,1,2,2,2,2,2,2,2,2,2,2,2,2,2,2,2,2,2,0,131492,2,1,1151,49440,dscw80
0,0,0,0,0,0,0,0,0,0,0,0,0,1,1,1,1,1,1,1,1,1,1,1,1,1,0,128985,1,1,1181,53188,dscw80
0,0,0,0,0,0,0,1,1,1,1,1,1,1,1,1,1,1,1,1,1,1,1,1,1,1,0,2031,1,1,1151,49440,dscw80
0,0,0,0,1,1,1,1,1,1,1,1,1,1,1,1,1,1,1,1,1,1,1,1,1,1,0,165279,1,0,1152,49634,dscw80
0,0,0,0,0,0,0,1,1,1,1,1,1,1,1,1,1,1,1,1,1,1,1,1,1,1,0,4978,1,1,1152,49634,dscw80
0,0,0,0,0,0,1,3,3,4,4,4,4,5,5,5,5,5,5,5,5,5,5,5,5,5,0,5786831,5,0,1151,49440,dscw80
0,0,0,0,0,0,0,0,0,0,0,0,0,0,0,0,0,0,0,0,0,0,0,1,1,1,0,2024161,1,0,1152,49634,dscw80
0,0,0,0,0,0,0,0,0,0,0,0,0,0,0,0,0,0,0,0,1,1,1,1,1,1,0,8363,1,1,1151,49440,dscw80
0,0,0,0,0,0,0,0,0,0,0,1,1,1,1,1,1,1,1,1,2,2,2,2,2,2,0,3331661,2,0,1152,49634,dscw80
0,0,0,0,0,0,0,0,0,0,0,0,0,0,1,1,1,1,1,1,1,1,1,1,1,1,0,1830,1,1,1173,52590,dscw80
0,0,0,0,0,0,1,2,2,2,3,5,6,6,6,6,6,6,6,6,6,6,6,6,6,6,0,19168859,6,0,1152,49634,dscw80
0,0,1,1,1,1,1,1,1,1,1,1,1,1,1,1,1,1,1,1,1,1,1,1,1,1,0,1938,1,1,1181,49634,dscw80
0,0,0,0,0,0,0,0,0,0,0,1,1,1,1,1,1,1,1,1,1,1,1,1,1,1,0,3452498,1,0,1173,52590,dscw80
0,0,0,0,0,0,0,1,1,1,1,1,1,1,1,1,1,2,2,2,2,2,2,2,2,2,0,515095,2,0,1173,52590,dscw80
0,0,0,2,2,2,2,2,2,2,2,2,2,2,2,2,2,2,2,2,2,2,2,2,2,2,0,12973882,2,1,1152,49634,dscw80
0,0,2,5,6,6,6,7,9,9,9,10,10,10,10,10,10,10,10,10,10,10,10,10,10,10,0,1656029,10,1,1181,53188,dscw80
0,0,0,0,0,1,1,1,2,2,2,2,2,2,2,2,2,2,2,2,2,2,2,2,2,2,0,17401,2,1,1152,49634,dscw80
0,0,0,0,0,0,4,4,5,6,7,8,8,8,9,9,9,9,9,10,10,11,11,11,11,11,0,21420708,11,1,1173,52590,dscw80
0,0,0,0,0,0,0,0,0,1,1,1,2,2,2,2,2,3,3,3,3,3,3,3,3,3,0,9040,3,1,1151,49440,dscw80
0,0,0,0,0,0,0,1,1,1,1,1,1,1,1,1,1,1,1,1,1,1,1,1,1,1,0,3951667,1,0,1152,49634,dscw80
0,0,1,1,1,1,1,1,1,1,1,1,1,1,1,1,1,1,1,1,1,1,1,1,1,1,0,2177,1,1,1152,49634,dscw80
0,0,3,6,11,13,15,17,18,20,20,20,20,21,21,21,21,21,21,21,25,27,27,28,28,28,0,92035487,28,0,1181,53188,dscw80
0,0,0,1,1,1,1,1,1,1,1,1,1,1,1,1,1,1,1,1,1,1,1,1,1,1,0,2489,1,1,1152,49634,dscw80
0,0,0,0,0,0,1,2,2,2,3,3,3,3,3,3,4,4,4,4,4,4,4,4,4,4,0,1168537,4,1,1152,49634,dscw80
0,0,0,0,0,0,0,0,0,1,1,1,1,1,1,1,1,1,1,1,1,1,1,1,1,1,0,257961,1,1,1152,49634,dscw80
0,0,0,0,0,0,0,1,1,1,1,1,1,1,1,1,1,1,1,1,1,1,1,1,1,1,0,18822,1,1,1152,49634,dscw80
0,0,0,0,0,0,0,0,0,0,0,0,0,0,1,1,1,1,1,1,1,1,1,1,1,1,0,257976,1,1,1173,52590,dscw80
0,0,0,0,0,1,1,1,1,1,1,1,1,1,1,1,1,1,1,1,1,1,1,1,1,1,0,129547,1,1,1152,49634,dscw80
0,0,0,0,0,0,0,0,0,0,0,0,0,0,0,1,1,1,1,1,1,1,1,1,1,1,0,14988525,1,0,1151,49634,dscw80
0,0,0,0,0,0,0,0,0,1,1,1,1,1,1,1,1,1,1,1,1,1,1,1,1,1,0,258037,1,1,1152,49634,dscw80
0,0,0,0,0,0,0,0,0,0,0,0,0,0,0,0,0,0,1,1,1,1,1,1,1,1,0,2407,1,1,1152,49634,dscw80
0,0,0,0,0,0,0,0,0,0,1,1,1,1,1,1,1,1,1,1,1,1,1,1,1,1,0,257669,1,0,1152,49634,dscw80
0,0,0,0,0,0,1,4,4,6,7,7,7,7,8,8,10,10,10,10,13,13,14,15,15,15,0,43984185,15,0,1152,49634,dscw80
0,0,0,0,0,1,1,1,1,1,1,1,1,1,1,1,1,1,1,1,2,2,2,2,2,2,0,1398145,2,1,1152,49634,dscw80
0,0,0,0,1,1,1,1,1,1,1,1,1,1,1,1,1,1,1,1,1,1,1,1,1,1,0,10001907,1,1,1152,49634,dscw80
0,0,0,0,0,0,0,0,0,0,1,1,1,1,1,1,1,1,1,1,1,1,1,1,1,1,0,6071252,1,1,1152,49634,dscw80
0,0,0,4,6,9,13,13,15,16,18,19,20,21,21,21,21,22,23,23,24,24,27,27,27,27,0,74407168,27,0,1152,49634,dscw80
0,0,0,0,0,1,1,1,1,1,1,1,1,1,1,1,1,1,1,1,1,1,1,1,1,1,0,128855,1,1,1173,52590,dscw80
0,0,0,0,0,0,0,0,0,0,0,0,1,1,1,1,1,2,2,2,2,2,2,2,2,2,0,2555416,2,0,1173,49440,dscw80
0,0,0,0,0,0,0,0,1,1,1,1,1,1,1,1,2,2,2,2,3,3,3,3,3,3,0,210675,3,0,1173,52590,dscw80
0,0,0,0,0,0,0,0,0,0,0,0,0,0,1,1,1,1,1,1,2,2,2,2,2,2,0,3609169,2,0,1152,49634,dscw80
0,0,0,0,0,0,0,0,1,1,1,1,1,1,1,1,1,1,1,1,1,1,1,1,1,1,0,884,1,0,1151,49440,dscw80
0,0,0,0,0,0,0,0,0,0,0,1,1,1,1,1,1,1,1,1,1,1,1,1,1,1,0,166025,1,0,1173,52590,dscw80
0,0,0,0,0,0,2,2,2,2,2,2,2,3,3,3,3,4,5,5,7,8,8,8,8,8,0,30661643,8,0,1173,52590,dscw80
0,0,0,0,0,2,3,4,8,10,11,12,14,15,15,15,17,17,17,17,20,20,22,22,22,22,0,47629680,22,0,1173,52590,dscw80
0,0,2,2,2,2,2,2,2,2,2,2,2,2,2,2,2,2,2,2,2,2,2,2,2,2,0,66483,2,1,1181,49634,dscw80
0,1,1,1,1,1,1,1,1,1,1,1,1,1,1,1,1,1,1,1,1,1,1,1,1,1,0,2003,1,0,1152,49634,dscw80
0,0,0,0,0,0,0,0,0,0,0,0,0,0,0,0,1,1,1,1,1,1,1,1,1,1,0,4076731,1,0,1181,52590,dscw80
0,0,0,0,0,0,0,0,0,0,0,0,0,0,0,0,0,0,0,0,0,1,1,1,1,1,0,64838,1,1,1151,49634,dscw80
0,0,0,0,0,0,0,0,1,1,1,1,2,2,2,2,2,2,2,2,2,2,2,2,2,2,0,515201,2,0,1152,49634,dscw80
0,0,0,0,0,0,0,0,1,1,1,1,1,1,1,1,1,1,1,1,1,1,1,1,1,1,0,1968,1,0,1151,49440,dscw80
0,0,2,2,2,3,3,3,3,3,3,3,3,3,3,3,3,3,3,3,3,3,3,3,3,3,0,15571565,3,1,1152,49634,dscw80
0,0,0,0,0,1,1,1,1,1,1,1,1,1,1,1,1,1,1,1,1,1,1,1,1,1,0,762899,1,0,1173,52590,dscw80
0,0,0,0,0,0,0,0,0,1,1,1,1,1,1,1,1,1,1,1,1,1,1,1,1,1,0,64924,1,1,1152,49634,dscw80
0,0,0,0,0,0,0,0,0,0,0,1,1,1,1,1,1,1,1,1,1,1,1,1,1,1,0,128226,1,1,1152,49634,dscw80
0,0,0,0,0,0,0,0,0,0,1,1,1,1,1,1,1,1,1,1,2,2,2,2,2,2,0,1210354,2,0,1152,49634,dscw80
0,0,0,0,0,0,0,0,0,1,1,2,2,2,2,2,2,2,2,2,2,2,2,2,2,2,0,257711,2,0,1152,49634,dscw80
0,0,0,0,0,0,1,1,1,1,1,1,1,1,1,1,1,1,1,1,1,1,1,1,1,1,0,128622,1,0,1151,49440,dscw80
0,0,0,0,1,1,1,1,1,1,1,1,2,2,2,2,2,2,2,2,2,2,2,2,2,2,0,129367,2,1,1152,49634,dscw80
0,0,0,0,0,1,1,1,1,1,1,1,2,2,2,3,3,3,3,3,3,3,3,3,3,3,0,5290,3,1,1152,49634,dscw80
0,0,0,0,1,1,1,1,3,3,3,3,3,3,3,3,4,4,4,5,7,11,12,17,18,24,9,21163120,33,0,1151,49440,dscw80
0,0,1,1,1,1,1,1,1,1,1,1,1,1,1,1,1,1,1,1,1,1,1,1,1,1,0,128628,1,1,1151,49440,dscw80
0,0,0,0,1,1,2,2,2,2,2,2,2,3,3,3,3,3,3,3,3,3,3,3,3,3,0,22458592,3,0,1152,49634,dscw80
0,0,0,0,0,1,1,1,1,1,1,1,1,1,1,1,1,1,1,1,2,2,2,2,2,2,0,131620,2,1,1152,49634,dscw80
0,0,0,0,0,0,0,0,0,0,0,0,0,1,1,2,2,3,3,3,3,3,3,3,3,3,0,25056376,3,0,1173,52590,dscw80
0,0,1,1,1,2,2,2,2,2,2,2,2,2,2,2,2,2,2,2,2,2,2,2,2,2,0,22954683,2,0,1152,49634,dscw80
0,0,0,0,0,0,0,0,0,0,0,0,0,0,0,1,1,1,1,1,1,1,1,1,1,1,0,258745,1,1,1152,49634,dscw80
0,0,0,0,0,0,0,0,0,0,0,0,0,0,0,0,0,0,0,0,0,0,0,0,0,1,4,6348,5,1,1152,49634,dscw80
0,0,0,0,0,0,0,0,1,1,2,2,2,2,2,2,2,2,2,2,2,2,2,2,2,2,0,3075893,2,0,1152,49634,dscw80
0,0,0,0,0,0,0,1,1,1,1,1,1,1,1,1,1,1,1,1,1,1,1,1,1,1,0,2649,1,0,1151,49634,dscw80
0,0,0,0,0,1,1,1,1,1,1,1,1,1,1,1,1,1,1,1,1,1,1,1,1,1,0,2937729,1,1,1152,49634,dscw80
0,0,0,0,0,0,0,0,0,0,0,0,0,0,0,0,0,0,0,0,1,1,1,1,1,1,0,8553097,1,0,1151,49440,dscw80
0,0,0,0,0,0,0,0,0,0,1,1,1,1,1,1,1,1,1,1,1,1,1,1,1,1,0,128700,1,1,1151,49440,dscw80
0,0,0,0,0,0,0,0,1,1,1,1,1,1,1,1,1,1,1,1,1,1,1,1,1,1,0,16364984,1,0,1151,49634,dscw80
0,0,0,0,0,0,0,0,0,0,0,0,0,0,0,0,0,0,0,1,1,1,1,1,1,1,0,3498530,1,0,1151,49440,dscw80
0,0,0,0,0,0,1,1,1,1,1,1,1,1,1,1,1,1,1,1,1,1,1,1,1,1,0,1554,1,1,1151,49634,dscw80
0,0,0,0,0,0,0,0,0,1,1,1,1,1,1,1,1,1,1,1,1,1,1,1,1,1,0,128847,1,0,1181,49634,dscw80
0,0,0,0,0,0,0,0,0,0,0,0,0,0,0,0,0,0,1,1,1,1,1,1,1,1,0,1502050,1,1,1181,53188,dscw80
0,0,0,0,0,0,0,0,0,0,0,0,0,0,0,0,0,0,0,0,0,0,1,1,1,1,0,3684736,1,0,1152,49634,dscw80
0,0,0,5,11,20,32,37,39,42,45,47,48,49,49,50,50,50,50,50,52,53,57,58,58,58,0,196039682,58,0,1152,49634,dscw80
0,0,0,0,0,0,0,0,0,0,0,0,0,0,0,0,0,0,0,0,0,0,1,1,1,1,0,3718121,1,0,1173,52590,dscw80
0,0,0,0,0,2,2,2,2,2,2,2,2,2,2,2,2,2,2,2,2,2,2,2,2,2,0,5814,2,1,1152,49634,dscw80
0,0,0,0,0,0,3,12,21,24,31,35,39,46,51,54,59,62,63,66,74,81,86,89,90,90,0,271825220,90,0,1173,52590,dscw80
0,0,0,4,5,6,7,7,7,7,7,7,7,7,7,7,7,7,7,7,7,7,7,7,7,7,0,22951912,7,1,1152,49634,dscw80
0,0,0,0,0,0,0,0,0,1,1,1,1,1,1,1,1,1,1,1,1,1,1,1,1,1,0,8571876,1,0,1152,49634,dscw80
0,0,0,0,0,3,3,3,4,4,5,5,5,5,5,5,5,5,5,5,5,5,5,5,5,5,0,2566861,5,1,1173,52590,dscw80
0,0,1,3,5,7,9,9,11,12,12,14,14,15,18,18,18,20,21,21,23,24,24,24,24,24,0,50336575,24,0,1152,49634,dscw80
0,0,0,0,0,0,1,1,1,2,2,2,2,2,2,2,2,2,2,2,2,2,2,2,2,2,0,1795046,2,0,1173,52590,dscw80
0,0,0,0,0,0,0,0,0,0,1,1,1,1,1,1,1,1,1,1,1,1,1,1,1,1,0,131570,1,0,1152,49634,dscw80
0,0,0,0,0,0,0,0,0,0,0,0,0,0,0,0,0,0,0,0,0,1,2,2,2,2,0,228193,2,0,1173,52590,dscw80
0,0,0,0,0,0,0,0,0,0,0,1,1,1,1,1,1,1,1,1,1,1,1,1,1,1,0,2164,1,1,1173,52590,dscw80
0,0,0,0,0,0,1,1,1,1,1,1,1,1,1,1,1,1,1,1,1,1,2,2,2,2,0,4421459,2,0,1181,53188,dscw80
0,0,0,0,0,5,7,7,8,8,10,12,12,12,12,12,12,12,12,13,16,16,16,16,17,17,0,88762771,17,0,1152,49634,dscw80
0,0,0,0,0,0,0,0,0,0,0,0,0,0,0,0,0,0,0,1,2,4,4,4,4,4,0,263079,4,0,1181,53188,dscw80
0,0,0,0,1,1,1,1,2,2,2,2,2,2,2,2,2,2,2,3,4,4,4,4,4,4,0,11439123,4,0,1173,52590,dscw80
0,0,0,0,0,0,0,0,0,0,0,0,0,0,0,0,0,0,0,0,1,1,1,1,1,1,0,3552,1,1,1152,49634,dscw80
0,0,0,0,0,0,0,0,0,0,0,0,0,0,0,0,0,0,0,0,0,1,1,1,1,1,0,258846,1,0,1152,49634,dscw80
0,0,0,0,0,1,1,1,2,2,2,2,2,2,2,2,2,3,3,3,3,3,3,3,3,3,0,11302850,3,0,1152,49634,dscw80
0,0,0,0,0,0,0,0,1,2,2,2,2,2,2,2,2,2,2,2,3,3,3,3,3,3,0,6846070,3,0,1151,49634,dscw80
0,0,0,0,0,0,0,0,0,0,0,0,0,1,1,1,1,1,1,1,1,1,1,1,1,1,1,2324670,2,0,1152,49440,dscw80
0,0,0,0,0,0,0,0,0,0,0,0,0,0,0,0,0,0,0,0,0,0,0,0,1,2,0,6973448,2,0,1152,49634,dscw80
0,0,0,0,1,13,24,35,48,63,71,79,86,89,93,96,99,102,104,104,113,115,119,119,119,120,1,285297798,121,0,1152,49634,dscw80
0,0,0,1,1,2,3,4,4,5,6,6,6,6,6,6,6,7,7,7,7,7,7,7,7,7,0,32471774,7,0,1151,49440,dscw80
0,0,0,1,1,1,1,1,1,1,1,1,1,1,1,1,1,1,1,1,1,1,1,1,1,1,0,257856,1,1,1152,49634,dscw80
0,0,0,0,0,0,0,0,0,1,1,1,1,1,1,1,1,1,1,1,1,1,1,1,1,1,0,128859,1,0,1152,49634,dscw80
0,0,0,0,0,0,0,0,0,0,0,1,1,1,2,2,2,2,2,2,2,2,2,2,2,2,0,17594249,2,0,1151,49634,dscw80
0,0,0,1,1,1,1,1,1,1,1,1,1,1,1,1,1,1,1,1,1,1,1,1,1,1,0,12894546,1,0,1181,53188,dscw80
0,0,0,0,0,0,0,0,0,0,1,1,1,1,1,1,1,1,1,1,1,1,1,1,1,1,0,258824,1,1,1152,49634,dscw80
0,0,0,0,0,0,0,0,0,0,0,0,0,0,0,0,0,0,0,0,0,0,1,1,1,1,0,6443098,1,0,1151,49440,dscw80
0,0,1,2,2,2,2,2,2,2,2,2,2,2,2,2,2,2,2,3,3,3,3,3,3,3,0,16570352,3,0,1152,49634,dscw80
0,0,0,0,0,0,0,0,1,1,1,1,1,1,1,1,1,1,1,1,1,1,1,1,1,1,0,128540,1,0,1152,49634,dscw80
0,0,0,0,0,0,0,1,1,1,2,2,2,2,2,2,2,2,2,2,2,3,5,5,5,5,0,15561513,5,0,1151,49440,dscw80
0,0,1,1,2,2,2,2,2,2,2,2,2,2,2,2,2,2,2,2,4,4,5,5,5,5,0,2776315,5,0,1152,49634,dscw80
0,0,0,1,2,3,3,3,3,3,3,3,3,3,3,3,3,3,3,3,3,3,3,3,3,3,0,260637,3,0,1173,52590,dscw80
0,0,0,0,0,0,0,0,1,1,1,1,1,1,1,2,2,2,2,2,3,3,4,4,4,4,0,10933865,4,0,1152,49634,dscw80
0,0,0,0,0,0,0,0,0,0,0,0,0,0,0,0,0,0,0,0,0,0,0,0,1,1,0,2493985,1,0,1152,49634,dscw80
0,0,0,0,0,0,0,0,0,0,0,0,0,0,0,0,0,0,0,0,1,1,1,1,1,1,0,5186520,1,0,1152,49634,dscw80
0,0,0,3,4,4,4,5,5,5,5,5,5,5,5,5,5,5,5,5,5,5,5,5,5,5,0,8022971,5,0,1152,49634,dscw80
0,0,0,0,0,0,0,0,0,1,1,1,1,1,1,1,1,1,1,1,1,1,1,1,1,1,0,132447,1,0,1151,49634,dscw80
0,0,0,0,1,1,1,1,1,1,1,1,1,1,1,1,1,1,1,1,1,2,2,2,2,2,0,172725,2,0,1152,49634,dscw80
0,0,0,0,0,0,0,0,0,0,0,1,1,1,1,1,1,1,1,1,1,1,3,3,3,4,2,7901,6,1,1181,53188,dscw80
0,0,0,0,0,0,0,0,0,0,0,1,1,1,1,1,1,1,1,1,2,2,2,2,2,2,0,28978485,2,1,1152,49634,dscw80
0,0,0,0,0,0,0,2,3,5,5,6,7,8,9,9,9,9,9,9,9,10,10,10,10,10,0,57853692,10,0,1151,49634,dscw80
0,0,0,1,1,1,2,2,2,2,2,2,2,2,2,2,2,2,2,2,2,2,2,2,2,2,0,260768,2,1,1173,52590,dscw80
0,0,0,0,0,0,0,0,0,0,0,0,0,0,0,0,0,0,0,0,1,1,2,2,2,2,0,2235839,2,0,1181,52590,dscw80
0,0,0,0,1,2,10,13,17,19,20,22,25,25,27,27,28,28,28,29,34,36,39,40,40,40,1,114391336,41,0,1152,49634,dscw80
0,0,0,0,0,0,0,0,1,1,1,1,1,1,1,1,1,1,1,1,1,1,1,1,1,1,0,13472636,1,0,1151,49440,dscw80
0,0,0,0,0,0,0,0,0,0,0,0,0,0,0,0,0,0,0,0,0,0,1,1,1,1,0,5414,1,0,1173,52590,dscw80
0,0,0,0,0,1,1,1,1,1,2,2,2,2,2,2,2,2,2,2,2,2,2,2,2,2,0,3547199,2,0,1152,49634,dscw80
0,0,0,0,1,1,1,1,1,1,1,1,1,1,1,1,1,1,1,1,1,1,1,1,1,1,0,7147321,1,1,1151,49440,dscw80
0,0,0,0,0,0,0,0,1,1,1,1,1,1,1,1,1,1,1,1,1,1,1,1,1,1,0,809354,1,0,1152,49634,dscw80
0,0,0,0,0,0,0,1,1,1,1,2,2,2,2,2,2,2,2,2,2,2,4,4,5,5,0,10207479,5,0,1151,49440,dscw80
0,0,0,0,0,0,0,0,0,0,1,1,1,1,1,1,1,1,2,3,3,4,4,4,4,4,0,3428832,4,0,1173,52590,dscw80
0,0,0,0,0,0,0,0,0,0,0,0,0,0,0,0,0,0,0,0,0,0,0,0,0,1,0,128718,1,1,1152,49634,dscw80
0,0,0,0,0,1,1,1,1,1,1,1,1,1,1,1,1,1,1,1,1,1,1,1,1,1,0,1189,1,1,1173,52590,dscw80
0,0,0,0,0,0,0,0,0,0,0,0,0,0,0,0,0,1,1,1,2,2,2,2,2,2,0,12638279,2,1,1151,49634,dscw80
0,0,0,0,0,4,15,25,29,38,43,45,49,51,53,58,59,61,62,62,67,70,74,74,74,74,0,202606351,74,0,1152,49634,dscw80
0,0,0,0,0,0,0,0,1,1,1,1,1,1,1,1,1,1,1,1,1,1,1,1,1,1,0,8276143,1,0,1181,53188,dscw80
0,0,0,0,0,0,0,0,0,0,0,0,0,0,0,0,0,0,0,0,1,1,1,1,1,1,0,6027,1,0,1173,49440,dscw80
0,0,0,1,1,1,1,1,1,1,1,1,1,1,1,1,1,1,1,1,1,1,1,1,1,1,0,226694,1,1,1152,49634,dscw80
0,0,2,2,2,2,2,2,3,3,3,3,3,3,3,3,3,3,3,3,3,3,3,3,3,3,0,1103572,3,0,1152,49634,dscw80
0,0,0,0,0,0,0,0,0,0,0,0,1,1,1,1,1,1,1,1,1,1,1,1,1,1,0,64652,1,0,1173,52590,dscw80
0,0,0,0,0,0,0,0,1,3,3,3,3,3,3,3,3,3,3,3,4,5,5,5,5,5,0,2406560,5,1,1152,49634,dscw80
0,0,0,0,0,0,0,0,0,0,0,0,0,0,0,1,1,1,1,1,1,1,1,1,1,1,0,128475,1,0,1173,52590,dscw80
0,0,0,0,0,0,0,0,1,1,1,1,1,1,1,1,1,1,1,1,1,1,1,1,1,1,0,128584,1,1,1173,52590,dscw80
0,0,0,0,0,0,0,0,0,0,0,0,0,0,0,0,0,0,0,0,0,0,0,0,0,0,1,2076,1,0,1152,49440,dscw80
0,0,0,1,2,2,2,2,2,2,2,3,3,3,3,3,3,3,3,3,3,3,3,3,3,3,0,9847270,3,0,1151,49440,dscw80
0,0,0,0,0,1,1,1,1,1,1,1,1,1,1,1,1,1,1,1,1,1,1,1,1,1,0,2613,1,1,1181,52590,dscw80
0,0,0,0,0,0,0,0,1,1,1,1,1,1,1,1,1,1,1,1,1,1,1,1,1,1,0,2802,1,0,1152,49634,dscw80
0,0,0,0,0,0,0,0,0,0,0,0,0,0,0,0,0,0,0,1,1,1,1,1,1,1,0,4958,1,1,1152,49634,dscw80
0,0,0,0,0,0,0,0,0,0,1,1,1,1,1,1,1,1,1,1,1,1,1,1,1,1,0,43604,1,0,1152,49634,dscw80
0,0,0,0,0,0,0,0,0,0,0,1,1,1,1,1,1,1,1,1,1,1,1,1,1,1,0,257316,1,0,1181,52590,dscw80
0,0,0,0,0,0,0,0,0,0,0,0,0,0,0,0,0,0,0,0,0,0,0,1,1,1,0,128583,1,1,1152,49634,dscw80
0,0,0,0,0,0,1,1,1,1,1,1,1,1,1,1,1,1,1,1,1,1,1,1,1,1,0,2325406,1,0,1152,49634,dscw80
0,0,0,0,0,0,0,0,0,0,0,0,0,0,0,0,0,0,1,1,1,1,1,1,1,1,0,257894,1,0,1152,49634,dscw80
0,0,0,0,0,0,1,1,2,2,3,5,5,5,5,5,5,5,5,5,6,6,6,6,6,6,0,16295325,6,1,1152,49634,dscw80
0,0,0,0,0,0,0,0,0,0,1,1,2,3,3,3,3,3,3,3,4,4,4,4,4,4,0,1835331,4,0,1173,52590,dscw80
0,0,0,0,1,1,1,1,1,1,1,1,1,1,1,1,1,1,1,1,2,2,2,2,2,2,0,322419,2,1,1152,49634,dscw80
0,0,0,0,1,1,1,1,1,1,1,1,1,1,1,1,1,1,1,1,1,1,1,1,1,1,0,1598520,1,1,1152,49634,dscw80
0,0,2,6,6,8,8,8,8,8,8,8,8,8,8,8,8,8,8,8,8,8,8,8,8,8,0,5609194,8,1,1152,49634,dscw80
0,0,0,0,0,0,0,0,0,0,0,0,0,0,0,1,1,1,1,1,1,1,1,1,1,1,0,258675,1,1,1173,52590,dscw80
0,0,0,0,2,7,8,11,12,14,14,15,15,15,15,15,16,16,16,16,17,17,19,19,19,19,0,50036707,19,0,1151,49440,dscw80
0,0,0,0,0,0,0,0,0,0,0,0,0,0,0,0,0,0,0,0,1,1,1,1,1,1,0,2648,1,1,1181,49440,dscw80
0,0,0,0,1,1,2,3,3,3,3,3,3,3,3,3,3,3,3,3,3,3,3,3,3,3,0,398423,3,1,1152,49634,dscw80
0,0,0,0,1,1,1,1,1,1,1,1,1,1,1,1,1,1,1,1,1,1,1,1,1,1,0,64895,1,1,1181,53188,dscw80
0,0,0,0,0,0,0,0,0,0,0,0,0,0,0,0,0,0,0,0,1,1,1,1,1,1,0,128958,1,0,1151,49634,dscw80
0,0,0,0,0,1,1,1,1,1,1,1,1,1,2,2,2,2,2,2,2,2,2,2,2,2,0,7642970,2,1,1181,53188,dscw80
0,0,0,0,0,0,0,0,0,0,0,0,0,0,0,0,0,0,0,0,1,1,1,1,1,1,0,1682,1,1,1152,49634,dscw80
0,0,0,0,0,0,2,2,2,2,2,3,3,3,3,3,3,3,3,3,3,3,3,3,3,3,0,7063496,3,0,1151,49440,dscw80
0,0,0,0,0,0,0,0,0,0,1,1,1,1,1,1,1,1,1,1,1,1,1,1,1,1,0,257857,1,0,1173,49440,dscw80
0,0,0,2,2,3,3,4,4,4,4,4,5,5,5,5,5,5,5,5,6,6,6,6,6,6,0,39909845,6,1,1151,49440,dscw80
0,0,0,0,0,0,0,0,0,0,0,0,1,1,1,1,1,1,1,1,1,1,1,1,1,1,0,12741531,1,0,1151,49440,dscw80
0,0,0,1,2,2,2,3,3,3,3,3,3,3,3,3,3,3,3,3,3,3,3,3,3,3,0,2187799,3,0,1151,49440,dscw80
0,0,0,0,0,0,1,1,1,1,1,1,1,1,1,1,1,1,1,1,1,1,1,1,1,1,0,7027326,1,1,1181,49634,dscw80
0,0,1,1,1,2,2,2,2,2,2,2,2,2,2,2,2,2,2,2,2,2,2,2,2,2,0,515850,2,1,1151,49440,dscw80
0,0,0,0,0,0,0,0,0,0,0,0,1,1,1,1,1,1,1,1,1,1,1,1,1,1,0,128249,1,1,1173,52590,dscw80
0,0,0,1,2,2,2,2,2,2,2,2,2,2,2,2,2,2,2,2,2,2,2,2,2,2,0,12548152,2,1,1152,49634,dscw80
0,0,1,1,1,1,1,1,1,1,1,2,2,2,2,2,2,2,2,2,2,2,2,2,2,2,0,2732657,2,0,1152,49634,dscw80
0,0,0,0,0,0,0,0,0,0,0,0,0,0,0,0,0,0,0,0,0,1,2,2,2,2,0,4806890,2,0,1152,49634,dscw80
0,0,1,1,1,1,1,1,1,1,1,1,1,1,1,1,1,1,1,1,1,1,1,1,1,1,0,42760,1,0,1181,53188,dscw80
0,1,1,1,1,1,1,1,1,1,1,1,1,1,1,1,1,1,1,1,1,1,1,1,1,1,0,122555,1,1,1152,49634,dscw80
0,0,0,0,0,1,2,2,2,4,4,4,5,5,5,5,5,5,5,5,5,5,5,5,5,5,0,25640499,5,0,1152,49634,dscw80
0,0,0,0,0,0,0,0,0,0,0,0,0,0,0,0,0,0,0,0,1,1,2,3,3,3,0,4275875,3,0,1173,52590,dscw80
0,0,0,1,1,1,1,1,1,1,1,1,1,1,1,1,1,1,1,1,1,1,1,1,1,1,0,257429,1,1,1173,52590,dscw80
0,0,0,0,0,0,0,0,0,0,0,0,0,0,0,0,0,0,0,0,0,2,3,3,3,3,0,3243377,3,0,1173,52590,dscw80
0,0,0,1,2,3,3,3,3,3,3,3,3,4,4,4,4,4,4,4,4,4,4,4,4,4,0,1031269,4,0,1152,49634,dscw80
0,0,0,0,0,0,0,0,0,0,0,0,0,0,0,1,1,1,1,1,1,1,1,1,1,2,0,2000095,2,0,1151,49440,dscw80
0,0,0,0,0,0,1,1,1,1,1,1,1,1,1,1,1,1,1,1,1,1,1,1,1,1,0,1608,1,1,1152,49634,dscw80
0,0,0,0,0,1,1,1,1,1,1,1,1,1,1,1,1,1,1,1,1,1,1,1,1,1,0,257769,1,0,1173,52590,dscw80
0,0,0,0,0,0,0,0,0,0,0,0,1,1,1,1,1,1,1,1,1,1,1,1,1,1,0,6027778,1,0,1173,52590,dscw80
0,0,0,1,1,1,2,2,3,3,3,3,3,3,3,3,3,3,3,3,3,3,3,3,3,3,0,266262,3,1,1151,49440,dscw80
0,0,0,0,0,0,0,0,0,0,0,0,0,0,0,0,0,1,1,1,1,1,1,1,1,1,0,259625,1,0,1152,49634,dscw80
0,0,1,2,2,4,4,4,4,4,4,4,4,4,4,4,4,4,4,4,4,4,4,4,4,4,0,1031921,4,1,1181,53188,dscw80
0,0,0,0,0,0,1,1,1,1,1,1,1,1,1,1,1,1,1,1,1,1,1,1,1,1,0,2186,1,1,1152,49634,dscw80
0,0,0,0,0,0,0,0,0,0,0,0,0,0,0,0,0,0,1,1,2,2,3,4,4,4,0,3764247,4,0,1173,52590,dscw80
0,0,0,0,0,0,0,0,0,1,1,1,1,1,1,1,1,1,1,1,1,1,1,1,1,1,0,7689629,1,0,1152,49634,dscw80
0,0,0,0,0,0,0,0,0,0,0,0,0,0,0,0,0,0,0,0,1,1,1,1,1,1,0,5967352,1,0,1173,49440,dscw80
0,0,0,0,0,0,0,0,0,0,0,0,0,0,0,0,0,0,0,1,2,2,2,2,2,2,0,1768660,2,1,1151,49634,dscw80
0,0,0,0,0,0,2,2,2,2,2,2,3,3,3,3,3,3,3,3,3,3,3,3,3,3,0,11821111,3,0,1152,49634,dscw80
0,0,0,0,0,0,0,0,0,0,0,1,1,1,1,1,1,1,1,1,1,1,1,1,1,1,1,14573728,2,0,1181,49634,dscw80
0,0,0,0,0,0,0,0,0,0,1,1,1,1,1,1,1,1,1,1,1,1,1,1,1,1,0,4344051,1,0,1173,52590,dscw80
0,0,0,0,0,1,1,2,2,2,2,2,2,2,2,2,2,2,2,2,2,2,2,2,2,2,0,3736,2,1,1152,49634,dscw80
0,0,1,1,1,1,1,3,3,3,3,3,3,3,4,4,4,4,4,4,4,4,4,4,4,4,0,9742112,4,0,1152,49634,dscw80
0,0,0,0,0,0,0,0,0,1,1,1,1,1,1,1,1,1,1,1,1,1,1,1,1,1,0,1904,1,0,1152,49634,dscw80
0,0,0,0,0,0,0,0,0,0,0,0,0,0,0,0,1,1,1,1,1,1,1,1,1,1,0,1208212,1,0,1152,49634,dscw80
0,0,2,2,2,2,2,2,3,3,3,3,3,3,3,3,3,3,3,3,3,3,3,3,3,3,0,648444,3,1,1152,49634,dscw80
0,0,0,1,1,1,1,1,1,1,1,1,1,1,1,1,1,1,1,1,1,1,1,1,1,1,0,1851,1,1,1152,49634,dscw80
0,0,0,0,0,0,0,0,0,0,0,0,0,0,0,0,0,0,0,0,1,1,1,1,1,1,0,1767856,1,1,1151,49440,dscw80
0,0,0,0,0,0,0,0,0,0,0,1,1,1,1,1,1,1,1,1,1,1,1,1,1,1,0,7210198,1,1,1173,52590,dscw80
0,0,0,0,0,0,0,0,1,1,2,4,4,5,5,5,5,5,5,5,6,7,7,7,7,7,0,15372335,7,0,1152,49634,dscw80
0,0,0,0,0,0,1,1,1,1,1,1,1,1,1,1,1,1,1,1,2,2,2,2,2,2,0,300697,2,0,1152,49634,dscw80
0,0,0,0,1,1,1,1,1,1,1,1,1,1,1,1,1,1,1,1,1,1,1,1,1,1,0,1842,1,0,1181,53188,dscw80
0,0,0,0,0,4,9,15,19,21,21,21,24,26,27,27,29,32,32,32,33,37,38,40,40,40,0,137634284,40,0,1152,49634,dscw80
0,0,0,0,0,1,3,3,3,3,3,4,4,4,4,5,5,5,5,5,5,5,5,5,5,5,0,1412089,5,1,1152,49634,dscw80
0,0,0,0,0,1,1,2,2,2,2,2,2,2,2,2,2,2,2,2,2,2,3,3,3,3,0,3157641,3,0,1181,49634,dscw80
0,0,0,0,0,0,0,0,0,1,1,1,1,1,1,1,1,1,1,1,1,1,1,1,1,1,0,3051048,1,0,1152,49634,dscw80
0,0,1,2,3,3,3,3,3,3,3,3,3,3,3,3,3,3,3,3,3,3,3,3,3,3,0,25111729,3,1,1152,49634,dscw80
0,2,2,2,2,2,2,2,2,2,2,2,2,2,2,2,2,2,2,2,2,2,2,2,2,2,0,3712,2,1,1151,49440,dscw80
0,0,0,0,1,2,3,3,4,4,5,5,5,7,8,8,9,9,9,9,9,9,9,9,10,10,0,74055338,10,0,1173,52590,dscw80
0,0,0,0,0,0,0,1,1,1,1,1,1,1,1,1,1,2,2,2,2,2,2,2,2,2,0,390255,2,1,1173,52590,dscw80
0,0,0,0,0,0,0,0,0,0,0,0,0,0,0,0,0,0,0,0,0,1,1,1,1,1,0,3935964,1,0,1173,52590,dscw80
0,0,0,0,1,1,2,2,4,4,6,7,8,8,8,8,8,8,8,8,8,8,8,8,8,8,0,13128569,8,0,1152,49634,dscw80
0,0,0,0,1,1,2,2,2,2,2,3,3,3,3,3,3,3,3,3,3,3,3,3,3,3,0,14541177,3,0,1151,49440,dscw80
0,1,1,1,1,1,1,1,1,1,1,1,1,1,1,1,1,1,1,1,1,1,1,1,1,1,0,6622848,1,1,1152,49634,dscw80
0,0,0,0,0,0,0,0,1,2,2,2,2,2,2,2,2,2,2,2,2,2,2,2,2,2,0,4905,2,1,1152,49634,dscw80
0,0,0,0,0,0,0,0,0,0,1,1,1,1,1,1,1,1,1,1,1,1,1,1,1,1,0,1003892,1,0,1152,49634,dscw80
0,0,0,0,0,0,1,2,2,3,3,4,6,6,7,7,7,7,7,7,9,9,9,9,9,9,0,38043850,9,1,1151,49440,dscw80
0,0,0,0,0,0,0,1,2,3,3,3,3,3,3,3,4,5,5,5,5,5,5,5,5,5,0,3633822,5,1,1152,49634,dscw80
0,0,0,0,0,0,0,0,0,0,1,1,1,1,1,1,1,1,1,1,1,1,1,1,1,1,0,2563692,1,0,1173,52590,dscw80
0,0,0,0,0,0,0,0,0,0,0,0,0,0,1,1,1,1,1,2,3,3,3,3,3,4,0,8702307,4,0,1152,49634,dscw80
0,0,0,0,0,1,1,1,1,1,1,1,1,1,1,1,1,1,1,1,1,1,1,1,1,1,0,257411,1,1,1152,49634,dscw80
0,1,1,1,1,1,1,1,1,1,1,1,1,1,1,1,1,1,1,1,1,1,1,1,1,1,0,1421350,1,1,1181,53188,dscw80
0,0,0,0,0,0,1,2,2,2,2,2,2,2,2,2,2,2,2,2,2,2,2,2,2,2,0,6171935,2,0,1173,52590,dscw80
0,0,0,0,0,0,0,0,0,0,0,0,0,0,1,1,1,1,1,1,1,1,1,1,1,1,0,2681,1,0,1181,52590,dscw80
0,0,0,0,0,0,0,0,0,0,0,0,0,0,1,1,1,1,1,1,1,1,1,1,1,1,0,128915,1,0,1173,52590,dscw80
0,0,0,0,0,1,3,3,5,5,5,5,5,6,6,6,6,6,6,6,6,6,6,6,6,6,0,15165110,6,1,1152,49634,dscw80
0,0,0,1,2,2,2,2,2,2,2,2,2,3,3,3,3,3,5,5,5,6,6,6,6,6,0,7310576,6,0,1181,53188,dscw80
0,0,0,0,1,1,2,2,2,3,3,3,3,3,3,3,4,4,4,4,4,4,4,4,4,4,0,17466574,4,0,1173,52590,dscw80
0,0,0,2,3,4,4,4,4,4,4,4,4,4,4,4,4,4,4,4,4,4,4,4,4,4,0,771929,4,1,1152,49634,dscw80
0,0,0,0,0,0,0,0,0,0,0,0,0,0,0,0,0,0,0,1,1,1,1,1,1,1,0,260015,1,0,1152,49634,dscw80
0,0,0,0,0,1,1,1,1,1,1,1,1,1,1,1,1,1,1,1,1,1,1,1,1,1,0,2849,1,1,1152,49634,dscw80
0,0,0,0,0,0,0,0,1,1,1,1,1,1,1,1,1,1,1,1,1,1,1,1,1,1,0,257547,1,0,1152,49634,dscw80
0,0,0,0,0,1,1,2,3,3,3,3,3,3,4,4,4,4,4,4,4,4,4,4,4,4,0,5489822,4,0,1173,52590,dscw80
0,0,0,0,0,0,0,0,0,0,0,0,0,0,0,0,0,0,0,0,1,1,1,1,1,1,0,233956,1,1,1152,49634,dscw80
0,0,0,1,3,3,3,4,4,4,4,4,4,4,4,4,4,4,4,4,4,4,4,4,4,4,0,133453,4,1,1152,49634,dscw80
0,0,0,0,0,0,0,0,0,0,0,0,0,0,0,0,0,0,0,0,0,0,0,0,0,1,0,7824,1,1,1151,49440,dscw80
0,0,0,0,0,0,0,0,0,0,1,1,1,1,1,1,1,1,1,1,1,1,2,2,2,2,0,2737536,2,0,1151,49440,dscw80
0,0,1,2,2,2,2,2,2,2,2,2,2,2,2,2,2,2,2,2,2,2,2,2,2,2,0,17993017,2,1,1151,49440,dscw80
0,0,0,0,0,1,1,2,3,4,4,4,4,4,4,6,6,6,6,6,6,6,7,7,7,7,0,10426547,7,0,1152,49634,dscw80
0,0,0,0,1,1,1,1,1,1,1,1,1,1,1,1,1,1,1,1,1,1,1,1,1,1,0,163261,1,1,1152,49634,dscw80
0,0,0,0,0,0,0,0,0,0,0,0,1,1,1,1,1,1,1,1,1,1,1,1,1,1,0,257631,1,0,1152,49634,dscw80
0,0,0,0,0,0,1,2,3,3,3,3,3,3,3,3,3,3,4,4,4,4,4,4,4,4,0,9184535,4,0,1152,49634,dscw80
0,0,0,0,0,0,0,0,0,1,1,1,1,1,2,2,2,3,3,3,3,3,3,3,3,3,0,6230861,3,0,1181,53188,dscw80
0,0,0,0,0,0,0,0,0,0,0,0,0,0,0,0,0,0,0,1,1,1,1,1,1,1,0,128156,1,1,1151,49440,dscw80
0,0,0,0,0,0,0,0,0,0,0,0,0,0,0,0,0,0,1,1,1,1,1,1,1,1,0,257675,1,0,1173,52590,dscw80
0,0,0,0,0,0,0,0,0,1,1,1,1,1,1,1,1,1,1,1,1,1,1,1,1,1,0,257791,1,0,1152,49634,dscw80
0,0,0,0,0,0,0,0,0,0,0,0,0,0,0,0,0,0,0,0,1,1,1,1,1,1,0,621251,1,0,1152,49634,dscw80
0,0,1,1,1,1,1,1,1,1,1,1,1,1,1,1,1,1,1,1,1,1,1,1,1,1,0,2321,1,1,1173,52590,dscw80
0,0,0,0,0,0,0,0,0,0,0,0,0,1,1,1,1,1,1,1,1,1,1,1,1,1,0,2280508,1,1,1173,52590,dscw80
0,0,0,0,0,0,0,1,1,1,1,1,1,1,1,1,2,2,2,2,2,2,4,4,4,4,0,10888451,4,0,1152,49634,dscw80
0,0,0,0,0,0,1,1,2,2,2,2,2,3,4,4,4,4,4,4,4,4,4,4,4,4,0,5373289,4,0,1152,49634,dscw80
0,0,0,0,8,13,14,18,20,24,25,28,28,30,30,30,30,30,31,31,35,36,39,39,39,39,0,123249151,39,0,1151,49440,dscw80
0,0,0,0,0,0,0,0,0,0,0,0,0,0,0,0,0,0,0,0,0,1,1,1,1,1,0,484296,1,0,1173,52590,dscw80
0,0,0,0,0,0,0,0,0,1,1,1,1,1,1,1,1,1,1,1,1,1,1,1,1,1,0,3344312,1,0,1151,49440,dscw80
0,0,0,0,0,0,0,0,0,0,0,0,0,1,2,2,2,2,2,2,2,2,2,2,2,2,0,515040,2,1,1152,49634,dscw80
0,0,0,0,0,0,0,0,0,0,1,1,1,1,1,1,1,1,1,1,1,1,1,1,1,1,0,64926,1,1,1173,52590,dscw80
0,0,0,0,0,0,0,0,1,1,1,1,1,1,1,1,1,1,1,1,1,1,1,1,1,1,0,257985,1,1,1152,49634,dscw80
0,0,0,0,1,1,1,1,1,1,1,1,1,1,1,1,1,1,1,1,1,1,1,1,1,1,0,2659,1,1,1151,49440,dscw80
0,0,0,0,0,0,0,0,0,0,0,0,0,0,0,0,0,0,0,0,0,1,1,1,1,2,0,85589,2,0,1181,53188,dscw80
0,0,0,0,0,0,0,0,0,0,0,0,0,0,0,0,0,0,0,0,0,0,0,0,0,1,0,128605,1,0,1173,52590,dscw80
0,0,0,0,0,0,0,0,0,0,0,0,0,0,0,0,1,1,1,1,2,2,2,2,2,2,0,3608246,2,0,1152,49634,dscw80
0,0,0,0,0,0,0,0,0,0,0,0,0,0,0,0,0,0,0,0,0,0,0,0,1,1,0,129025,1,0,1152,49634,dscw80
0,0,0,0,0,0,0,0,0,1,1,1,1,1,1,1,1,1,1,1,1,1,1,1,1,1,0,8584987,1,1,1151,49440,dscw80
0,0,0,0,0,0,1,1,1,2,2,2,3,3,3,3,3,3,3,3,3,3,3,3,3,4,0,39420,4,1,1173,52590,dscw80
0,0,0,0,0,0,0,0,0,0,0,0,0,1,1,2,2,2,2,2,2,2,2,2,2,2,0,29263764,2,0,1152,49634,dscw80
0,0,0,0,0,0,0,0,0,0,0,0,0,0,0,1,1,1,1,1,1,1,1,1,1,1,0,5025983,1,1,1151,49440,dscw80
0,0,0,0,0,1,1,1,1,1,1,1,1,1,1,1,1,1,1,1,1,1,1,1,1,1,0,131514,1,0,1173,52590,dscw80
0,0,0,0,0,0,1,1,1,1,1,1,1,1,1,1,1,1,1,1,1,1,1,1,1,1,0,257605,1,0,1151,52590,dscw80
0,0,0,0,0,0,0,1,1,1,1,1,2,2,2,2,2,2,2,2,4,4,4,4,4,4,0,939239,4,1,1173,52590,dscw80
0,0,0,0,0,0,0,0,0,0,1,1,1,1,1,1,1,1,1,1,1,1,1,1,1,1,0,13474547,1,0,1152,49634,dscw80
0,0,0,0,0,1,1,1,1,1,1,1,1,1,1,1,1,1,1,1,1,1,1,1,1,1,0,2283,1,1,1173,52590,dscw80
0,0,0,2,2,2,3,3,3,3,3,4,4,4,4,4,4,4,4,4,4,4,4,4,4,4,0,5613353,4,0,1152,49634,dscw80
0,0,0,0,0,0,0,0,0,0,0,0,0,0,1,1,1,1,1,1,1,1,1,1,1,1,0,4050,1,0,1173,52590,dscw80
0,0,0,0,0,0,0,0,0,0,0,0,0,0,0,0,0,0,1,1,1,1,1,1,1,1,0,257820,1,0,1152,49634,dscw80
0,0,1,2,3,3,3,3,3,3,3,3,3,3,3,3,3,3,3,3,3,3,3,3,3,3,0,32578522,3,0,1173,52590,dscw80
0,0,0,0,1,1,2,4,4,6,7,7,7,8,8,9,9,9,9,9,11,11,12,12,12,12,0,23776869,12,0,1173,52590,dscw80
0,0,0,0,0,0,0,0,0,0,0,0,1,1,1,1,1,1,1,1,1,1,1,1,1,1,0,257619,1,1,1152,49634,dscw80
0,0,0,0,0,0,0,1,1,1,1,1,1,1,1,1,1,1,1,1,1,1,1,1,1,1,0,1908,1,1,1173,52590,dscw80
0,1,1,2,3,3,3,3,3,3,3,3,3,3,3,3,3,3,3,3,3,3,3,3,3,3,0,3095858,3,0,1151,49440,dscw80
0,0,0,0,1,1,1,1,1,1,1,1,1,1,1,1,1,1,1,1,1,1,1,1,1,1,0,11318727,1,0,1152,49634,dscw80
0,0,0,0,0,0,0,0,0,0,1,1,1,1,1,1,1,1,1,1,1,2,2,3,3,3,0,2273541,3,0,1152,49634,dscw80
0,0,0,0,0,0,0,0,0,0,1,1,1,1,1,1,1,1,1,1,1,1,1,1,1,1,0,776770,1,1,1152,49634,dscw80
0,0,0,0,0,1,1,1,1,1,1,1,1,1,1,1,1,1,1,1,1,1,1,1,1,1,0,1917,1,1,1152,49634,dscw80
0,0,0,0,0,0,0,0,0,0,0,0,0,0,0,0,0,0,0,0,1,1,1,1,1,1,0,7847892,1,0,1151,49440,dscw80
0,0,0,0,0,0,0,0,0,0,0,0,0,0,0,0,0,0,0,0,1,1,1,1,1,1,0,9094695,1,0,1173,52590,dscw80
0,0,0,0,0,1,1,1,1,1,1,1,1,1,1,1,1,1,1,1,1,1,1,1,1,1,0,1915,1,1,1152,49634,dscw80
0,0,0,0,0,0,0,0,0,0,0,0,0,0,0,0,0,0,1,1,2,2,2,2,2,2,0,264479,2,1,1173,52590,dscw80
0,0,0,0,0,0,0,1,1,1,1,1,1,1,1,1,1,1,1,1,1,1,1,1,1,1,0,257749,1,1,1151,49440,dscw80
0,0,0,0,0,0,1,1,1,1,1,1,1,1,1,1,1,1,1,1,1,1,1,1,1,1,0,7784455,1,0,1151,49440,dscw80
0,0,0,0,0,0,0,0,0,0,0,1,1,1,1,1,1,1,1,1,1,1,1,1,1,1,0,1857,1,0,1173,52590,dscw80
0,0,0,0,0,1,2,2,2,2,3,3,3,3,3,3,3,3,3,3,3,3,3,3,3,3,0,7554080,3,0,1151,49440,dscw80
0,0,0,0,0,0,0,1,1,1,1,1,1,1,1,1,1,1,1,1,1,1,1,1,1,1,0,65921,1,1,1173,52590,dscw80
0,0,0,0,1,1,3,7,9,10,12,12,13,13,14,14,14,14,14,15,15,16,17,17,17,17,0,68381214,17,0,1152,49634,dscw80
0,0,0,0,0,0,0,0,0,1,1,1,1,1,1,1,1,1,1,1,1,1,1,2,2,2,0,2590361,2,0,1152,49634,dscw80
0,0,0,0,0,0,0,0,0,0,0,0,0,1,1,1,1,1,1,1,1,1,1,1,1,1,0,7213622,1,0,1173,52590,dscw80
0,0,0,0,0,0,0,1,1,1,1,1,1,2,2,2,2,2,2,2,2,2,2,2,2,2,0,12008657,2,0,1151,49440,dscw80
0,0,0,0,0,2,2,2,3,4,4,4,4,4,4,4,4,4,4,4,4,4,4,4,4,4,0,7989417,4,0,1151,49440,dscw80
0,0,0,0,1,1,1,1,1,1,1,1,1,1,1,1,1,1,1,1,2,2,2,2,2,2,0,814512,2,0,1152,49634,dscw80
0,0,0,1,2,2,2,2,3,3,3,3,3,3,3,3,3,3,3,3,3,3,3,3,3,3,0,6144660,3,1,1173,52590,dscw80
0,0,0,0,0,0,0,0,0,0,0,0,0,0,0,1,1,1,1,1,4,5,5,5,6,6,0,7024750,6,0,1181,53188,dscw80
0,0,1,1,1,1,1,1,1,1,1,1,1,1,1,1,1,1,1,1,1,1,1,1,1,1,0,259576,1,0,1152,49634,dscw80
0,0,0,0,0,1,1,1,1,1,1,1,1,1,1,1,1,1,1,1,1,1,1,1,1,1,0,33008,1,1,1181,53188,dscw80
0,0,1,1,1,1,1,2,2,2,2,2,2,2,2,2,2,2,2,2,2,2,2,2,2,2,0,19209773,2,1,1152,49634,dscw80
0,0,0,0,0,0,0,0,0,0,0,0,0,0,0,0,0,0,0,0,1,1,1,1,1,1,0,2041287,1,0,1173,52590,dscw80
0,0,0,0,0,0,0,4,6,8,11,12,15,15,17,18,20,21,22,22,27,28,32,32,32,34,0,53278943,34,0,1152,49634,dscw80
0,0,0,0,0,0,0,0,0,0,0,0,0,0,0,0,0,0,0,0,0,0,1,1,1,1,0,6112786,1,0,1173,52590,dscw80
0,0,0,0,1,1,1,1,1,1,1,1,1,1,1,1,1,1,1,1,1,1,1,1,1,1,0,2033,1,1,1173,52590,dscw80
0,1,1,1,1,1,1,1,1,1,1,1,1,1,1,1,1,1,1,1,1,1,1,2,2,2,0,295063,2,0,1151,49440,dscw80
0,0,0,1,1,1,1,2,2,2,2,2,2,2,2,2,2,2,2,2,4,4,4,4,4,4,0,567549,4,0,1151,49440,dscw80
0,0,0,0,0,0,0,0,0,0,0,0,0,0,0,0,0,0,0,0,0,0,0,0,0,1,0,9058,1,1,1152,49634,dscw80
0,0,0,1,1,1,1,1,1,1,2,2,2,2,2,2,2,3,3,3,3,3,3,3,3,3,0,738822,3,0,1181,53188,dscw80
0,0,0,1,2,2,2,4,4,6,6,6,6,7,7,7,7,7,7,7,7,7,8,8,8,8,0,5008669,8,0,1151,49440,dscw80
0,0,0,0,0,0,0,0,0,0,0,0,0,0,0,0,0,0,0,0,1,1,1,1,1,1,0,258561,1,0,1173,52590,dscw80
0,0,0,0,0,0,0,0,0,1,1,1,1,1,1,1,1,1,1,1,1,1,1,1,1,1,0,7212784,1,1,1151,49440,dscw80
0,0,1,2,2,4,6,6,6,6,6,6,6,7,7,7,7,7,7,7,7,7,9,9,9,9,0,33981005,9,0,1152,49634,dscw80
0,0,0,0,0,0,0,0,0,0,0,0,0,0,0,0,0,0,0,0,1,1,1,1,1,1,0,9399,1,1,1173,52590,dscw80
0,0,0,0,0,0,0,0,0,0,0,0,0,0,0,0,0,0,0,0,0,0,0,1,1,1,0,128227,1,0,1152,49634,dscw80
0,0,0,0,0,0,0,1,1,2,2,2,2,2,2,2,2,2,2,2,3,3,3,3,3,3,0,4161583,3,0,1173,52590,dscw80
0,0,0,0,0,0,0,0,0,0,0,0,0,0,0,0,0,0,1,1,1,1,1,1,1,1,0,1633,1,1,1152,49634,dscw80
0,0,1,1,1,1,1,1,1,1,1,1,1,1,1,1,1,1,1,1,1,1,1,1,1,1,0,1935,1,0,1152,49634,dscw80
0,0,0,0,1,1,1,1,1,3,4,6,6,6,6,6,6,6,6,6,6,6,6,6,6,6,0,3574886,6,1,1152,49634,dscw80
0,0,0,0,0,0,0,1,1,1,1,1,1,1,1,1,1,1,1,1,1,1,1,1,1,1,0,12181,1,0,1152,49634,dscw80
0,0,0,0,0,0,0,0,0,0,0,0,0,0,0,1,1,1,1,1,1,1,1,1,1,1,0,3443890,1,0,1151,49634,dscw80
0,0,0,1,2,2,2,2,2,2,2,2,2,2,2,2,2,2,2,2,2,2,2,2,2,2,0,515372,2,0,1152,49634,dscw80
0,0,0,0,3,3,3,3,4,4,4,4,4,4,5,5,5,5,5,5,5,5,5,5,5,5,0,17025074,5,0,1173,52590,dscw80
0,0,0,0,0,0,0,0,1,1,1,1,1,1,1,1,1,1,1,1,1,1,1,1,1,1,0,43445,1,0,1152,49634,dscw80
0,0,1,1,1,1,1,1,1,1,1,1,1,1,1,1,1,1,1,1,1,1,1,1,1,1,0,259584,1,0,1151,49440,dscw80
0,0,0,0,0,0,0,0,0,2,2,2,2,2,2,2,2,2,2,2,2,2,2,2,2,2,0,2492337,2,1,1152,49634,dscw80
0,0,0,0,0,0,0,0,0,0,0,1,2,2,2,2,2,2,2,2,2,2,2,2,2,2,0,2042540,2,1,1152,49634,dscw80
0,0,0,0,0,0,0,0,0,0,0,0,0,0,0,0,0,0,0,0,3,3,3,3,3,3,0,21075813,3,0,1173,52590,dscw80
0,0,0,1,2,3,4,6,8,10,10,12,13,13,13,13,13,13,13,13,13,14,14,14,14,14,0,19761937,14,0,1152,49634,dscw80
0,0,0,0,0,0,0,0,0,0,0,0,0,0,0,0,0,0,0,0,0,1,1,1,1,1,0,1064977,1,0,1181,52590,dscw80
0,0,0,0,0,0,1,1,1,1,1,1,1,1,1,1,1,1,1,1,1,1,1,1,1,1,0,720612,1,0,1173,52590,dscw80
0,0,0,0,1,2,2,2,4,4,5,5,6,6,6,6,6,6,6,6,7,7,7,7,7,7,0,2089670,7,1,1173,52590,dscw80
0,0,0,0,0,1,1,1,1,1,1,1,1,1,1,1,1,1,1,1,1,2,2,2,2,2,0,2368633,2,1,1152,49634,dscw80
0,0,0,0,0,3,3,3,4,5,5,5,5,5,5,5,5,5,5,5,6,6,6,6,6,6,0,16874495,6,0,1152,49634,dscw80
0,0,0,0,0,0,0,0,0,0,0,0,1,1,1,1,1,1,1,1,1,1,1,1,1,1,0,2928978,1,0,1152,49634,dscw80
0,0,0,0,0,0,0,0,0,0,0,0,0,0,0,0,0,0,0,0,0,0,1,1,1,1,0,165701,1,0,1173,52590,dscw80
0,0,0,0,0,0,0,1,1,1,1,1,1,1,1,1,1,1,1,1,1,1,1,1,1,1,0,1800,1,1,1152,49634,dscw80
0,0,0,0,0,0,0,0,0,0,0,1,1,1,1,1,1,1,1,1,1,1,1,1,1,1,0,129082,1,1,1152,49634,dscw80
0,0,0,0,1,1,1,1,1,1,1,1,1,1,1,1,1,1,1,1,1,1,1,1,1,1,0,21697,1,1,1152,49634,dscw80
0,0,0,0,1,1,1,2,2,2,2,2,2,2,2,2,2,2,2,2,2,2,2,2,2,2,0,992103,2,0,1181,49634,dscw80
0,0,0,0,0,0,0,0,1,1,1,1,1,1,1,1,1,1,1,1,1,1,1,1,1,1,0,966012,1,1,1152,49634,dscw80
0,0,1,3,5,5,6,7,9,9,9,9,9,9,9,9,9,9,9,9,9,9,9,9,9,9,0,58336454,9,0,1181,53188,dscw80
0,0,0,0,0,0,0,0,0,0,0,0,0,1,1,1,1,1,1,1,1,1,1,1,1,1,0,128211,1,1,1152,49634,dscw80
0,0,0,0,0,0,0,0,0,0,0,0,0,1,1,1,1,1,1,1,1,1,1,1,1,1,0,131254,1,0,1152,49634,dscw80
0,0,0,0,0,0,0,0,0,0,0,0,0,0,0,1,1,1,1,1,1,1,1,1,1,1,0,257970,1,1,1152,49634,dscw80
0,0,0,1,1,1,1,1,1,1,1,1,1,1,1,1,1,1,1,1,1,1,1,1,1,1,0,257456,1,1,1152,49634,dscw80
0,0,0,0,0,0,0,0,0,0,0,0,0,0,0,0,0,0,0,0,0,0,1,1,1,1,0,289351,1,0,1151,49440,dscw80
0,0,1,1,1,1,1,1,1,1,1,1,1,1,1,1,1,1,1,1,1,1,1,1,1,1,0,1713,1,1,1152,49634,dscw80
0,0,0,0,0,0,0,0,0,0,0,0,0,0,0,0,0,0,0,0,0,1,1,1,1,1,0,35378,1,0,1173,52590,dscw80
0,0,0,0,0,0,0,0,1,1,1,1,1,1,1,1,1,1,1,1,1,1,1,1,1,1,0,4926089,1,0,1151,49634,dscw80
0,0,0,0,0,0,0,1,1,1,1,1,1,1,1,1,1,1,1,1,1,1,1,1,1,1,0,227732,1,1,1152,49634,dscw80
0,0,0,0,0,0,1,1,4,4,4,4,4,4,4,4,4,4,4,4,4,4,4,4,4,4,0,775949,4,1,1152,49634,dscw80
0,0,0,0,2,4,4,5,6,6,6,6,6,6,6,6,6,6,6,6,6,6,6,6,6,6,0,17732659,6,0,1152,49634,dscw80
0,0,0,0,0,0,0,1,4,5,6,7,7,8,9,9,9,9,9,9,12,15,17,17,18,18,0,36430255,18,0,1152,49634,dscw80
0,0,0,0,0,1,1,1,1,1,1,1,1,1,1,1,1,1,1,1,1,1,1,1,1,1,0,1969,1,1,1152,49634,dscw80
0,0,0,0,0,0,0,0,0,1,1,1,1,1,1,2,2,2,2,2,2,3,4,4,4,4,1,316234,5,1,1151,49440,dscw80
0,0,0,0,0,0,0,1,1,1,1,1,1,1,1,1,1,1,1,1,1,1,1,1,1,1,0,2619,1,0,1152,49634,dscw80
0,0,0,0,0,0,0,0,0,0,0,0,0,0,0,0,0,0,0,0,0,0,1,1,1,1,0,43553,1,0,1173,49440,dscw80
0,0,0,0,0,0,0,0,0,0,0,0,0,0,1,1,1,1,1,1,1,1,1,1,1,1,0,2274344,1,0,1152,49634,dscw80
0,0,0,0,0,1,1,1,1,1,1,1,1,1,1,1,1,1,1,1,1,1,1,1,1,1,0,1955,1,1,1152,49634,dscw80
0,0,0,1,1,1,1,1,1,1,1,1,1,1,1,1,1,1,1,1,1,1,1,1,1,1,0,2790,1,1,1152,49634,dscw80
0,0,0,0,0,0,0,1,1,2,2,3,3,3,3,3,3,3,3,3,3,3,3,3,3,3,0,1461241,3,0,1152,49634,dscw80
0,0,0,0,0,0,0,0,0,0,0,0,0,0,0,0,0,0,0,0,0,0,1,1,1,1,0,259577,1,0,1181,53188,dscw80
0,0,0,1,1,1,1,1,1,1,1,1,1,1,1,1,1,1,1,1,1,1,1,1,1,1,0,5610436,1,0,1152,49634,dscw80
0,0,0,0,0,1,7,9,11,12,12,13,13,13,13,13,13,13,13,13,16,17,17,17,17,17,0,30382429,17,0,1152,49634,dscw80
0,0,0,1,1,1,1,1,1,1,1,1,1,1,1,1,1,1,1,1,1,1,1,1,1,1,0,7136272,1,0,1152,49634,dscw80
0,0,0,0,0,0,0,0,0,0,0,0,0,0,0,0,0,0,0,0,0,0,1,1,1,1,0,4331704,1,0,1173,52590,dscw80
0,0,0,0,0,0,0,1,1,1,1,1,1,1,1,1,1,1,1,1,1,1,1,1,1,1,0,257792,1,1,1152,49634,dscw80
0,0,0,0,0,0,0,0,0,0,0,0,0,0,0,0,0,0,0,0,0,0,0,0,0,0,1,2049,1,0,1152,49634,dscw80
0,0,0,0,1,1,1,1,1,1,1,1,1,1,1,1,1,1,1,1,2,2,4,4,4,6,0,4012059,6,0,1181,53188,dscw80
0,0,0,0,0,0,0,0,0,0,0,0,0,0,0,0,0,0,0,0,0,0,0,0,0,1,0,3376196,1,0,1181,53188,dscw80
0,0,0,0,0,0,0,0,0,0,0,0,0,0,0,0,1,1,1,1,1,1,1,1,1,1,0,1996,1,1,1173,49440,dscw80
0,0,0,0,0,0,0,0,0,0,1,1,1,1,1,1,1,1,1,1,1,1,1,1,1,1,0,127957,1,0,1152,49634,dscw80
0,0,0,0,0,0,0,0,0,0,0,0,0,0,0,0,0,0,0,0,1,1,1,1,1,1,0,2382481,1,0,1173,52590,dscw80
0,0,0,0,1,1,1,1,1,2,2,2,2,2,2,2,2,2,2,2,2,2,2,2,2,2,0,515038,2,0,1151,49440,dscw80
0,0,0,0,0,0,0,0,0,0,0,0,0,0,0,0,0,0,0,0,0,0,0,0,0,0,2,2617,2,1,1181,53188,dscw80
0,0,0,0,0,0,5,12,25,30,36,48,52,56,59,64,67,74,76,77,85,91,95,98,98,99,2,242431246,101,0,1173,52590,dscw80
0,0,0,0,0,0,0,0,0,0,0,0,0,0,0,0,0,0,0,0,0,0,0,1,1,1,0,258537,1,0,1181,49634,dscw80
0,0,0,0,0,0,0,0,0,0,1,2,3,3,3,3,3,3,3,3,3,3,3,3,3,3,0,9500842,3,0,1152,49634,dscw80
0,0,0,0,0,0,0,0,0,0,0,0,0,0,0,0,0,0,0,0,1,1,1,1,1,1,0,5885067,1,0,1173,49440,dscw80
0,0,0,0,0,1,1,2,2,2,2,2,2,2,2,2,2,2,2,2,2,2,2,2,2,2,0,10586,2,1,1173,52590,dscw80
0,0,0,0,0,0,0,0,0,0,0,0,0,0,0,0,0,0,0,0,2,2,2,2,2,2,0,8607811,2,1,1152,49634,dscw80
0,0,0,0,0,0,0,1,1,1,1,1,1,1,1,1,1,1,1,1,1,1,1,1,1,1,0,3078054,1,0,1151,49440,dscw80
0,0,0,0,0,0,0,0,0,0,0,0,0,1,2,2,2,2,2,2,2,2,2,2,2,2,0,99732,2,0,1173,52590,dscw80
0,0,0,0,1,1,1,1,1,1,1,1,1,1,1,1,1,1,1,1,1,1,1,1,1,1,0,43370,1,0,1152,49634,dscw80
0,0,0,0,1,1,1,1,1,1,1,1,1,1,1,1,1,1,1,1,1,1,1,1,1,1,0,11041809,1,0,1173,52590,dscw80
0,0,0,0,0,0,0,0,0,0,0,0,0,0,0,0,0,0,0,0,1,1,1,1,1,1,0,8882837,1,0,1151,52590,dscw80
0,0,0,0,0,0,0,0,1,1,2,2,2,2,2,2,2,2,2,3,3,3,3,3,3,3,0,18423252,3,1,1152,49634,dscw80
0,0,0,0,0,0,0,0,0,0,0,0,0,1,1,1,1,1,1,1,1,1,1,1,1,1,0,257762,1,1,1152,49634,dscw80
0,0,0,0,0,0,0,0,0,0,0,0,0,0,0,0,0,0,0,0,0,0,0,0,0,0,1,7809570,1,0,1152,49634,dscw80
0,0,0,0,0,0,0,0,1,1,1,1,1,1,1,1,1,1,1,1,1,1,1,1,1,1,0,257819,1,0,1152,49634,dscw80
0,0,0,0,0,0,0,0,0,0,0,0,0,0,0,0,0,1,1,1,1,1,1,1,1,1,0,4209754,1,0,1152,49634,dscw80
0,0,0,0,0,0,0,0,1,1,1,1,1,1,1,1,1,1,1,1,1,1,1,1,1,1,0,11068,1,0,1152,49634,dscw80
0,0,0,0,0,0,0,0,1,1,1,1,1,1,1,1,1,1,1,1,1,1,1,1,1,1,0,18770046,1,0,1152,49634,dscw80
0,0,0,0,1,1,2,2,2,2,2,2,2,2,2,2,2,2,2,2,2,2,2,2,2,2,0,1669227,2,0,1152,49634,dscw80
0,0,0,0,0,0,0,0,0,0,0,1,1,1,1,1,1,1,1,1,1,1,1,1,1,1,0,2754165,1,0,1173,52590,dscw80
0,0,0,1,1,1,1,1,1,1,1,1,1,1,1,1,1,1,1,1,1,1,1,1,1,1,0,1790,1,0,1181,53188,dscw80
0,0,0,0,0,0,0,0,0,0,0,0,0,0,0,0,0,0,0,0,1,1,1,1,1,1,0,14879753,1,1,1152,49634,dscw80
0,0,0,0,0,0,0,0,0,0,0,0,1,1,1,1,1,2,2,2,2,2,2,2,2,2,0,3645,2,1,1173,52590,dscw80
0,0,0,0,0,0,0,0,0,0,1,1,1,1,1,1,1,1,1,2,2,2,2,2,2,2,1,262631,3,1,1173,52590,dscw80
0,0,2,2,2,2,2,2,2,2,2,2,2,2,2,2,2,2,2,2,2,2,2,2,2,2,0,66148,2,1,1181,49634,dscw80
0,0,0,0,0,0,0,0,0,0,1,1,1,1,1,1,1,1,1,1,1,1,1,1,1,1,0,259592,1,0,1152,49634,dscw80
0,0,0,0,0,0,0,1,1,1,1,1,1,1,1,1,1,1,1,1,1,1,1,1,1,1,0,1988,1,0,1151,52590,dscw80
0,0,0,0,0,0,0,0,0,0,0,0,0,0,0,0,0,0,0,0,0,0,0,1,1,1,0,43223,1,0,1152,49634,dscw80
0,0,0,0,1,1,1,1,2,2,2,2,2,2,2,2,2,2,2,2,2,2,2,2,2,2,0,129743,2,0,1151,49440,dscw80
0,0,0,0,0,0,0,0,0,0,0,0,0,0,0,0,0,0,0,0,0,0,0,2,2,2,0,10613637,2,0,1151,49440,dscw80
0,0,0,0,0,0,3,6,9,9,9,9,9,9,9,9,9,9,9,9,10,10,10,10,10,10,0,4658182,10,0,1152,49634,dscw80
0,0,0,0,0,0,0,1,4,4,5,5,7,7,9,10,11,11,11,11,13,14,15,15,15,15,0,62255129,15,0,1151,49634,dscw80
0,0,0,0,0,0,0,0,0,0,1,1,1,1,1,1,1,1,2,2,2,2,2,2,2,2,0,86925,2,0,1152,49440,dscw80
0,0,0,0,1,1,1,2,2,2,2,2,2,2,2,2,2,2,2,2,2,2,2,2,2,2,0,4049940,2,0,1152,49634,dscw80
0,0,0,0,0,2,4,8,8,9,9,10,10,10,10,10,10,10,10,10,10,10,10,10,10,10,0,34615595,10,0,1152,49634,dscw80
0,0,0,1,1,1,1,1,1,1,1,1,1,1,1,1,1,1,1,1,1,1,1,1,1,1,0,128588,1,0,1152,49634,dscw80
0,0,0,0,0,0,0,1,1,1,1,1,1,1,1,1,1,1,1,1,1,1,1,1,1,1,0,4173423,1,0,1173,52590,dscw80
0,0,0,0,0,0,0,0,1,3,3,5,5,5,5,5,5,5,5,6,6,7,7,7,7,7,0,3142849,7,1,1151,49440,dscw80
0,0,0,0,0,0,0,0,0,0,0,0,0,0,0,1,1,1,1,1,1,1,2,2,2,2,0,19006370,2,0,1152,49634,dscw80
0,0,0,0,0,0,0,0,0,0,0,0,0,1,1,1,1,1,1,1,1,1,1,1,1,1,0,257387,1,1,1173,52590,dscw80
0,0,0,0,0,0,0,0,0,0,0,0,0,0,0,0,0,0,0,0,1,1,1,1,1,1,0,11126,1,0,1152,49634,dscw80
0,0,0,0,0,0,0,0,0,0,0,0,0,0,0,0,0,0,0,0,0,0,1,1,1,1,0,257959,1,1,1152,49634,dscw80
0,0,0,0,0,0,0,0,0,0,0,0,0,0,0,0,0,0,0,0,1,1,1,1,1,1,0,15612109,1,0,1152,49634,dscw80
0,0,0,0,1,1,1,1,1,1,1,1,1,1,1,1,1,1,1,1,1,1,1,1,1,1,0,2241,1,1,1173,52590,dscw80
0,0,0,1,3,5,5,6,6,7,8,8,8,9,9,9,9,9,9,9,9,9,9,9,9,9,0,22491160,9,0,1181,53188,dscw80
0,0,0,1,4,12,17,24,26,27,28,30,33,35,37,37,37,37,39,39,40,41,41,41,41,42,0,91709080,42,0,1151,49440,dscw80
0,0,0,0,1,1,1,1,1,1,1,1,1,1,1,1,1,1,1,1,1,1,1,1,1,1,0,33311,1,1,1152,49634,dscw80
0,0,0,0,0,0,0,0,0,0,0,0,0,0,0,0,0,0,0,0,1,1,1,1,1,1,0,8061,1,0,1152,49634,dscw80
0,0,0,0,0,0,0,1,1,1,1,2,3,4,5,5,5,5,6,7,8,8,9,10,10,10,0,12140418,10,0,1152,49634,dscw80
0,0,0,0,0,0,1,1,1,1,1,2,2,2,2,2,2,2,2,2,2,2,2,2,2,2,0,2125475,2,1,1152,49634,dscw80
0,0,0,0,0,2,3,5,5,5,5,5,6,6,6,6,7,7,7,7,8,8,8,8,8,8,0,23262807,8,0,1152,49634,dscw80
0,0,0,0,0,0,0,0,0,0,0,0,0,0,0,0,0,0,0,0,1,1,1,1,1,1,0,257980,1,1,1173,52590,dscw80
0,0,0,0,0,0,0,0,0,0,0,0,0,0,0,0,0,0,0,0,0,0,0,1,1,1,0,6417746,1,0,1173,52590,dscw80
0,0,0,0,1,1,1,1,1,1,1,1,1,1,1,1,1,1,1,1,1,1,1,1,1,1,0,257457,1,1,1181,49634,dscw80
0,0,0,0,0,0,0,0,0,1,1,1,1,1,1,1,1,1,1,1,1,1,1,1,1,1,0,258856,1,0,1152,49634,dscw80
0,0,0,0,1,1,1,1,1,1,1,1,1,1,1,1,1,1,1,1,1,1,1,1,1,1,0,2750487,1,1,1173,52590,dscw80
0,0,1,1,4,8,11,16,16,17,18,19,19,19,19,20,20,20,20,20,21,21,21,21,21,21,0,66861697,21,1,1152,49634,dscw80
0,0,0,0,0,0,1,1,2,2,2,2,2,3,3,3,3,3,3,4,4,4,4,4,4,4,0,10852931,4,0,1152,49634,dscw80
0,0,0,0,0,1,1,1,1,1,1,1,1,1,1,1,1,1,1,1,1,1,1,1,1,1,0,7000844,1,0,1151,49440,dscw80
0,0,0,0,0,0,0,0,0,0,1,1,1,1,1,1,1,1,1,1,1,1,1,1,1,1,0,128482,1,1,1152,49634,dscw80
0,0,0,1,1,1,1,1,1,1,1,1,1,1,1,1,1,1,1,1,1,1,1,1,1,1,0,257535,1,1,1181,53188,dscw80
0,0,0,0,0,0,0,0,0,0,0,0,1,1,1,1,1,1,1,1,1,1,1,1,1,1,0,4372549,1,0,1173,52590,dscw80
0,0,0,0,0,0,0,0,0,0,0,0,0,1,1,1,1,1,1,1,1,1,1,1,1,1,0,194059,1,1,1152,49634,dscw80
0,0,0,0,0,0,0,0,0,0,1,1,1,1,1,1,1,1,1,1,1,1,1,1,1,1,0,5097957,1,0,1151,49634,dscw80
0,0,0,2,3,3,3,4,6,6,6,6,6,6,8,8,8,8,8,8,8,8,8,9,9,9,0,15298302,9,0,1173,52590,dscw80
0,0,0,0,0,0,0,0,0,0,0,0,0,0,0,0,0,0,0,0,0,0,0,0,0,1,0,3643090,1,0,1152,49634,dscw80
0,0,0,1,1,1,1,1,1,1,1,1,1,1,1,1,1,1,1,1,1,1,1,1,1,1,0,13775756,1,1,1181,53188,dscw80
0,0,0,0,0,1,2,3,4,5,5,5,5,5,5,6,6,6,6,6,6,6,6,6,6,6,0,139437,6,1,1152,49634,dscw80
0,0,0,0,0,0,2,2,2,2,2,2,2,2,2,2,2,2,2,2,2,2,2,2,2,2,0,256630,2,0,1151,49440,dscw80
0,0,0,0,0,0,0,0,0,0,0,0,1,1,1,1,1,1,1,1,1,1,1,1,1,1,0,10001794,1,1,1152,49634,dscw80
0,0,0,0,1,1,1,1,1,1,1,1,1,1,1,1,1,1,1,1,1,1,1,1,1,1,0,24140,1,1,1151,49440,dscw80
0,0,0,0,0,0,0,1,1,2,2,2,2,2,2,2,2,2,2,2,2,2,2,2,2,2,0,989149,2,1,1152,49634,dscw80
0,0,1,1,1,1,1,1,1,1,1,1,1,1,1,1,1,1,1,1,1,1,1,1,1,1,0,2097,1,1,1152,49634,dscw80
0,0,0,0,2,3,5,6,8,8,8,8,8,10,10,10,10,10,10,10,10,10,10,10,10,10,0,32201686,10,1,1152,49634,dscw80
0,0,0,0,0,0,1,1,2,3,4,5,5,5,5,5,5,5,5,5,5,5,5,5,5,5,0,22704924,5,0,1152,49634,dscw80
0,0,0,0,0,0,0,0,1,1,1,1,1,1,1,1,1,1,1,1,1,1,1,1,1,1,0,131546,1,0,1152,49634,dscw80
0,0,0,0,0,0,0,0,0,0,0,0,0,0,0,0,0,0,0,0,0,0,0,1,1,4,1,6308,5,1,1151,49440,dscw80
0,0,0,0,0,0,0,0,0,0,0,0,0,0,1,1,1,1,1,1,1,1,1,1,1,1,0,257293,1,1,1151,49440,dscw80
0,0,0,0,0,0,0,0,0,0,0,1,1,1,1,1,1,1,1,1,1,1,1,1,1,1,0,1324060,1,0,1173,52590,dscw80
0,0,0,0,1,11,35,61,79,96,107,125,140,152,163,167,170,175,180,182,197,203,209,213,213,214,0,599766664,214,0,1152,49634,dscw80
0,0,0,0,0,0,0,0,1,1,1,1,1,1,1,1,1,1,1,1,1,1,1,1,1,1,0,128677,1,0,1152,49634,dscw80
0,0,0,0,0,0,0,0,0,0,0,0,0,1,1,1,1,1,1,1,1,1,1,1,1,1,0,6977403,1,1,1152,49634,dscw80
0,0,0,0,0,0,0,0,0,0,0,0,0,0,0,0,1,1,1,1,1,1,1,1,1,1,0,1132464,1,0,1173,52590,dscw80
0,0,1,2,2,2,2,2,2,2,2,2,2,2,2,2,2,2,2,2,2,2,2,2,2,2,0,4237,2,1,1152,49634,dscw80
0,0,0,0,0,0,0,0,0,0,0,1,1,1,1,1,1,1,1,1,2,2,2,2,2,2,0,6994444,2,0,1152,49634,dscw80
0,0,0,0,0,0,0,0,0,0,0,0,0,0,1,1,1,1,1,1,1,1,1,1,1,1,0,3954285,1,1,1152,49634,dscw80
0,0,0,0,0,0,0,0,0,0,0,0,0,0,0,0,0,0,0,0,0,0,0,0,2,2,0,5546901,2,0,1173,52590,dscw80
0,0,0,1,1,1,2,2,2,2,2,2,2,2,2,2,2,2,2,2,2,2,2,2,2,2,0,258027,2,1,1173,52590,dscw80
0,0,0,0,0,0,0,0,0,0,0,0,0,0,0,0,0,0,0,0,1,1,1,1,1,1,0,128516,1,1,1173,52590,dscw80
0,0,0,0,0,0,0,0,0,0,1,1,1,1,1,1,1,1,2,2,2,2,2,2,3,3,0,4338573,3,0,1152,49634,dscw80
0,0,0,0,0,0,0,0,0,0,2,2,2,2,2,2,2,2,3,3,3,3,3,3,3,3,0,8588137,3,1,1151,49440,dscw80
0,0,0,0,0,0,0,0,0,1,1,1,1,1,1,1,1,1,1,1,1,1,1,1,1,1,0,1251371,1,0,1173,52590,dscw80
0,0,0,1,1,1,1,1,1,1,1,1,1,1,1,1,1,1,1,1,1,1,1,1,1,1,0,257985,1,1,1152,49634,dscw80
0,0,0,1,1,1,1,1,1,1,1,1,1,1,1,1,1,1,1,1,1,1,1,1,1,1,0,3867928,1,0,1152,49634,dscw80
0,0,0,0,0,0,0,0,0,1,1,1,1,1,1,1,1,1,1,1,1,1,1,1,1,1,0,2215081,1,0,1173,52590,dscw80
0,0,0,0,0,0,0,0,0,0,0,1,1,1,1,1,1,1,1,1,1,1,1,1,1,1,0,1793,1,1,1151,49440,dscw80
0,0,0,0,0,0,0,0,0,0,0,0,0,0,1,1,1,1,1,1,1,1,1,1,1,1,0,2920772,1,0,1152,49634,dscw80
0,0,0,0,0,0,0,0,1,1,1,1,1,1,1,1,1,1,1,1,1,1,1,1,1,1,0,128592,1,0,1152,49634,dscw80
0,0,0,0,0,0,1,1,1,3,3,4,6,7,7,7,7,7,7,7,7,8,8,8,8,8,0,14786628,8,0,1152,49634,dscw80
0,0,1,1,1,1,1,1,1,1,1,1,1,1,1,1,1,1,1,1,1,1,1,1,1,1,0,257832,1,0,1152,49634,dscw80
0,0,0,0,0,0,0,0,0,0,0,0,0,0,0,0,0,1,1,1,1,1,1,1,1,1,0,2856185,1,0,1152,49634,dscw80
0,0,0,0,4,12,19,23,29,33,35,35,35,36,37,39,40,41,41,42,45,45,45,45,45,45,0,130617978,45,1,1152,49634,dscw80
0,0,0,0,2,2,4,6,7,8,8,10,11,12,12,13,13,14,14,14,17,17,18,18,18,18,0,17653932,18,1,1173,52590,dscw80
0,0,0,0,0,0,0,0,0,1,1,1,1,1,1,1,1,1,1,1,1,1,1,1,1,1,0,226828,1,1,1152,49634,dscw80
0,0,0,0,0,0,0,0,1,1,1,1,1,1,1,1,1,1,1,1,1,1,1,1,1,1,0,1545265,1,1,1181,53188,dscw80
0,0,0,0,0,1,1,1,1,1,1,2,2,3,3,3,3,3,3,3,3,4,4,4,5,5,0,6721413,5,0,1151,49440,dscw80
0,0,0,1,2,2,2,2,2,3,3,3,3,3,3,3,3,3,3,3,3,3,3,3,3,3,0,263026,3,1,1151,49440,dscw80
0,0,0,0,0,0,0,1,1,1,1,1,1,1,1,1,1,1,1,1,1,1,1,1,1,1,0,4176759,1,0,1152,49634,dscw80
0,0,0,0,0,0,0,1,1,1,1,2,2,2,2,2,2,2,2,2,2,2,2,2,2,2,0,130867,2,0,1152,49634,dscw80
0,0,0,0,0,0,0,0,0,0,0,0,0,0,0,0,0,0,0,0,0,1,1,1,1,1,0,258046,1,0,1152,49634,dscw80
0,0,0,0,0,0,0,0,0,0,0,0,1,1,1,1,1,1,1,1,1,1,1,1,1,1,0,128329,1,0,1152,49634,dscw80
0,0,0,0,0,0,0,0,0,0,0,0,0,0,0,0,0,0,0,0,1,1,1,1,1,1,0,3392528,1,0,1181,53188,dscw80
0,0,1,1,3,3,4,4,4,4,4,4,4,4,4,5,5,5,5,5,5,5,5,5,5,5,0,1033984,5,0,1152,49634,dscw80
0,0,0,0,0,0,0,1,1,1,1,1,1,1,1,1,1,1,1,1,2,2,2,2,2,2,0,17753974,2,0,1173,52590,dscw80
0,0,0,0,0,0,0,0,0,0,0,0,0,1,1,1,1,1,1,1,1,1,1,1,1,1,0,2869785,1,0,1181,53188,dscw80
0,0,0,2,4,6,8,11,12,15,17,18,20,20,20,21,22,22,23,24,34,43,51,57,58,58,0,46764560,58,0,1152,49634,dscw80
0,0,0,0,0,0,0,0,0,0,1,1,1,1,1,1,1,1,1,1,1,1,1,1,1,1,0,5301516,1,0,1152,49634,dscw80
0,0,0,1,1,1,1,1,1,1,1,1,1,1,1,1,1,1,1,1,1,1,1,1,1,1,0,257605,1,1,1152,49634,dscw80
0,0,0,0,0,3,3,4,4,4,4,5,5,5,5,5,6,6,6,6,6,6,6,6,6,6,0,21057855,6,0,1173,52590,dscw80
0,0,0,0,0,0,0,0,0,0,0,0,0,0,0,0,1,1,1,1,1,1,1,1,1,1,0,42965,1,0,1152,49634,dscw80
0,0,0,0,0,0,0,0,1,1,1,1,1,1,1,1,1,1,1,1,1,1,1,1,1,1,0,257587,1,0,1151,49440,dscw80
0,0,0,0,0,0,0,0,0,1,1,1,1,1,1,1,1,1,1,1,1,1,1,1,1,1,0,5622198,1,0,1173,52590,dscw80
0,0,0,1,1,1,1,1,1,1,1,1,1,1,1,1,1,1,1,1,1,1,1,1,1,1,0,4587499,1,0,1173,52590,dscw80
0,1,1,1,1,1,1,1,1,1,1,1,1,1,1,1,1,1,1,1,1,1,1,1,1,1,0,824735,1,1,1151,49440,dscw80
0,0,0,0,0,0,0,1,1,1,1,1,1,1,1,1,1,1,1,1,1,1,1,1,1,1,0,2947,1,1,1173,52590,dscw80
0,0,0,0,0,0,0,0,1,1,1,1,1,1,1,1,1,1,1,1,1,1,1,1,1,1,0,258114,1,0,1152,49634,dscw80
0,0,0,0,0,0,0,0,0,0,0,0,0,0,0,0,0,0,0,0,0,0,0,0,0,1,0,2109,1,0,1151,49440,dscw80
0,0,0,0,0,1,1,1,1,1,1,1,1,1,1,1,1,1,1,1,1,1,1,1,1,1,0,257408,1,1,1152,49634,dscw80
0,0,0,0,0,0,0,0,0,0,0,0,0,1,1,1,1,1,1,1,1,1,1,1,1,1,0,6538794,1,0,1173,52590,dscw80
0,0,0,0,0,0,0,0,0,0,0,0,0,0,0,1,1,1,1,1,1,1,1,1,1,1,0,1054861,1,0,1173,49440,dscw80
0,0,0,0,0,0,0,0,0,1,1,1,1,1,1,1,1,1,1,1,1,1,1,1,1,1,0,2130,1,1,1151,49440,dscw80
0,1,1,1,1,1,1,1,1,1,1,1,1,1,1,1,1,1,1,1,1,1,1,1,1,1,0,117192,1,1,1181,53188,dscw80
0,0,0,0,0,1,1,1,1,1,1,1,1,1,1,1,1,1,1,1,1,1,1,1,1,1,0,1623,1,1,1151,49440,dscw80
0,0,0,0,0,0,0,0,0,0,1,2,2,2,2,2,2,2,2,2,2,2,2,2,2,2,0,3581,2,1,1152,49634,dscw80
0,0,0,0,0,0,0,1,1,1,2,2,2,2,2,2,2,2,2,2,2,2,2,2,2,2,0,6626343,2,0,1151,49440,dscw80
0,0,1,1,1,1,1,1,1,1,1,1,1,1,1,1,1,1,1,1,1,1,1,1,1,1,0,149861,1,1,1152,49634,dscw80
0,0,0,0,0,0,0,0,0,0,0,0,0,0,0,0,0,0,0,0,0,1,1,1,1,1,0,1666,1,1,1152,49634,dscw80
0,0,0,1,2,3,5,5,5,5,5,6,6,6,6,6,6,6,6,6,6,7,8,8,8,8,0,40495803,8,0,1152,49634,dscw80
0,0,0,0,0,0,0,0,0,1,1,1,1,1,1,1,1,1,1,1,1,1,1,1,1,1,0,258189,1,0,1181,49634,dscw80
0,0,0,0,0,0,2,2,2,2,2,2,2,2,2,2,2,2,2,2,2,2,2,2,2,2,0,4022,2,1,1152,49634,dscw80
0,0,0,0,0,0,3,5,6,6,6,6,6,6,6,6,7,7,7,7,7,7,7,7,7,7,0,10103792,7,0,1173,52590,dscw80
0,0,0,0,0,0,0,0,0,0,0,0,0,0,0,0,1,1,1,1,1,1,1,1,1,1,0,807607,1,0,1152,49634,dscw80
0,0,2,3,4,4,4,4,4,4,4,4,4,4,4,4,4,4,4,4,4,4,4,4,4,4,0,16989872,4,1,1152,49634,dscw80
0,0,0,0,1,1,1,1,1,1,1,1,1,1,1,1,1,1,1,1,1,1,1,1,1,1,0,1903,1,1,1151,49440,dscw80
0,0,0,0,0,0,0,0,0,0,0,0,0,0,0,0,1,1,1,1,1,1,1,1,1,1,0,2220,1,1,1151,49634,dscw80
0,0,1,1,1,1,1,1,1,1,1,1,1,1,1,1,1,1,1,1,1,1,1,1,1,1,0,257605,1,1,1152,49634,dscw80
0,0,0,0,1,1,1,1,1,1,1,1,1,1,1,1,1,1,1,1,1,1,1,1,1,1,0,2894,1,0,1173,52590,dscw80
0,0,0,0,0,0,0,0,0,0,0,0,0,0,0,0,0,0,0,0,0,0,1,1,1,1,0,8443,1,0,1152,49634,dscw80
0,0,0,0,0,0,1,1,1,1,1,1,1,1,1,1,1,1,1,1,1,1,1,1,1,1,0,5904085,1,1,1151,49440,dscw80
0,0,1,1,1,1,1,1,1,1,1,1,1,1,1,1,1,1,1,1,1,1,1,1,1,1,0,128485,1,1,1152,49634,dscw80
0,0,1,1,1,1,1,1,1,1,1,1,1,1,1,1,1,1,1,1,1,1,1,1,1,1,0,3050,1,1,1181,49634,dscw80
0,0,0,0,0,0,0,0,1,1,1,1,1,1,1,1,1,1,1,1,1,1,1,1,1,1,0,296822,1,1,1152,49634,dscw80
0,0,0,0,0,0,0,0,0,0,0,0,0,0,0,0,0,0,0,0,0,0,0,0,0,0,2,2623,2,1,1152,49634,dscw80
0,0,0,0,2,2,2,2,2,2,2,3,3,3,3,3,3,3,3,3,3,3,3,3,3,3,0,774069,3,1,1151,49440,dscw80
0,1,1,1,1,1,1,2,2,2,2,2,2,2,2,2,2,2,2,2,2,2,2,2,2,2,0,5482675,2,0,1181,53188,dscw80
0,0,0,0,0,0,0,0,0,0,0,0,0,0,0,0,1,1,1,1,1,1,2,2,2,2,0,424293,2,0,1152,49634,dscw80
0,0,0,0,0,1,1,1,1,1,2,3,3,3,3,3,3,3,3,3,3,5,5,5,5,5,0,13610270,5,0,1181,49634,dscw80
0,0,0,0,0,0,0,0,0,0,0,0,0,0,0,1,1,1,1,1,1,1,1,1,1,1,0,257658,1,0,1181,53188,dscw80
0,0,0,1,1,1,1,1,1,1,1,1,1,1,1,1,1,1,1,1,1,1,1,1,1,1,0,1986,1,0,1152,49634,dscw80
0,0,0,0,0,0,0,0,0,0,0,0,3,4,4,5,5,5,5,5,5,5,5,5,5,5,0,5537135,5,0,1173,52590,dscw80
0,0,0,0,0,0,0,0,0,0,1,1,1,1,1,1,1,1,1,1,1,1,1,1,1,1,0,196994,1,0,1152,49634,dscw80
0,0,0,0,0,0,0,0,0,0,0,0,0,0,0,0,0,0,0,0,0,2,2,3,3,3,0,450948,3,0,1181,53188,dscw80
0,0,0,0,1,1,1,1,1,1,1,1,1,1,1,1,1,1,1,1,1,1,1,1,1,1,0,43833,1,0,1151,49440,dscw80
0,0,0,0,0,0,0,1,1,1,1,1,2,2,2,2,2,2,2,2,2,2,2,2,2,2,0,22044013,2,0,1173,52590,dscw80
0,0,0,0,0,0,0,0,0,0,0,0,0,0,0,0,0,0,0,0,0,0,1,1,1,1,0,42986,1,0,1152,49634,dscw80
0,0,0,0,0,0,0,0,0,0,0,1,1,1,1,1,1,1,1,1,1,1,1,1,1,1,0,165315,1,0,1151,52590,dscw80
0,0,0,0,0,0,0,0,0,0,0,0,0,0,0,0,1,1,1,2,2,3,3,3,3,3,0,1789102,3,1,1173,49440,dscw80
