ttfb_le_5_ms,ttfb_le_10_ms,ttfb_le_15_ms,ttfb_le_20_ms,ttfb_le_25_ms,ttfb_le_30_ms,ttfb_le_35_ms,ttfb_le_40_ms,ttfb_le_45_ms,ttfb_le_50_ms,ttfb_le_55_ms,ttfb_le_60_ms,ttfb_le_65_ms,ttfb_le_70_ms,ttfb_le_75_ms,ttfb_le_80_ms,ttfb_le_85_ms,ttfb_le_90_ms,ttfb_le_95_ms,ttfb_le_100_ms,ttfb_le_150_ms,ttfb_le_200_ms,ttfb_le_300_ms,ttfb_le_400_ms,ttfb_le_500_ms,ttfb_le_1000_ms,ttfb_gt_1000_ms,bytes_sent,requests,is_cache_hit,client_metro,region,maprule
0,0,0,0,0,0,0,0,0,0,0,0,0,0,0,0,0,0,0,0,1,1,1,1,1,1,0,258454,1,1,1181,53188,dscw80
0,0,0,0,0,1,1,2,2,2,2,2,2,2,2,2,2,2,2,2,2,2,2,2,2,2,0,5101781,2,0,1152,49634,dscw80
0,0,0,0,0,0,1,1,1,1,1,1,1,1,1,1,1,1,1,1,1,1,1,1,1,1,0,2602078,1,1,1152,49634,dscw80
0,0,0,0,0,1,2,3,5,6,6,6,6,6,6,6,6,6,6,6,6,6,6,6,6,6,0,24554779,6,1,1151,49440,dscw80
0,1,1,1,1,1,1,1,1,1,1,1,1,1,1,1,1,1,1,1,1,1,1,1,1,1,0,2196,1,1,1152,49634,dscw80
0,0,2,3,3,3,4,5,5,5,5,5,5,5,5,5,5,5,5,5,5,5,5,5,5,5,0,19519364,5,1,1152,49634,dscw80
0,0,0,1,1,1,1,1,1,2,2,2,2,2,2,2,2,2,2,2,2,2,2,2,2,2,0,516211,2,1,1181,53188,dscw80
0,1,2,2,2,2,2,2,2,2,2,2,2,2,2,2,2,2,2,2,2,2,2,2,2,2,0,4781002,2,1,1181,53188,dscw80
0,0,0,0,0,0,0,0,0,0,0,0,0,0,0,0,0,0,0,0,0,1,2,2,2,2,0,256756,2,1,1152,49634,dscw80
0,0,1,1,1,1,1,1,1,1,1,1,1,1,1,1,1,1,1,1,1,1,1,1,1,1,0,1428,1,1,1181,53188,dscw80
0,0,0,0,1,1,1,1,1,1,1,1,1,1,1,1,1,1,1,1,1,1,1,1,1,1,0,1897,1,1,1151,49440,dscw80
0,0,0,0,0,0,0,0,0,0,0,0,0,0,0,0,0,0,0,0,1,1,1,1,1,1,0,257953,1,1,1151,49440,dscw80
0,0,0,0,0,0,0,0,0,0,0,0,0,0,0,0,0,0,0,0,0,0,0,0,1,1,0,1960670,1,1,1173,52590,dscw80
0,0,2,4,5,7,7,7,7,7,7,7,7,7,7,7,7,7,7,7,7,7,7,7,7,7,0,40802374,7,1,1181,53188,dscw80
0,0,0,0,0,1,1,1,1,1,1,1,1,1,1,1,1,1,1,1,1,1,1,1,1,1,0,2276,1,1,1152,49634,dscw80
0,0,1,1,1,1,1,1,1,1,1,1,1,1,1,1,1,1,1,1,1,1,1,1,1,1,0,769397,1,0,1152,49634,dscw80
0,0,1,1,1,1,1,1,1,1,1,1,1,1,1,1,1,1,1,1,1,1,1,1,1,1,0,2830458,1,1,1152,49634,dscw80
0,0,0,2,2,4,5,5,6,6,6,6,6,6,6,6,6,7,7,7,7,7,7,7,7,7,0,29405875,7,1,1152,49634,dscw80
0,0,6,13,17,19,23,26,27,30,32,32,32,32,32,32,34,34,34,35,36,36,38,39,39,39,0,97099064,39,0,1152,49634,dscw80
0,0,0,0,0,0,0,1,1,1,1,1,1,1,1,1,1,1,1,1,1,1,1,1,1,1,0,3813374,1,0,1173,49440,dscw80
0,0,0,0,0,0,0,0,0,0,0,0,1,1,1,1,1,1,1,1,1,1,1,1,1,1,0,3730583,1,0,1152,49634,dscw80
0,0,0,0,0,0,0,0,0,0,0,0,0,0,1,1,1,1,1,1,1,1,1,1,1,1,0,128372,1,1,1152,49634,dscw80
0,0,0,0,0,0,0,0,0,0,0,0,0,0,0,0,0,0,0,0,0,0,1,1,1,1,0,5187270,1,0,1152,49634,dscw80
0,0,0,0,0,0,1,1,2,2,2,2,2,2,2,2,2,2,2,2,2,2,2,2,2,2,0,19138259,2,0,1152,49634,dscw80
0,0,0,0,0,0,0,0,0,0,0,0,0,0,0,0,0,0,0,0,0,0,0,1,1,1,0,257573,1,1,1173,49440,dscw80
0,0,0,0,0,0,0,3,8,8,9,9,10,10,10,10,10,10,10,10,10,10,10,10,11,11,0,14900368,11,0,1151,49634,dscw80
0,0,1,1,1,1,1,1,1,1,1,1,1,1,1,1,1,1,1,2,2,2,2,2,2,2,0,9780005,2,1,1152,49634,dscw80
0,0,0,0,0,0,0,0,1,1,1,1,1,1,1,1,1,1,1,1,1,1,1,1,1,1,0,3607037,1,0,1173,49440,dscw80
0,0,0,0,1,1,2,3,4,4,4,4,4,4,4,4,4,4,4,5,5,5,5,5,5,5,0,6088093,5,0,1152,49440,dscw80
0,0,0,0,0,0,0,1,1,1,1,1,1,1,1,1,1,2,2,2,2,2,2,2,2,2,0,1193027,2,1,1151,49440,dscw80
0,0,0,0,0,0,0,0,0,0,0,0,0,0,0,1,1,1,1,1,1,1,1,1,1,1,0,5942115,1,1,1152,49634,dscw80
0,0,0,2,5,5,6,7,7,7,7,7,7,7,7,7,7,7,7,7,8,8,8,8,8,8,0,2292225,8,1,1152,49634,dscw80
0,0,0,0,0,0,0,0,0,0,0,0,0,0,0,0,0,0,0,0,0,1,1,1,1,1,0,117760,1,0,1152,49634,dscw80
0,0,0,0,0,0,0,0,0,0,0,0,1,1,1,1,1,1,1,1,1,1,1,1,1,1,0,1621,1,1,1173,49440,dscw80
0,0,0,0,2,2,2,2,2,2,2,2,2,2,2,2,2,2,2,2,2,2,2,2,2,2,0,2435941,2,1,1152,49634,dscw80
0,0,0,4,4,4,6,7,7,8,8,8,8,8,8,8,8,8,8,8,8,8,8,8,8,8,0,12606219,8,1,1152,49634,dscw80
0,0,0,0,1,1,2,2,2,2,2,2,2,4,4,4,5,5,5,5,5,5,5,5,5,5,0,23866648,5,0,1152,49634,dscw80
0,0,0,0,2,3,6,7,7,8,8,9,10,10,10,11,11,11,11,11,11,11,12,12,12,12,0,516741,12,1,1152,49634,dscw80
0,0,0,0,0,0,1,1,1,1,1,1,1,1,1,1,1,1,1,1,1,1,1,1,1,1,0,2430,1,0,1173,52590,dscw80
0,0,1,2,2,3,3,4,4,4,4,5,5,5,5,5,5,5,5,5,5,5,5,5,5,5,0,1032658,5,1,1152,49634,dscw80
0,0,0,0,0,1,1,1,1,1,1,1,1,1,1,1,1,1,1,1,1,1,1,1,1,1,0,258562,1,1,1152,49634,dscw80
0,0,0,0,0,0,0,0,0,0,0,0,0,1,1,1,1,1,1,1,1,1,1,1,1,1,0,226698,1,1,1152,49634,dscw80
0,0,0,0,5,12,18,20,25,27,28,30,30,30,31,31,31,32,32,33,34,36,36,36,36,36,0,5570773,36,1,1152,49634,dscw80
0,0,0,0,1,1,1,1,1,1,1,1,1,1,1,1,1,1,1,1,1,1,1,1,1,1,0,128602,1,0,1152,49634,dscw80
0,0,0,0,0,1,1,2,2,2,2,2,2,2,3,3,3,3,3,3,3,3,3,3,3,3,0,13611,3,1,1152,49634,dscw80
0,0,0,1,2,2,4,5,5,6,6,6,6,7,7,7,7,7,7,7,7,7,7,8,8,8,0,19122949,8,0,1151,49440,dscw80
0,0,0,0,0,0,0,0,0,0,1,1,1,1,1,1,1,1,1,1,1,1,1,1,1,1,0,257723,1,1,1152,49634,dscw80
0,0,0,1,1,2,2,2,2,2,2,2,2,2,2,2,2,2,2,2,2,2,2,2,2,2,0,5281,2,1,1152,49634,dscw80
0,0,1,1,2,2,2,2,2,2,2,2,2,2,2,2,2,2,2,2,2,2,2,2,2,2,0,11982411,2,0,1152,49634,dscw80
0,0,0,0,0,0,1,1,1,1,1,1,1,1,1,1,1,1,1,1,1,1,1,2,2,2,0,5411552,2,0,1152,49634,dscw80
0,0,0,0,0,0,0,0,0,0,1,1,1,1,1,1,1,1,1,1,1,1,1,1,1,1,0,257428,1,1,1152,49634,dscw80
0,0,1,1,1,1,1,1,1,1,1,2,2,2,2,2,2,2,2,2,2,2,2,2,2,2,0,259596,2,1,1152,49634,dscw80
0,0,0,0,0,0,0,0,0,0,0,0,0,0,0,0,1,1,1,2,2,2,2,2,2,2,0,3659154,2,0,1152,49634,dscw80
0,0,0,0,0,0,0,1,1,1,1,1,1,1,3,3,3,3,3,3,3,4,4,4,4,4,0,13210940,4,1,1152,49634,dscw80
0,0,0,1,1,2,2,2,2,2,2,2,2,2,2,2,2,2,2,2,2,2,2,2,2,2,0,450357,2,1,1152,49634,dscw80
0,0,0,0,0,0,0,0,0,0,0,1,1,1,1,1,1,1,1,1,1,1,1,1,1,1,0,5976460,1,1,1152,49634,dscw80
0,0,0,0,0,0,0,1,1,1,1,1,1,1,1,1,1,1,1,1,1,1,1,1,1,1,0,1926710,1,0,1152,49634,dscw80
0,0,0,0,0,0,0,0,0,0,0,0,0,0,0,0,0,0,1,1,2,2,2,2,2,2,0,1083312,2,0,1152,49634,dscw80
0,0,0,1,1,1,1,1,1,1,1,1,1,1,1,1,1,1,1,1,1,1,1,1,1,1,0,3298,1,0,1152,49634,dscw80
0,0,0,0,0,1,1,1,1,1,1,1,1,1,1,1,1,1,1,1,1,1,1,1,1,1,0,7764079,1,0,1151,49440,dscw80
0,0,0,0,0,0,0,0,0,0,0,0,0,0,0,0,0,0,0,0,0,0,0,0,0,1,0,34085,1,1,1151,49440,dscw80
0,0,0,0,0,0,0,0,1,2,2,3,3,6,6,7,7,8,9,9,9,9,9,9,9,9,0,16144929,9,0,1152,49634,dscw80
0,0,0,0,2,2,4,6,8,8,8,9,9,9,9,9,9,9,11,11,13,13,13,13,14,14,0,51792743,14,0,1152,49634,dscw80
0,0,0,0,1,1,1,1,1,1,1,1,1,1,1,1,1,1,1,1,1,1,1,1,1,1,0,128798,1,1,1152,49634,dscw80
0,0,0,0,0,0,0,0,0,0,1,1,1,1,1,1,1,1,1,1,1,1,1,1,1,1,0,1732056,1,0,1151,49440,dscw80
0,0,0,0,0,1,1,2,3,3,3,3,3,3,3,3,3,3,3,3,3,4,4,4,5,5,0,34444576,5,0,1152,49634,dscw80
0,0,0,0,1,1,1,2,2,2,2,2,2,2,2,2,2,2,2,2,2,2,2,2,2,2,0,14504657,2,1,1152,49634,dscw80
0,0,0,0,1,2,3,5,5,5,5,5,5,5,5,5,5,5,5,5,5,6,8,8,8,8,0,1278751,8,1,1152,49634,dscw80
0,0,0,0,0,0,0,0,0,0,0,0,0,0,0,0,0,0,0,0,1,1,1,1,1,1,0,2001,1,1,1173,49634,dscw80
0,0,0,0,0,0,0,0,0,0,0,0,0,0,0,0,0,0,0,0,1,1,2,3,3,3,0,1064809,3,0,1152,49634,dscw80
0,0,0,0,1,1,1,1,1,1,1,1,1,1,1,1,1,1,1,1,1,1,1,1,1,1,0,2410,1,1,1181,49634,dscw80
0,0,0,0,0,0,1,1,1,1,1,1,1,1,1,1,1,1,1,1,1,1,1,1,1,1,0,2533,1,0,1152,49634,dscw80
0,0,2,4,5,6,6,6,6,7,7,8,8,9,9,9,9,10,10,10,12,13,13,13,13,13,0,23454294,13,0,1181,53188,dscw80
0,0,0,0,0,0,0,0,1,1,1,1,1,1,1,1,1,1,1,1,1,1,1,1,1,1,0,33952,1,0,1152,49634,dscw80
0,0,0,1,2,5,9,13,18,19,23,23,25,27,27,27,27,27,27,27,32,35,38,40,41,42,1,79742412,43,0,1152,49634,dscw80
0,0,0,0,0,0,0,0,0,0,0,0,0,0,0,0,0,0,0,0,0,1,1,1,1,1,0,65180,1,1,1173,52590,dscw80
0,0,0,0,0,0,0,1,1,1,1,1,1,2,2,2,2,2,2,2,2,2,2,2,2,2,0,2469721,2,1,1151,49440,dscw80
0,0,0,0,0,1,2,2,2,2,2,2,2,2,2,2,2,2,2,2,2,2,2,2,2,2,0,258997,2,1,1152,49634,dscw80
0,0,0,0,0,0,0,0,0,0,0,0,0,0,0,0,0,0,0,0,1,2,2,2,2,2,0,795562,2,0,1151,49440,dscw80
0,1,2,5,5,6,6,6,6,6,6,6,6,6,6,6,6,6,6,6,6,6,6,6,6,6,0,12179,6,1,1181,53188,dscw80
0,0,0,0,0,0,0,0,0,0,0,0,1,1,1,1,1,1,1,1,1,1,1,1,1,1,0,2826,1,0,1173,49634,dscw80
0,0,0,0,0,0,2,2,2,2,2,2,2,3,3,3,3,3,3,4,4,4,4,4,4,4,0,1332529,4,0,1151,49440,dscw80
0,0,0,0,0,0,0,0,0,0,0,0,0,1,1,1,1,1,1,1,1,1,1,1,1,1,0,128496,1,0,1151,49440,dscw80
0,0,2,6,16,21,22,26,27,30,32,33,34,36,37,39,39,40,40,41,43,43,43,43,44,44,0,156253968,44,0,1152,49634,dscw80
0,0,0,0,0,0,0,0,0,0,0,0,0,0,0,0,0,0,0,1,1,1,1,1,1,1,0,42830,1,0,1152,49634,dscw80
0,0,0,0,1,1,2,3,3,3,3,3,3,3,3,3,3,3,3,3,4,4,4,4,4,4,0,23640276,4,1,1152,49634,dscw80
0,0,0,2,6,7,8,12,15,16,16,16,16,16,16,16,16,16,16,16,16,16,16,16,16,16,0,89616995,16,1,1151,49440,dscw80
0,1,1,1,1,1,1,1,1,1,1,1,1,1,1,1,1,1,1,1,1,1,1,1,1,1,0,2175,1,1,1151,49440,dscw80
0,0,0,0,0,0,0,1,4,6,6,7,7,8,8,9,9,9,9,9,9,9,9,9,10,10,0,36508172,10,0,1151,49634,dscw80
0,0,1,1,1,1,1,2,2,2,2,2,2,2,3,3,3,3,3,3,3,3,3,3,3,3,0,1432105,3,1,1151,49440,dscw80
0,0,0,0,0,0,1,1,1,1,1,1,1,1,1,1,1,1,1,1,1,1,1,1,1,1,0,1730,1,1,1151,49440,dscw80
0,0,0,0,0,0,0,0,0,0,0,0,0,0,0,0,0,0,0,0,0,0,0,0,1,1,0,1209,1,1,1152,49634,dscw80
0,0,0,0,0,0,1,1,1,1,1,1,1,1,1,1,1,1,1,1,1,1,1,1,1,1,0,319909,1,1,1152,49634,dscw80
0,0,0,0,0,2,5,8,11,14,14,17,20,22,23,23,25,25,25,25,27,27,29,30,30,30,0,63559899,30,0,1152,49634,dscw80
0,0,0,0,0,0,2,2,2,2,2,2,2,2,2,2,2,2,2,2,2,2,2,2,2,2,0,1527453,2,1,1152,49634,dscw80
0,0,1,1,1,1,1,1,1,1,1,2,2,2,2,2,2,2,2,2,2,2,2,2,2,2,0,117459,2,1,1152,49634,dscw80
0,0,0,0,0,0,0,0,0,0,0,0,0,1,1,1,1,1,1,1,1,1,1,1,1,1,0,2461,1,1,1152,49634,dscw80
0,0,0,0,0,0,1,1,1,1,1,1,1,1,1,1,1,1,1,1,1,1,1,1,1,1,0,11349584,1,1,1152,49634,dscw80
0,0,2,6,6,8,8,8,8,9,9,9,9,9,9,9,9,9,9,9,10,10,10,10,10,10,0,4717343,10,0,1151,49440,dscw80
0,0,0,0,0,0,1,2,2,2,2,2,3,3,3,3,3,3,3,3,3,3,3,3,3,3,0,3394998,3,0,1152,49634,dscw80
0,0,0,0,0,0,0,0,0,0,0,1,1,1,1,1,1,1,1,1,1,1,1,1,1,1,0,4569760,1,1,1151,49440,dscw80
0,0,0,0,0,0,1,1,1,2,2,2,2,2,2,2,2,2,2,2,2,2,3,3,3,3,0,6300314,3,0,1152,49634,dscw80
0,0,1,3,4,4,4,5,6,8,9,9,9,9,9,9,9,9,9,9,9,9,10,10,10,10,0,14131128,10,0,1152,49634,dscw80
0,0,1,1,1,1,1,1,1,1,1,1,1,1,1,1,1,1,1,1,1,1,1,1,1,1,0,2385281,1,1,1181,53188,dscw80
0,0,0,0,2,3,4,4,5,6,8,8,9,9,9,9,9,9,10,10,12,12,12,12,12,12,0,53952880,12,0,1151,49440,dscw80
0,0,0,0,0,2,2,3,4,4,4,4,4,4,4,4,4,5,5,5,5,5,5,5,5,5,0,16862394,5,0,1152,49634,dscw80
0,0,0,1,2,2,2,2,2,2,2,3,3,3,3,3,3,3,3,3,3,3,3,3,3,3,0,19153345,3,1,1152,49634,dscw80
0,0,0,0,0,1,2,3,3,3,3,3,3,3,3,3,3,3,3,3,3,3,3,3,3,3,0,2396307,3,1,1152,49634,dscw80
0,0,0,0,0,0,0,0,0,0,0,0,0,0,0,0,0,0,0,0,0,0,0,0,0,1,0,128221,1,1,1152,49634,dscw80
0,0,0,0,0,0,0,1,1,1,1,1,1,1,1,1,1,1,1,1,1,1,1,1,1,1,0,132861,1,1,1152,49634,dscw80
0,0,1,1,1,1,1,1,1,1,1,1,1,1,1,1,1,1,1,1,1,1,1,1,1,1,0,128273,1,1,1152,49634,dscw80
0,0,0,0,0,0,0,0,0,1,1,1,1,1,1,1,1,1,1,1,1,1,1,1,1,1,0,1918,1,1,1152,49634,dscw80
0,0,0,0,0,0,0,0,0,0,0,0,0,0,0,0,0,0,0,0,1,1,1,1,1,1,0,128691,1,1,1152,49634,dscw80
0,0,0,0,1,1,1,1,1,1,1,1,1,1,1,1,1,1,1,1,1,1,1,1,1,1,0,3011066,1,1,1152,49634,dscw80
0,0,0,0,0,0,0,1,1,1,1,1,1,1,1,1,1,1,1,1,1,1,1,1,1,1,0,257750,1,1,1173,49440,dscw80
0,0,0,0,0,0,0,0,0,0,0,1,1,1,1,1,1,1,1,1,1,1,1,1,1,1,0,7173805,1,1,1152,49634,dscw80
0,0,0,0,1,1,1,1,1,1,1,1,1,1,1,1,1,1,1,1,1,1,1,1,1,1,0,5471020,1,1,1152,49634,dscw80
0,0,0,0,0,0,1,2,2,2,2,2,2,3,3,3,3,3,3,3,3,3,4,4,4,4,0,18888333,4,0,1152,49634,dscw80
0,0,0,0,0,0,1,2,2,2,2,3,3,3,3,3,3,3,3,3,3,3,3,3,4,4,1,7646125,5,0,1152,49634,dscw80
0,0,0,0,1,1,1,1,1,1,2,2,2,2,2,2,2,2,2,2,2,2,2,2,2,2,0,2615457,2,0,1151,49440,dscw80
0,0,0,0,0,0,0,0,0,0,0,1,1,1,1,1,1,1,1,1,2,2,2,2,2,2,0,10045251,2,0,1151,49634,dscw80
0,0,0,0,0,1,1,1,1,1,2,2,2,2,2,2,2,2,2,2,3,3,3,3,3,3,0,3942562,3,0,1152,49634,dscw80
0,0,0,0,0,0,0,0,0,0,0,1,1,1,1,1,1,1,1,1,1,1,1,1,1,1,0,99505,1,0,1181,49634,dscw80
0,0,0,0,0,0,0,0,0,0,0,0,0,0,1,1,1,1,1,1,1,1,1,1,1,1,0,2649,1,1,1152,49634,dscw80
0,0,0,0,0,1,1,1,1,1,1,1,1,1,1,1,1,1,1,1,1,1,1,1,1,1,0,128721,1,1,1152,49634,dscw80
0,0,0,0,0,0,0,0,0,0,0,0,0,0,0,0,0,0,0,0,1,1,1,1,1,1,0,1768,1,1,1181,53188,dscw80
0,0,0,0,0,0,0,0,0,0,1,2,3,3,3,4,4,4,4,4,4,4,4,4,4,4,0,195868,4,1,1152,49634,dscw80
0,0,0,0,0,0,0,0,0,0,0,0,0,0,0,0,0,0,0,0,0,1,1,1,1,1,0,1875664,1,1,1152,49634,dscw80
0,0,0,0,1,1,1,1,1,1,2,2,2,2,2,2,2,2,2,2,2,2,2,2,2,2,0,5005497,2,0,1151,49440,dscw80
0,0,1,6,7,7,7,8,8,8,8,8,8,8,8,8,8,8,8,8,8,8,8,8,8,8,0,1293530,8,1,1152,49634,dscw80
0,0,0,0,0,2,4,5,5,6,6,6,6,6,6,6,6,6,6,6,8,9,9,10,10,10,0,3662915,10,1,1152,49634,dscw80
0,0,1,2,2,2,2,2,2,2,2,2,2,2,2,2,2,2,2,2,2,2,2,2,2,2,0,6282056,2,1,1152,49634,dscw80
0,0,0,0,0,0,0,1,1,1,1,1,1,1,1,1,1,1,1,1,1,1,1,1,1,1,0,258804,1,1,1152,49634,dscw80
0,0,0,0,0,0,0,0,0,0,0,0,0,0,0,0,0,0,0,0,1,1,1,1,1,1,0,128568,1,1,1181,49634,dscw80
0,0,0,0,1,1,1,1,1,1,1,1,1,1,1,1,1,1,1,1,1,1,1,1,1,1,0,129338,1,0,1152,49634,dscw80
0,0,0,0,0,0,0,0,0,1,1,1,1,1,1,1,1,1,1,1,1,1,1,1,1,1,0,2462800,1,0,1151,49440,dscw80
0,0,0,2,2,2,3,3,3,3,3,3,3,3,3,3,3,3,3,3,3,3,3,3,3,3,0,6851855,3,0,1151,49440,dscw80
0,0,0,0,0,0,0,0,0,0,0,0,1,1,1,1,1,1,1,1,1,1,1,1,1,1,0,2700,1,0,1152,49634,dscw80
0,0,0,0,0,0,0,0,1,1,1,1,1,1,1,1,1,1,1,1,1,1,1,1,1,1,0,3668651,1,0,1173,49440,dscw80
0,0,0,0,3,4,5,6,6,6,6,6,6,6,6,6,6,6,6,6,6,6,6,6,6,6,0,228503,6,1,1152,49634,dscw80
0,0,0,0,0,0,0,1,2,3,3,3,3,3,3,3,3,3,4,4,4,4,4,5,5,6,0,1534150,6,1,1152,49634,dscw80
0,0,0,0,0,0,0,0,0,0,0,0,1,1,2,2,2,2,2,2,2,2,2,2,2,2,0,3536415,2,0,1152,49634,dscw80
0,0,0,0,0,0,0,0,0,0,0,1,1,1,2,2,2,6,7,8,10,11,12,12,12,12,0,18070778,12,0,1173,49634,dscw80
0,0,0,0,0,0,0,1,1,1,1,1,1,1,1,1,1,1,1,1,1,1,1,1,1,1,0,128229,1,0,1151,49440,dscw80
0,0,0,0,0,0,0,0,0,0,0,0,0,0,0,0,1,2,2,2,2,2,2,2,2,2,0,5857484,2,0,1151,49440,dscw80
0,0,0,0,0,0,0,0,0,0,0,0,0,0,1,1,1,1,1,1,1,1,1,1,1,1,0,1918,1,1,1151,49440,dscw80
0,0,1,3,5,10,11,12,13,13,14,14,14,14,14,14,14,14,14,14,15,15,16,16,16,16,0,37313266,16,0,1152,49634,dscw80
0,0,0,0,0,0,0,0,0,0,0,0,0,0,1,1,1,1,1,1,1,1,1,1,1,1,0,2232,1,0,1151,49634,dscw80
0,0,0,0,0,0,0,0,1,1,1,1,1,1,1,1,1,1,1,1,2,2,2,2,2,2,0,7807983,2,0,1152,49634,dscw80
0,0,0,0,0,1,1,1,1,1,1,1,1,1,1,1,1,1,1,1,1,1,1,1,1,1,0,2428,1,1,1173,52590,dscw80
0,0,0,0,0,0,0,0,0,1,2,2,2,2,2,2,2,2,2,2,2,2,2,2,2,2,0,3378499,2,0,1173,49634,dscw80
0,0,0,1,1,1,1,1,1,1,1,1,1,2,2,2,2,2,2,2,2,2,2,2,2,2,0,3977,2,0,1152,49634,dscw80
0,1,1,1,1,1,1,1,1,1,1,1,1,1,1,1,1,1,1,1,1,1,1,1,1,1,0,258582,1,0,1181,53188,dscw80
0,0,0,0,0,0,0,0,0,0,0,1,1,1,1,1,1,1,1,1,1,1,1,1,1,1,0,9438,1,1,1152,49634,dscw80
0,0,0,0,1,1,1,1,1,1,1,1,1,1,1,1,1,1,1,1,1,1,1,1,1,1,0,257552,1,1,1151,49440,dscw80
0,2,3,6,6,7,9,10,11,11,11,11,11,11,11,11,11,11,11,11,11,11,11,11,11,11,0,38045373,11,1,1152,49634,dscw80
0,0,0,0,0,0,0,1,1,1,1,1,1,1,1,1,1,1,1,1,1,1,1,1,1,1,0,1777,1,1,1152,49634,dscw80
0,0,1,1,1,1,1,1,1,1,1,1,1,1,1,1,1,1,1,1,1,1,1,1,1,1,0,2308519,1,1,1152,49634,dscw80
0,0,0,0,1,1,1,1,1,2,2,2,2,2,2,2,2,2,2,2,2,2,2,2,2,2,0,5428909,2,0,1152,49634,dscw80
0,0,0,0,0,0,0,0,0,0,0,1,1,1,1,1,1,1,1,1,1,1,2,2,2,2,0,3265352,2,0,1151,49440,dscw80
0,0,0,1,1,2,2,2,2,2,2,2,2,2,2,2,2,2,2,2,2,2,2,2,2,2,0,1355632,2,1,1151,49440,dscw80
0,0,0,0,0,0,0,0,0,0,0,0,0,0,0,0,0,0,0,0,0,1,1,1,1,1,0,257417,1,1,1173,49634,dscw80
0,0,0,0,1,2,2,2,2,2,2,2,2,2,2,2,2,2,2,2,2,2,2,2,2,2,0,8053759,2,1,1151,49440,dscw80
0,0,1,1,1,1,1,1,1,1,1,1,1,1,1,1,1,1,1,1,1,1,1,1,1,1,0,12897748,1,1,1151,49440,dscw80
0,0,0,0,0,0,0,0,0,0,0,0,0,0,0,1,1,1,1,1,1,1,1,1,1,1,0,569164,1,0,1152,49634,dscw80
0,0,0,0,0,0,2,3,3,3,3,3,3,3,3,3,3,3,3,3,3,3,3,3,3,3,0,3605065,3,0,1152,49634,dscw80
0,0,0,0,0,0,0,0,0,0,0,1,1,1,1,1,1,1,1,1,1,1,1,1,1,1,0,1634,1,1,1152,49634,dscw80
0,0,0,0,0,0,0,0,1,1,2,2,2,2,2,2,2,2,2,2,2,2,2,2,2,2,0,2934757,2,0,1152,49634,dscw80
0,0,0,0,0,1,1,1,1,1,1,1,1,1,1,1,1,1,1,1,1,1,1,1,1,1,0,257990,1,1,1152,49634,dscw80
0,0,0,0,0,0,0,0,0,0,0,1,1,1,4,4,4,4,4,4,4,4,4,4,4,4,0,12279496,4,0,1173,49634,dscw80
0,0,0,0,0,0,0,0,0,0,2,2,2,2,2,2,2,2,2,2,2,3,3,3,3,3,0,940061,3,1,1173,49634,dscw80
0,0,0,0,0,1,1,1,1,1,1,1,1,1,1,1,1,1,1,1,1,1,1,1,1,1,0,1898,1,1,1152,49634,dscw80
0,0,0,0,0,0,0,0,0,0,0,0,0,0,0,0,0,0,0,0,1,1,1,1,1,1,0,2005,1,0,1173,52590,dscw80
0,0,0,0,1,1,1,1,1,1,1,1,1,1,1,1,1,1,1,1,1,1,1,1,1,1,0,105070,1,0,1152,49634,dscw80
0,0,0,1,1,1,1,1,1,1,1,1,1,1,1,1,1,1,1,1,1,1,1,1,1,1,0,754688,1,1,1151,49440,dscw80
0,0,0,1,5,15,29,41,53,65,70,73,80,81,82,84,88,88,89,90,96,99,103,105,106,106,0,325629962,106,0,1152,49634,dscw80
0,0,0,0,0,0,0,1,1,1,1,1,1,1,1,1,1,1,1,1,1,1,1,1,1,1,0,9357511,1,0,1152,49634,dscw80
0,0,0,0,0,0,0,0,0,0,0,0,0,0,0,1,1,1,1,1,2,2,2,2,2,2,0,130091,2,1,1151,49440,dscw80
0,0,0,0,0,1,1,1,1,1,1,1,1,1,1,1,1,1,1,1,1,1,1,1,1,1,0,2632,1,1,1152,49634,dscw80
0,0,0,0,0,0,0,0,1,1,1,1,1,1,1,1,1,1,1,1,1,1,1,1,1,1,0,6520211,1,0,1152,49634,dscw80
0,0,0,0,0,0,0,1,1,1,1,1,2,2,2,2,2,2,2,2,2,2,2,2,2,2,0,4128,2,0,1151,49440,dscw80
0,0,0,0,0,0,0,0,0,0,1,1,1,1,1,1,1,1,1,1,1,1,1,1,1,1,0,5941322,1,1,1152,49634,dscw80
0,0,0,0,0,0,0,0,0,0,0,0,1,2,2,2,2,2,2,3,4,5,5,5,6,6,0,10569633,6,0,1151,49440,dscw80
0,0,0,0,0,0,0,0,0,1,1,1,1,1,1,1,1,1,1,1,1,1,1,1,1,1,0,2103,1,1,1173,49440,dscw80
0,0,2,6,8,12,15,17,18,19,20,21,22,25,25,27,28,29,30,30,32,34,35,35,35,35,0,92161993,35,0,1152,49634,dscw80
0,0,0,1,2,3,5,5,6,7,9,9,9,9,9,9,9,9,9,10,10,11,11,11,11,11,0,25602413,11,0,1152,49634,dscw80
0,0,0,0,0,0,1,1,1,1,1,1,1,1,1,1,1,1,1,1,1,1,1,1,1,1,0,1992751,1,1,1152,49634,dscw80
0,0,1,1,1,1,1,1,1,1,1,1,1,1,1,1,1,1,1,1,1,1,1,1,1,1,0,67304,1,1,1151,49440,dscw80
0,0,0,0,1,1,1,1,1,1,1,1,1,1,1,1,1,1,1,1,1,1,1,1,1,1,0,1968,1,1,1181,49634,dscw80
0,0,0,0,0,0,1,1,1,1,1,1,1,1,1,1,1,1,1,1,1,1,1,1,1,1,0,258141,1,1,1181,53188,dscw80
0,0,0,0,0,0,1,1,1,1,1,1,1,1,1,1,1,1,1,1,1,1,1,1,1,1,0,257467,1,1,1151,49440,dscw80
0,0,0,0,0,0,0,0,0,0,0,0,0,1,2,2,2,4,4,4,15,22,23,25,25,27,0,31200102,27,0,1181,53188,dscw80
0,0,0,0,0,1,1,1,1,1,1,1,1,1,1,2,2,2,2,2,2,2,2,2,2,2,0,3532,2,1,1152,49634,dscw80
0,0,0,0,0,0,0,0,0,0,1,3,4,4,5,6,6,6,7,7,7,8,9,11,11,11,0,36298744,11,0,1173,49440,dscw80
0,0,0,2,8,15,34,52,65,79,89,95,100,105,112,112,115,115,117,120,129,133,133,134,135,135,0,376105021,135,0,1152,49634,dscw80
0,0,0,0,0,0,0,0,0,0,0,0,0,0,0,0,0,1,1,1,1,1,1,1,1,1,0,1776884,1,0,1173,49440,dscw80
0,0,2,3,3,3,3,3,3,3,3,4,4,4,4,4,4,4,4,4,4,4,4,4,4,4,0,1031985,4,1,1152,49634,dscw80
0,0,0,0,0,0,0,0,1,1,1,1,2,2,2,2,2,2,2,2,2,2,2,2,2,2,0,66260,2,1,1151,49440,dscw80
0,0,0,0,0,2,3,3,3,3,3,3,3,3,3,4,4,4,4,4,5,5,6,6,6,6,0,22853640,6,0,1151,49440,dscw80
0,0,0,0,0,0,1,1,1,1,1,1,1,1,1,1,1,1,1,1,1,1,1,1,1,1,0,128699,1,1,1152,49634,dscw80
0,0,0,3,3,3,3,3,3,3,3,3,3,3,3,3,3,3,3,3,3,3,3,3,3,3,0,516095,3,1,1173,52590,dscw80
0,0,0,0,0,1,1,1,1,1,1,1,1,1,1,1,1,1,1,1,1,1,1,1,1,1,0,800389,1,1,1151,49440,dscw80
0,0,0,0,0,1,1,1,1,1,1,1,1,1,1,1,1,1,1,1,1,1,1,1,1,1,0,1721,1,0,1151,49440,dscw80
0,0,0,0,0,0,0,0,0,0,0,0,0,0,0,0,0,0,0,0,1,1,1,1,1,1,0,128765,1,1,1173,49634,dscw80
0,0,0,0,0,0,0,0,0,1,1,1,1,1,1,1,1,1,1,1,1,1,1,1,1,1,0,1262931,1,0,1151,49440,dscw80
0,0,0,0,0,0,0,0,1,1,1,1,1,1,1,1,1,1,2,2,2,2,2,2,2,2,0,5611326,2,0,1152,49634,dscw80
0,0,0,0,0,0,0,1,1,1,1,1,1,1,1,1,1,1,1,1,1,1,1,1,1,1,0,257421,1,1,1151,49440,dscw80
0,0,0,0,0,0,0,0,0,0,0,0,0,0,0,0,0,0,0,0,0,0,1,1,1,1,0,538103,1,0,1152,49634,dscw80
0,0,0,0,0,0,1,1,1,1,1,1,1,1,2,2,2,2,2,2,2,2,2,2,2,2,0,260085,2,1,1152,49634,dscw80
0,0,0,0,0,0,1,1,1,1,1,1,2,2,2,2,2,2,2,2,2,2,2,2,2,2,0,229271,2,1,1152,49634,dscw80
0,0,0,0,0,0,0,0,0,0,0,0,0,0,0,0,0,0,1,1,1,1,1,1,1,1,0,258595,1,0,1173,49634,dscw80
0,0,0,1,1,1,1,1,1,1,1,1,1,1,1,1,1,1,1,1,1,1,1,1,1,1,0,1572964,1,1,1152,49634,dscw80
0,0,0,2,3,6,8,10,12,12,12,12,14,14,16,19,19,20,21,22,24,24,25,25,25,25,1,48020115,26,0,1152,49634,dscw80
0,0,0,1,3,4,5,5,6,7,7,7,7,7,7,7,7,7,7,8,9,10,11,11,11,12,0,36649156,12,0,1152,49634,dscw80
0,0,0,0,0,0,1,1,1,1,1,1,1,1,1,1,1,1,1,1,1,1,1,1,1,1,0,156909,1,1,1151,49440,dscw80
0,0,0,0,0,0,0,0,0,0,0,0,0,0,0,0,1,1,1,1,1,1,1,1,1,1,0,1510,1,1,1173,49440,dscw80
0,0,0,0,0,0,0,0,0,0,0,0,0,0,0,0,0,0,0,0,0,0,1,1,1,1,0,259543,1,0,1173,49440,dscw80
0,0,0,0,0,2,3,3,4,4,4,4,4,4,4,4,4,5,5,5,5,5,5,5,5,5,0,11045571,5,1,1152,49634,dscw80
0,0,0,0,0,0,1,1,1,1,1,1,1,1,1,1,1,1,1,1,1,1,1,1,1,1,0,4177,1,1,1173,52590,dscw80
0,0,0,0,0,0,1,1,1,1,1,1,1,1,1,1,1,1,1,1,1,1,1,1,1,1,0,3373,1,0,1152,49634,dscw80
0,0,0,0,0,1,1,1,1,1,1,1,1,1,1,1,1,1,1,1,1,1,1,1,1,1,0,19478443,1,1,1151,49440,dscw80
0,0,0,0,0,0,0,0,1,2,3,3,5,5,5,5,5,5,5,5,5,5,5,5,5,5,0,491582,5,1,1152,49634,dscw80
0,0,0,0,0,0,0,0,0,0,1,1,1,1,1,1,1,1,1,1,1,1,1,1,1,1,0,2662,1,1,1152,49634,dscw80
0,0,0,0,0,0,0,0,0,0,0,0,1,1,1,1,1,1,1,1,1,1,1,1,1,1,0,258471,1,1,1152,49634,dscw80
0,0,0,0,0,0,0,0,0,1,1,1,1,1,1,1,1,1,1,1,1,1,1,1,1,1,0,2886,1,1,1152,49634,dscw80
0,0,0,0,0,0,1,1,1,1,1,1,1,1,1,1,1,1,1,1,1,1,1,1,1,1,0,238810,1,0,1181,53188,dscw80
0,0,0,0,0,4,4,4,6,6,7,7,7,7,8,8,8,8,8,8,8,8,8,8,8,8,0,20274117,8,1,1152,49634,dscw80
0,0,0,0,0,0,0,0,0,0,0,0,0,0,1,2,2,2,3,3,3,4,5,5,6,6,0,18974943,6,0,1173,49440,dscw80
0,0,0,0,0,0,0,0,1,1,1,1,1,1,1,1,1,1,1,1,2,2,2,2,2,2,0,1501770,2,1,1152,49634,dscw80
0,0,0,0,0,0,1,1,2,2,2,2,2,2,2,2,2,2,2,2,2,2,2,2,2,2,0,131713,2,1,1152,49634,dscw80
0,0,0,0,0,1,1,1,1,1,1,1,1,1,1,1,1,1,1,1,1,1,1,1,1,1,0,6809174,1,1,1151,49440,dscw80
0,0,0,0,0,0,0,0,0,0,0,0,0,0,0,0,0,1,1,1,2,2,2,2,2,2,0,514995,2,1,1152,49634,dscw80
0,0,1,3,3,4,4,5,5,5,5,5,5,5,5,5,5,5,5,5,5,5,5,5,5,5,0,28511714,5,0,1151,49440,dscw80
0,0,0,1,1,1,1,1,1,1,1,2,3,3,3,3,3,3,3,3,3,3,3,3,3,3,0,17581964,3,0,1173,52590,dscw80
0,0,0,0,0,2,4,5,7,12,15,17,19,20,20,22,24,24,25,25,27,31,33,34,35,36,0,38087159,36,0,1152,49634,dscw80
0,0,0,0,0,0,0,0,0,0,0,0,0,0,0,0,0,0,0,0,0,0,0,0,1,1,0,257294,1,1,1173,49440,dscw80
0,0,0,0,0,0,0,0,0,0,0,1,1,1,1,1,1,1,1,1,1,3,3,3,3,3,0,8895447,3,0,1151,49440,dscw80
0,0,0,0,0,0,0,0,0,0,0,0,0,0,0,0,0,0,0,0,0,0,0,1,1,1,0,257971,1,0,1181,53188,dscw80
0,0,0,0,0,0,0,0,0,0,0,0,0,0,0,0,1,1,1,1,1,1,1,1,1,1,0,257310,1,1,1173,49440,dscw80
0,0,0,0,0,0,0,0,0,0,0,1,1,1,1,1,1,1,1,1,1,1,1,1,1,1,0,257535,1,1,1181,49440,dscw80
0,0,0,0,0,0,0,0,0,0,0,0,0,0,0,0,0,0,0,0,1,1,1,1,1,1,0,4848975,1,0,1152,49634,dscw80
0,0,1,2,2,2,2,2,2,2,2,2,2,2,2,2,2,2,2,2,2,2,2,2,2,2,0,6195,2,1,1152,49634,dscw80
0,0,0,0,0,0,0,0,1,1,1,1,1,1,1,1,1,1,1,1,1,1,1,1,1,1,0,5110732,1,1,1152,49634,dscw80
0,0,0,0,0,0,1,1,1,1,1,1,1,1,1,2,2,2,2,2,2,2,2,2,2,2,0,519166,2,0,1151,49440,dscw80
0,0,0,0,0,1,1,1,1,1,1,1,1,1,1,1,1,1,1,1,1,1,1,1,1,1,0,1990,1,0,1152,49634,dscw80
0,0,0,1,6,9,12,18,21,23,28,31,33,34,35,37,37,39,40,40,45,46,47,47,47,47,0,152291175,47,1,1152,49634,dscw80
0,0,0,1,1,1,1,1,1,1,1,1,1,1,1,1,1,1,1,1,2,2,2,2,2,2,0,260161,2,1,1152,49634,dscw80
0,0,0,0,0,0,0,0,0,0,0,0,0,0,0,1,1,1,1,1,1,1,1,1,1,1,0,1774678,1,0,1151,49440,dscw80
0,0,0,0,0,0,0,0,0,0,1,1,1,1,1,2,2,2,2,2,2,2,2,2,3,3,0,1167905,3,1,1181,53188,dscw80
0,0,0,0,0,0,1,1,1,1,1,1,1,1,1,1,1,1,1,1,1,1,2,3,4,4,0,1329187,4,0,1151,49440,dscw80
0,0,0,0,0,0,0,0,0,0,0,0,0,0,0,1,1,1,1,1,1,1,1,1,1,1,0,257404,1,1,1151,49440,dscw80
0,0,0,0,0,0,0,0,0,0,0,1,1,1,2,2,2,2,2,2,2,2,2,2,2,2,0,1886559,2,0,1173,49634,dscw80
0,0,0,0,0,0,1,1,1,1,1,1,1,2,2,2,2,2,2,2,2,2,2,2,2,2,0,12711485,2,0,1152,49634,dscw80
0,0,0,0,0,0,0,0,0,0,0,0,0,1,1,1,1,1,1,1,1,1,1,1,1,1,0,2293081,1,0,1152,49634,dscw80
0,0,0,0,0,0,2,2,2,2,2,2,2,2,2,2,2,2,2,2,2,2,2,2,2,2,0,5074613,2,0,1151,49440,dscw80
0,0,0,0,0,0,0,1,2,2,2,2,2,2,2,2,2,3,3,3,4,4,4,4,4,4,0,3990024,4,1,1152,49634,dscw80
0,0,0,2,3,3,4,5,5,7,7,7,7,7,7,7,7,7,7,7,9,9,9,9,9,9,0,1183663,9,1,1151,49440,dscw80
0,0,0,0,0,0,0,0,1,2,4,4,5,11,14,14,14,15,16,16,21,22,22,22,22,22,0,45586107,22,0,1173,49634,dscw80
0,0,0,0,0,1,1,1,1,1,1,1,1,1,1,1,1,1,1,1,1,2,2,2,2,2,0,408314,2,1,1173,52590,dscw80
0,0,0,0,2,4,4,4,4,5,5,6,6,6,6,6,6,6,6,6,6,7,7,7,7,8,0,9717121,8,0,1152,49634,dscw80
0,0,0,0,0,0,0,0,0,1,1,1,2,2,2,2,2,2,2,2,2,2,2,2,2,2,0,148045,2,1,1152,49634,dscw80
0,0,0,0,0,0,0,0,0,0,0,0,0,0,0,0,0,0,0,0,1,1,1,2,2,2,0,10959237,2,1,1173,49440,dscw80
0,0,0,0,0,0,0,0,0,0,0,0,0,0,0,0,0,0,1,1,1,1,1,1,1,1,0,4935868,1,0,1152,49634,dscw80
0,0,0,0,0,0,1,1,1,1,1,1,1,1,1,1,1,1,1,1,1,1,1,1,1,1,0,4688229,1,1,1152,49634,dscw80
0,0,0,1,1,1,1,1,1,1,1,1,1,1,1,1,1,1,1,1,1,1,1,1,1,1,0,233995,1,1,1152,49634,dscw80
0,0,0,1,2,2,2,2,2,2,2,2,2,2,2,2,2,2,2,2,2,2,2,3,3,4,0,2651211,4,0,1151,49440,dscw80
0,0,0,0,0,2,3,4,5,5,6,6,6,6,7,7,7,7,7,8,8,8,8,8,8,8,0,459469,8,1,1152,49634,dscw80
0,0,1,1,2,2,3,3,3,4,5,5,5,5,5,5,5,5,5,5,6,6,6,6,6,6,0,18433943,6,0,1152,49634,dscw80
0,0,0,0,0,0,0,1,1,1,1,1,1,2,2,2,3,3,3,3,4,4,4,4,4,4,0,10042805,4,0,1152,49634,dscw80
0,0,0,0,0,1,2,2,2,2,2,2,2,2,2,2,2,2,2,2,2,2,2,2,2,2,0,130515,2,1,1152,49634,dscw80
0,0,0,0,0,0,0,0,0,0,0,1,1,1,1,1,1,1,1,1,1,1,1,1,1,1,0,258195,1,0,1152,49634,dscw80
0,0,1,3,3,3,3,3,3,3,3,3,3,3,3,3,3,3,3,3,3,3,3,3,3,3,0,3813,3,1,1152,49634,dscw80
0,0,0,0,0,1,2,3,3,4,4,4,4,4,4,4,4,4,5,5,5,5,6,6,6,6,0,15962839,6,0,1152,49634,dscw80
0,0,1,1,1,1,1,1,1,1,1,1,1,1,1,1,1,2,2,2,2,2,3,3,3,3,0,1988848,3,1,1181,53188,dscw80
0,0,1,2,2,2,2,2,2,2,2,2,2,2,2,2,2,2,2,2,2,2,2,2,2,2,0,4608,2,1,1152,49634,dscw80
0,0,0,0,0,1,1,1,1,1,1,1,1,1,1,1,1,1,1,1,1,1,1,1,1,1,0,10001932,1,0,1152,49634,dscw80
0,0,0,0,0,0,0,0,0,0,0,1,1,1,1,2,2,2,2,2,3,3,3,3,3,3,0,22367,3,1,1151,49440,dscw80
0,0,0,0,0,0,0,0,0,0,0,0,0,0,0,0,1,1,1,1,1,1,1,1,1,1,0,3423836,1,1,1152,49634,dscw80
0,0,0,0,0,0,0,0,0,0,0,1,1,1,1,1,1,1,1,1,1,1,1,1,1,1,0,1894,1,1,1181,53188,dscw80
0,0,0,0,0,1,1,1,1,1,1,1,1,1,1,1,1,1,1,1,1,1,1,2,2,2,0,2263287,2,0,1151,49440,dscw80
0,0,0,0,0,0,0,0,0,0,0,0,1,1,1,1,1,1,2,2,2,2,2,2,2,2,0,6161369,2,1,1173,49634,dscw80
0,0,0,0,0,0,0,0,0,0,0,0,1,1,1,1,1,1,1,1,1,1,1,1,1,1,0,3874378,1,0,1151,49440,dscw80
0,0,1,1,1,1,1,1,1,1,1,1,1,1,1,1,1,1,1,1,1,1,1,1,1,1,0,12652726,1,1,1152,49634,dscw80
0,0,0,0,1,2,2,2,2,2,2,2,2,2,3,3,3,3,3,4,4,4,4,4,4,4,0,646895,4,1,1152,49634,dscw80
0,0,0,0,1,3,4,4,4,4,5,5,6,7,8,8,8,9,9,9,11,11,11,11,11,11,0,3790651,11,1,1152,49634,dscw80
0,0,0,0,0,0,0,0,0,1,1,1,1,2,2,2,2,2,3,3,3,3,3,3,3,3,0,5707,3,1,1152,49634,dscw80
0,0,1,1,1,1,1,1,1,1,1,1,1,1,1,1,1,1,1,1,1,1,1,1,1,1,0,1816103,1,1,1151,49440,dscw80
0,0,0,0,0,0,0,0,0,0,0,0,0,0,2,3,4,5,5,5,5,6,6,6,6,6,0,20945853,6,0,1173,49634,dscw80
0,0,0,0,0,1,2,3,3,3,3,3,3,3,3,3,3,3,3,3,3,3,3,3,3,3,0,28164030,3,0,1151,49440,dscw80
0,0,0,0,0,0,0,0,0,0,0,0,0,1,2,2,2,2,2,2,2,2,2,2,2,2,0,4145519,2,1,1152,49634,dscw80
0,0,0,0,0,0,0,0,1,1,1,1,1,1,1,1,1,1,1,1,1,1,1,1,1,1,0,3430267,1,1,1152,49634,dscw80
0,0,0,0,0,0,0,0,0,0,0,0,0,0,1,1,1,1,1,1,1,1,1,1,1,1,0,4834587,1,0,1152,49634,dscw80
0,0,0,0,0,0,1,3,3,4,4,4,4,4,4,4,4,4,4,4,5,5,5,5,5,5,0,9506089,5,0,1152,49634,dscw80
0,0,0,0,0,0,2,2,3,3,3,3,3,3,3,3,3,3,3,3,3,3,3,3,3,3,0,4119059,3,0,1152,49634,dscw80
0,0,0,0,0,0,0,0,0,0,0,0,0,0,0,1,1,1,1,1,1,1,1,1,1,1,0,1886,1,1,1173,49634,dscw80
0,0,0,1,1,5,8,10,10,10,12,15,15,17,18,19,19,19,19,19,19,19,20,20,20,20,0,3066821,20,1,1152,49634,dscw80
0,0,0,0,0,0,0,0,1,1,1,1,2,2,2,2,4,4,4,4,5,8,8,8,8,8,0,23265005,8,0,1151,49440,dscw80
0,0,1,1,1,2,2,2,3,3,3,3,3,3,3,3,3,3,3,3,3,3,4,4,4,4,0,7430332,4,0,1152,49634,dscw80
0,0,0,0,0,0,0,1,2,3,3,3,3,3,3,3,3,3,3,3,4,5,6,6,6,6,2,5734092,8,0,1151,49440,dscw80
0,0,1,2,5,5,6,6,6,6,6,6,6,6,6,6,6,6,6,6,6,6,6,6,6,6,0,779929,6,1,1151,49440,dscw80
0,0,0,1,1,1,1,1,1,1,1,1,1,1,1,1,1,1,1,1,1,1,1,1,1,1,0,4821971,1,1,1152,49634,dscw80
0,0,0,0,0,0,1,1,1,1,1,2,2,2,2,2,2,2,2,2,2,2,2,2,2,2,0,15923885,2,0,1152,49634,dscw80
0,0,0,0,0,0,0,0,1,1,1,1,1,1,1,1,1,1,1,1,1,2,3,3,3,3,0,581056,3,0,1173,52590,dscw80
0,0,0,1,2,21,47,77,105,121,134,141,146,155,162,166,170,173,177,180,193,202,205,208,208,210,0,516838552,210,0,1152,49634,dscw80
0,0,0,1,1,1,1,1,1,1,1,1,1,1,1,1,1,1,1,1,1,1,1,1,1,1,0,10360,1,1,1152,49634,dscw80
0,0,1,10,16,17,21,26,27,30,33,33,34,36,38,39,39,40,40,40,43,44,45,45,45,45,0,115312854,45,0,1152,49634,dscw80
0,0,0,1,1,1,1,1,1,1,1,1,1,1,1,1,1,1,1,1,1,1,1,1,1,1,0,128459,1,1,1152,49634,dscw80
0,0,0,5,7,10,16,19,21,22,23,24,24,26,26,27,27,27,28,28,29,30,30,30,30,30,0,102131997,30,1,1152,49634,dscw80
0,0,0,0,0,1,1,1,1,1,1,1,1,1,1,1,1,1,1,1,1,1,1,1,1,1,0,6825807,1,0,1152,49634,dscw80
0,0,0,2,3,3,3,3,3,3,4,4,4,4,4,4,4,4,4,4,4,4,4,4,4,4,0,3948285,4,0,1151,49440,dscw80
0,0,0,0,1,1,1,1,1,1,1,1,1,1,1,1,1,1,1,1,1,1,1,1,1,1,0,1421,1,1,1152,49634,dscw80
0,0,0,1,4,6,7,7,7,7,8,8,8,10,10,10,10,10,10,10,10,10,10,10,10,10,0,1285046,10,1,1152,49634,dscw80
0,0,0,0,0,0,0,0,0,0,0,0,0,0,0,0,0,0,0,0,0,0,1,1,1,1,0,5687679,1,0,1151,49440,dscw80
0,0,0,0,0,0,0,0,0,0,0,0,0,0,0,0,0,0,0,0,0,1,1,1,1,1,0,1820838,1,1,1173,49440,dscw80
0,0,0,0,0,0,0,0,1,1,1,1,1,1,1,1,1,1,1,1,1,1,1,1,1,1,0,257797,1,1,1152,49634,dscw80
0,0,0,3,11,17,24,29,32,38,40,43,44,47,49,51,51,52,52,52,54,54,56,56,57,57,0,155109490,57,0,1152,49634,dscw80
0,0,0,0,0,0,0,0,0,0,0,0,0,0,0,1,1,1,1,1,2,2,2,2,2,2,0,386773,2,1,1152,49634,dscw80
0,1,2,2,2,3,5,7,10,11,11,12,14,15,15,15,15,15,16,16,16,16,16,16,16,17,0,60823580,17,1,1152,49634,dscw80
0,0,0,0,1,1,1,1,1,1,1,1,1,1,1,1,1,1,1,1,1,1,1,1,1,1,0,5787650,1,1,1151,49440,dscw80
0,1,2,2,3,3,3,3,3,3,3,3,3,3,3,3,3,3,3,3,3,3,3,3,3,3,0,5347923,3,0,1152,49634,dscw80
0,0,0,1,1,1,1,1,1,2,2,2,2,2,2,2,2,2,2,2,2,2,2,2,3,3,0,11832835,3,0,1151,49440,dscw80
0,0,0,0,0,0,0,0,0,0,0,0,0,0,0,0,0,0,1,1,1,1,1,1,1,2,0,515152,2,1,1152,49634,dscw80
0,0,0,0,1,3,6,12,16,18,20,23,25,25,25,26,26,26,26,28,31,34,34,34,34,34,0,89269950,34,0,1152,49634,dscw80
0,0,2,3,10,17,23,30,31,34,35,39,41,41,41,41,42,42,42,42,43,45,48,49,49,49,0,77452304,49,0,1151,49440,dscw80
0,0,0,0,0,0,0,0,0,1,1,1,1,2,2,2,2,2,2,2,2,2,2,2,2,2,0,4748569,2,0,1152,49634,dscw80
0,0,0,0,0,1,3,4,4,5,5,5,5,5,5,5,5,5,5,5,5,5,5,5,5,5,0,17959595,5,0,1151,49440,dscw80
0,1,1,1,1,1,1,1,1,1,1,1,1,1,1,1,1,1,1,1,1,1,1,1,1,1,0,128955,1,1,1151,49440,dscw80
0,0,0,0,0,0,0,0,0,0,0,0,0,0,0,0,0,0,0,0,0,0,0,1,1,1,0,948346,1,0,1152,49634,dscw80
0,0,0,0,0,0,0,0,0,0,0,0,0,0,0,1,2,2,3,3,4,4,4,4,4,4,0,780722,4,0,1173,49634,dscw80
0,0,0,0,0,0,0,1,1,1,1,1,2,2,2,2,2,2,2,2,3,3,3,3,3,3,0,770907,3,0,1151,49440,dscw80
0,0,0,0,0,0,0,0,0,0,0,1,1,1,1,1,1,1,1,1,1,1,1,1,1,1,0,2524,1,1,1152,49634,dscw80
0,0,0,0,0,0,0,0,1,2,2,3,3,3,3,3,3,3,3,3,3,3,3,3,3,3,0,3582706,3,0,1151,49440,dscw80
0,0,0,0,0,0,0,1,1,1,1,1,1,1,1,2,2,2,2,2,2,2,2,2,2,2,0,414217,2,1,1151,49440,dscw80
0,0,0,0,0,0,0,0,0,0,0,0,0,0,0,0,0,0,0,0,0,0,1,1,1,1,0,42963,1,0,1152,49634,dscw80
0,0,0,0,0,0,0,0,0,0,0,0,0,0,0,0,0,0,0,0,0,0,1,1,1,1,0,9404537,1,0,1152,49634,dscw80
0,0,0,0,0,0,0,0,0,1,1,1,1,1,1,1,1,1,1,1,1,1,1,1,1,1,0,167162,1,0,1173,49440,dscw80
0,0,0,0,0,0,0,0,0,0,0,0,0,0,0,0,0,0,0,0,0,1,1,1,1,1,0,8205519,1,0,1152,49634,dscw80
0,0,3,3,4,4,4,4,5,6,6,7,7,7,7,7,7,7,7,7,7,7,7,7,7,7,0,846880,7,1,1152,49634,dscw80
0,0,0,0,0,1,1,1,1,2,2,3,3,3,3,3,4,4,4,5,5,6,6,6,6,6,0,44633277,6,0,1152,49634,dscw80
0,0,0,0,0,0,0,0,0,0,0,0,0,0,1,1,1,1,1,1,1,1,1,1,1,1,0,64819,1,1,1151,49440,dscw80
0,0,0,0,0,0,1,1,1,1,1,2,3,3,3,3,3,3,3,3,7,7,8,8,9,9,0,30877232,9,0,1151,49440,dscw80
0,0,0,0,0,1,1,1,1,1,1,1,1,1,1,1,1,1,1,1,1,1,1,1,1,1,0,4225779,1,0,1152,49634,dscw80
0,0,0,0,2,2,2,2,3,3,3,3,3,3,3,3,3,3,3,3,4,4,4,4,4,4,0,201612,4,1,1152,49634,dscw80
0,0,0,0,0,0,0,0,0,0,1,1,1,1,1,1,1,1,1,1,1,1,1,1,1,1,0,129492,1,0,1181,49634,dscw80
0,0,0,0,0,0,0,0,1,4,4,5,5,8,9,9,9,10,10,10,11,11,11,11,11,11,0,23500216,11,0,1152,49634,dscw80
0,0,0,0,0,1,1,1,2,4,4,5,5,5,5,5,5,5,5,5,5,5,5,5,5,5,0,52171428,5,1,1151,49440,dscw80
0,0,0,0,0,0,0,1,1,1,1,2,2,2,2,2,2,2,2,2,2,2,2,2,2,2,0,2992209,2,0,1152,49634,dscw80
0,0,0,3,4,4,4,4,5,5,5,8,9,9,9,9,9,9,9,9,10,10,10,10,10,10,0,24723368,10,0,1152,49634,dscw80
0,0,0,0,0,0,0,0,0,1,1,1,1,1,1,1,1,1,1,1,1,1,1,1,1,1,0,1815,1,0,1181,49634,dscw80
0,0,0,0,0,0,0,0,0,1,1,1,1,1,1,1,1,1,1,1,1,1,1,1,1,1,0,8882632,1,0,1151,49440,dscw80
0,0,0,0,0,1,2,2,2,2,3,4,4,4,4,4,4,4,4,4,5,5,5,5,5,5,0,2806550,5,1,1152,49634,dscw80
0,0,0,0,0,0,0,0,0,2,2,2,2,2,2,2,2,2,2,2,2,2,2,2,2,2,0,20727,2,1,1152,49634,dscw80
0,0,0,0,0,0,0,0,0,0,0,1,1,1,1,1,1,1,1,1,1,1,1,1,1,1,0,5252456,1,1,1173,49440,dscw80
0,0,0,0,0,0,0,0,0,0,0,0,0,0,0,0,0,1,1,1,1,2,2,3,3,3,0,3213792,3,0,1173,49440,dscw80
0,0,0,0,0,0,0,0,0,0,0,0,0,1,2,2,2,2,2,2,3,3,4,4,4,4,0,7928969,4,0,1151,49440,dscw80
0,0,0,1,1,1,1,1,1,1,1,1,1,1,1,1,1,1,1,1,1,1,1,1,1,1,0,1943,1,1,1152,49634,dscw80
0,0,0,0,0,0,0,0,2,2,2,2,2,2,2,2,2,2,2,2,3,3,3,4,4,4,0,9758018,4,0,1151,49440,dscw80
0,0,0,0,0,0,0,1,1,1,1,1,1,1,1,1,1,1,1,1,1,1,1,1,1,1,0,15264575,1,0,1152,49634,dscw80
0,0,0,0,0,6,6,6,8,9,9,10,10,10,12,14,16,16,16,17,18,18,18,18,18,18,0,48623731,18,1,1152,49634,dscw80
0,0,0,2,3,5,9,9,10,10,10,10,10,10,10,10,10,10,10,10,10,10,10,10,10,10,0,39032498,10,0,1152,49634,dscw80
0,0,0,0,0,0,0,0,0,0,0,2,2,2,2,2,2,2,2,2,2,2,2,2,2,2,0,22733,2,1,1173,49634,dscw80
0,0,0,0,1,2,3,3,3,3,3,3,3,3,3,3,3,3,3,3,3,3,3,3,3,3,0,262250,3,1,1152,49634,dscw80
0,0,0,0,1,1,1,1,1,1,1,1,1,1,1,1,1,1,1,1,2,2,2,2,2,2,0,7064296,2,1,1152,49634,dscw80
0,0,0,0,0,0,1,1,1,1,1,1,1,1,1,1,1,1,1,1,1,1,1,1,1,1,0,257401,1,1,1151,49440,dscw80
0,0,0,0,0,0,0,0,1,1,1,1,1,1,1,1,1,1,1,1,1,1,1,1,1,1,0,257638,1,1,1152,49634,dscw80
0,0,0,0,0,0,0,0,0,0,0,0,0,0,0,0,0,0,0,0,0,0,0,0,0,0,1,257181,1,0,1181,53188,dscw80
0,0,0,0,0,0,0,0,0,0,0,0,0,1,1,2,2,2,2,2,2,2,2,2,2,2,0,23100505,2,1,1173,49440,dscw80
0,0,0,0,0,0,0,0,1,1,1,1,1,1,1,1,1,1,1,1,1,1,1,1,1,1,0,128377,1,0,1173,49440,dscw80
0,0,0,0,1,1,1,1,1,1,1,1,1,1,1,1,1,1,1,1,1,1,1,1,1,1,0,3393996,1,0,1152,49634,dscw80
0,0,0,0,2,3,3,3,3,3,4,4,4,4,4,4,4,4,4,4,4,4,4,4,4,4,0,1033377,4,0,1173,52590,dscw80
0,0,0,0,1,1,1,1,1,1,1,2,2,3,3,3,3,3,3,3,3,3,3,3,3,3,0,773491,3,1,1152,49634,dscw80
0,0,0,0,0,0,0,0,0,0,0,0,0,0,1,1,1,1,1,1,1,1,1,1,1,1,0,2635,1,0,1173,49634,dscw80
0,0,0,0,1,1,1,1,1,1,1,1,1,1,1,1,1,1,1,1,1,1,1,1,1,1,0,2406,1,1,1152,49634,dscw80
0,0,0,1,1,1,2,2,2,2,2,2,2,2,2,2,2,2,2,2,2,2,2,2,2,2,0,771224,2,1,1151,49440,dscw80
0,0,0,0,2,8,14,16,16,16,17,17,17,18,19,19,19,19,19,19,19,19,20,20,21,21,0,7555752,21,1,1152,49634,dscw80
0,0,0,0,0,0,0,0,1,1,1,1,1,1,2,2,2,2,2,2,3,3,3,3,3,3,0,16321065,3,0,1173,49440,dscw80
0,0,0,0,0,0,0,0,0,0,0,0,0,0,0,0,0,0,0,0,0,1,1,1,1,1,0,259630,1,0,1173,49440,dscw80
0,0,0,0,0,0,0,0,0,0,0,0,1,1,1,1,1,1,1,1,1,1,1,1,1,1,0,128727,1,1,1152,49634,dscw80
0,0,0,0,0,0,0,0,0,0,0,0,0,0,0,0,0,0,0,0,1,1,1,1,1,1,0,257440,1,0,1151,49440,dscw80
0,0,0,1,1,1,1,1,1,1,1,1,1,1,1,1,1,1,1,1,1,1,1,1,1,1,0,9056647,1,1,1151,49440,dscw80
0,0,0,0,0,0,0,0,0,0,0,0,0,0,0,0,0,0,0,0,1,1,1,1,1,1,0,3786,1,0,1152,49634,dscw80
0,0,0,0,1,1,1,1,1,1,1,1,1,1,1,1,1,1,1,1,1,1,1,1,1,1,0,1688,1,0,1151,49440,dscw80
0,0,1,1,3,3,3,3,3,3,3,3,3,3,3,3,3,3,3,3,3,3,3,3,3,3,0,1148327,3,1,1151,49440,dscw80
0,0,0,0,0,0,0,0,1,1,1,1,1,1,1,1,1,1,1,1,1,1,2,2,2,2,0,46951,2,0,1152,49634,dscw80
0,0,0,0,0,0,0,0,0,1,1,1,2,3,3,3,3,3,3,3,4,4,5,6,6,6,0,24727186,6,0,1152,49634,dscw80
0,0,0,1,1,1,1,1,1,1,1,1,1,1,1,1,1,1,1,1,1,1,1,1,1,1,0,128215,1,1,1152,49634,dscw80
0,0,0,0,0,0,0,0,0,0,0,1,1,1,1,1,1,1,1,1,1,1,1,1,1,1,0,4196370,1,1,1152,49634,dscw80
0,0,0,0,0,0,0,0,0,0,0,0,1,1,1,1,1,1,1,1,1,1,1,1,1,1,0,259550,1,1,1173,49440,dscw80
0,0,0,0,0,0,0,0,0,0,0,0,0,1,1,1,1,1,1,1,1,2,2,2,2,2,0,12207206,2,1,1151,49440,dscw80
0,0,0,0,0,0,0,1,1,1,1,1,1,1,1,1,1,1,1,1,1,1,1,1,1,1,0,257313,1,1,1152,49634,dscw80
0,0,0,0,1,1,1,2,2,2,2,3,3,3,3,3,3,3,3,3,3,3,3,3,3,3,0,3471218,3,0,1152,49634,dscw80
0,0,0,0,0,1,1,1,1,1,1,1,1,1,1,1,1,1,1,1,1,1,1,1,1,1,0,257844,1,1,1173,49440,dscw80
0,0,0,0,0,0,0,0,0,0,0,0,0,1,1,1,1,1,1,1,1,1,1,1,1,1,0,257985,1,1,1152,49634,dscw80
0,0,0,0,0,2,7,9,10,11,11,11,12,12,13,13,13,13,13,13,13,14,14,14,14,14,0,3371149,14,1,1152,49634,dscw80
0,0,0,0,0,0,0,0,1,1,1,1,1,1,1,1,1,1,1,1,2,2,2,2,2,2,0,25159333,2,0,1152,49634,dscw80
0,1,1,2,2,2,3,3,3,3,3,3,3,3,3,3,3,3,4,4,4,4,4,4,4,4,0,796114,4,0,1151,49440,dscw80
0,0,0,0,0,1,1,1,1,1,1,1,1,1,1,1,1,1,1,1,1,1,1,1,1,1,0,26267747,1,1,1152,49634,dscw80
0,0,0,0,0,0,0,0,0,0,1,1,1,1,1,1,1,1,1,1,1,1,1,1,1,1,0,128330,1,1,1151,49440,dscw80
0,0,0,0,0,0,0,1,1,1,1,1,1,1,1,1,1,1,1,1,1,1,1,1,1,1,0,1953737,1,0,1152,49634,dscw80
0,0,0,0,0,2,2,2,2,2,2,2,2,2,2,2,2,2,2,2,2,2,2,2,2,2,0,137334,2,1,1152,49634,dscw80
0,0,0,0,0,0,1,1,1,1,1,2,2,2,3,3,3,3,3,3,3,3,3,3,3,3,0,1139379,3,1,1152,49634,dscw80
0,0,0,0,0,1,2,2,2,2,2,2,3,3,3,3,3,3,3,4,4,4,4,4,4,4,0,26084853,4,1,1151,49440,dscw80
0,0,0,0,1,1,1,1,1,1,1,1,1,1,1,1,1,1,1,1,1,1,1,1,1,1,0,128493,1,1,1152,49634,dscw80
0,0,0,0,0,0,0,0,0,0,0,0,0,0,0,0,0,0,0,0,1,1,1,1,1,1,0,65120,1,1,1152,49634,dscw80
0,0,0,0,0,1,2,4,4,4,4,4,4,4,4,4,4,4,4,4,4,4,4,4,4,4,0,17553248,4,1,1151,49440,dscw80
0,0,0,0,0,2,2,2,2,2,2,2,2,2,2,2,2,2,2,2,2,2,2,2,2,2,0,20959460,2,1,1173,49440,dscw80
0,0,0,0,0,0,2,3,5,9,11,14,16,20,23,24,24,26,26,27,32,36,37,39,40,41,0,33535079,41,0,1152,49634,dscw80
0,0,0,0,1,1,1,1,1,1,1,1,1,1,1,1,1,1,1,1,1,1,1,1,1,1,0,2030,1,1,1151,49440,dscw80
0,0,0,0,0,0,0,1,1,1,1,1,1,2,2,2,2,2,2,2,2,2,2,2,2,2,0,5085518,2,1,1152,49634,dscw80
0,0,0,0,1,1,2,2,2,2,2,2,2,2,2,2,2,2,2,2,2,3,3,3,3,3,0,6820045,3,0,1152,49634,dscw80
0,0,0,0,0,0,0,0,0,0,0,0,0,0,0,0,0,0,0,0,0,0,1,1,1,1,0,2309268,1,0,1181,53188,dscw80
0,0,0,0,0,0,0,0,0,0,0,0,0,0,1,1,1,1,1,1,2,2,3,3,3,3,0,260916,3,1,1152,49634,dscw80
0,0,0,0,0,0,0,0,1,1,1,1,1,1,1,1,1,1,1,1,1,2,2,2,2,2,0,256580,2,0,1152,49634,dscw80
0,0,0,0,0,0,0,0,0,0,0,0,1,1,1,1,1,1,1,1,1,1,1,1,1,1,0,8008741,1,0,1152,49634,dscw80
0,0,1,2,2,2,2,2,2,2,2,2,2,2,2,2,2,2,2,2,2,2,2,2,2,2,0,261661,2,1,1152,49634,dscw80
0,0,0,0,0,0,0,0,0,0,0,0,0,4,4,6,6,7,7,8,14,14,15,15,15,16,0,23645503,16,0,1173,49440,dscw80
0,0,0,1,1,1,1,1,1,1,1,1,1,1,1,1,1,1,1,1,1,1,1,1,1,1,0,128148,1,1,1152,49634,dscw80
0,0,0,0,0,0,1,1,1,1,1,1,1,1,3,3,3,3,3,3,3,4,4,4,4,4,0,22675979,4,0,1152,49634,dscw80
0,0,0,0,1,3,4,4,6,7,9,10,10,12,12,12,12,12,13,13,14,15,15,15,15,15,0,113248485,15,0,1152,49634,dscw80
0,0,0,0,1,1,2,2,3,3,3,3,3,3,3,3,3,3,3,3,3,3,3,3,3,3,0,2826056,3,0,1152,49634,dscw80
0,0,0,0,0,1,1,2,2,2,2,2,2,2,2,2,2,2,2,2,2,2,2,2,2,2,0,122875,2,1,1152,49634,dscw80
0,0,0,0,0,0,0,0,0,0,0,0,1,2,2,2,3,3,3,3,3,3,3,3,3,3,0,3011076,3,0,1152,49634,dscw80
0,0,0,0,0,0,0,0,0,0,0,0,1,1,1,1,2,2,2,3,4,4,4,4,4,4,0,10033463,4,0,1152,49634,dscw80
0,0,0,0,0,0,1,2,2,2,2,2,2,2,2,2,2,2,2,2,2,2,2,2,2,2,0,5297059,2,0,1152,49634,dscw80
0,0,0,0,1,1,1,1,3,3,3,3,3,3,4,4,4,4,4,4,4,4,4,4,4,4,0,19579795,4,1,1181,53188,dscw80
0,0,0,0,0,0,0,0,1,1,1,1,1,1,1,1,1,1,1,1,1,1,1,1,1,1,0,64939,1,0,1151,49634,dscw80
0,0,1,1,3,4,4,4,4,4,4,4,4,4,4,4,4,4,4,4,4,4,4,4,4,4,0,15023234,4,0,1151,49440,dscw80
0,0,0,0,0,0,0,0,0,0,0,0,1,1,1,1,2,2,2,2,2,2,2,2,2,2,0,4844686,2,1,1151,49440,dscw80
0,0,0,0,0,1,1,2,2,5,6,6,6,6,6,7,7,7,7,7,7,7,7,7,7,7,0,25567242,7,1,1152,49634,dscw80
0,0,1,3,4,5,5,5,5,5,5,5,5,5,5,5,5,5,6,6,6,6,6,6,6,6,0,4026155,6,1,1152,49634,dscw80
0,0,0,0,0,0,0,0,0,0,0,0,0,0,0,0,1,1,1,2,2,2,2,2,2,2,0,517029,2,1,1173,49440,dscw80
0,0,0,0,0,1,1,1,1,1,1,1,1,1,1,1,1,1,1,1,1,1,1,1,1,1,0,2031,1,1,1151,49440,dscw80
0,0,0,0,0,0,0,0,0,0,2,2,2,2,2,2,2,2,2,2,2,2,2,2,2,2,0,3060910,2,1,1152,49634,dscw80
0,0,0,0,0,0,0,1,1,2,2,3,3,3,3,3,3,3,3,3,3,3,3,3,3,3,0,3194041,3,1,1152,49634,dscw80
0,0,0,0,0,0,0,1,3,3,3,3,4,4,4,4,5,5,5,5,5,5,5,5,5,5,0,7317949,5,1,1152,49634,dscw80
0,0,0,0,0,0,0,0,0,0,0,1,1,1,1,1,1,2,2,2,2,2,2,2,2,2,0,7529984,2,0,1152,49634,dscw80
0,0,0,1,1,1,1,1,1,1,1,1,1,1,1,1,1,1,1,1,1,1,1,1,1,1,0,2569,1,1,1152,49634,dscw80
0,0,0,1,1,1,1,1,1,1,1,1,1,1,1,1,1,1,1,1,1,1,1,1,1,1,0,1939,1,0,1152,49634,dscw80
0,0,0,0,0,0,0,0,0,0,0,0,0,0,0,1,1,1,1,1,1,1,1,1,1,1,0,3143120,1,0,1152,49634,dscw80
0,0,0,0,0,0,2,2,2,2,2,3,3,3,3,3,3,3,3,3,3,3,3,3,3,3,0,14361742,3,0,1152,49634,dscw80
0,0,0,0,1,1,1,1,1,1,1,1,1,1,1,1,1,1,1,1,1,1,1,1,1,1,0,2355891,1,0,1152,49634,dscw80
0,0,0,0,0,0,0,0,0,0,0,0,0,0,1,1,1,1,1,1,1,1,1,1,1,1,0,64770,1,0,1152,49634,dscw80
0,0,0,1,1,1,1,1,1,2,3,3,3,3,3,3,3,3,3,4,5,5,5,5,5,5,0,8380366,5,0,1152,49634,dscw80
0,0,0,0,0,0,0,0,1,1,1,3,3,4,4,4,4,4,5,5,5,5,5,5,5,5,0,20908401,5,0,1151,49440,dscw80
0,0,0,1,1,1,1,1,1,1,1,1,1,1,1,1,1,1,1,1,1,1,1,1,1,1,0,2045,1,1,1151,49440,dscw80
0,0,0,0,2,8,14,14,14,15,17,19,20,20,21,21,21,22,22,22,22,23,23,23,23,23,0,69051467,23,1,1152,49634,dscw80
0,0,0,0,0,1,1,1,1,1,1,1,1,1,1,1,1,1,1,1,1,1,1,1,1,1,0,3692,1,1,1151,49440,dscw80
0,1,3,3,3,3,4,4,4,4,4,4,4,4,5,6,6,6,6,6,8,8,8,8,8,8,0,9562107,8,1,1152,49634,dscw80
0,0,0,0,0,1,1,1,1,1,1,1,1,1,1,1,1,1,1,1,1,1,1,1,1,1,0,118683,1,1,1152,49634,dscw80
0,0,0,0,0,0,1,3,3,3,3,3,3,3,4,4,4,4,4,4,4,4,4,4,4,4,0,5771785,4,0,1151,49440,dscw80
0,0,0,0,0,0,0,0,0,0,1,1,1,1,1,1,1,1,1,1,1,1,1,1,1,1,0,700571,1,1,1152,49634,dscw80
0,0,0,0,0,0,0,0,1,1,2,2,2,2,2,2,2,2,2,2,3,3,3,3,3,3,0,765354,3,1,1152,49634,dscw80
0,0,0,0,0,0,0,1,1,1,1,1,1,1,1,1,1,1,1,1,1,1,1,1,1,1,0,1826,1,1,1151,49440,dscw80
0,0,0,0,5,18,27,35,39,40,42,44,45,46,47,47,47,48,50,50,53,55,57,57,58,58,0,19760881,58,1,1152,49634,dscw80
0,0,0,0,1,1,1,1,1,1,1,1,1,1,1,1,1,1,1,1,1,1,1,1,1,1,0,128759,1,0,1151,49440,dscw80
0,0,0,1,1,1,1,1,1,1,1,1,1,1,1,1,1,1,1,1,1,1,1,1,1,1,0,20389,1,0,1152,49634,dscw80
0,0,0,0,0,0,1,1,1,1,1,1,1,1,1,1,1,1,1,1,1,1,1,1,1,1,0,6231075,1,0,1152,49634,dscw80
0,0,0,0,0,0,0,0,0,0,0,1,1,1,1,1,1,1,1,1,1,1,1,1,1,1,0,2096714,1,1,1152,49634,dscw80
0,0,0,1,1,1,1,1,1,2,2,2,2,2,2,2,2,2,2,2,2,2,2,2,2,2,0,11351140,2,0,1152,49634,dscw80
0,0,0,0,0,3,5,7,7,7,7,8,8,8,8,8,8,8,9,9,9,9,9,9,9,9,0,514632,9,1,1152,49634,dscw80
0,0,2,5,6,8,10,10,10,10,10,10,11,11,11,11,11,11,12,12,12,12,12,12,12,12,0,74549947,12,1,1152,49634,dscw80
0,0,2,2,2,3,3,3,3,3,3,3,3,3,3,3,3,3,3,3,3,3,3,3,3,3,0,4833433,3,0,1151,49440,dscw80
0,0,0,0,0,0,0,0,0,1,1,2,2,2,2,2,2,2,2,2,2,2,2,2,2,2,0,260654,2,1,1152,49634,dscw80
0,0,0,0,0,0,0,0,0,0,1,1,1,1,1,1,1,1,1,1,1,1,2,2,2,3,0,451661,3,1,1151,49440,dscw80
0,0,0,0,0,0,0,0,0,0,0,0,0,0,0,0,0,0,0,0,0,1,1,1,1,1,0,2358539,1,1,1151,49440,dscw80
0,0,0,0,0,0,0,0,2,3,3,3,3,3,3,3,3,3,3,3,3,3,3,3,3,3,0,15390221,3,1,1152,49634,dscw80
0,0,0,0,0,0,0,0,0,0,0,0,1,1,2,2,2,2,2,2,2,3,3,3,3,3,0,1162550,3,1,1173,49440,dscw80
0,0,0,1,1,1,1,1,1,1,1,1,1,1,1,1,1,1,1,1,1,1,1,1,1,1,0,2430,1,1,1151,49440,dscw80
0,0,0,0,5,12,28,33,41,49,55,61,64,66,69,70,71,72,72,73,80,82,87,87,88,88,0,198645886,88,0,1152,49634,dscw80
0,0,0,0,0,0,0,0,0,1,1,1,1,1,1,1,1,1,1,1,1,1,1,1,1,1,0,2180,1,1,1152,49634,dscw80
0,0,0,0,0,0,0,0,1,1,1,1,1,1,1,1,1,1,1,1,1,1,1,1,1,1,0,43515,1,0,1152,49634,dscw80
0,0,0,0,0,0,0,0,0,1,1,1,1,1,1,1,1,1,1,1,2,3,3,3,3,3,0,1119001,3,1,1152,49634,dscw80
0,0,0,0,0,0,0,0,0,0,1,1,1,1,1,1,1,1,1,1,1,1,1,1,1,1,0,4555672,1,0,1151,49440,dscw80
0,0,0,0,0,0,0,0,0,1,1,1,1,1,1,1,1,1,1,1,1,1,1,1,1,1,0,128026,1,1,1151,49440,dscw80
0,0,0,0,0,1,1,1,1,1,1,1,1,2,2,2,2,2,2,2,2,2,2,2,2,2,0,4092,2,0,1152,49634,dscw80
0,0,0,0,0,0,0,1,1,1,2,2,2,2,2,2,2,2,2,2,2,3,3,3,3,3,0,4260180,3,0,1151,49440,dscw80
0,0,0,0,0,0,0,0,0,0,0,0,1,1,1,1,1,1,1,1,1,1,1,1,1,1,0,4979432,1,0,1152,49634,dscw80
0,0,0,0,0,0,0,0,0,0,0,0,1,1,1,1,1,1,1,1,1,1,1,1,1,1,0,405553,1,1,1151,49440,dscw80
0,0,0,0,0,0,0,0,1,1,1,1,1,1,1,1,1,1,1,1,1,1,1,1,1,1,0,2050,1,0,1152,49634,dscw80
0,0,0,0,2,2,2,2,2,2,2,2,2,2,2,2,2,2,2,2,2,2,2,2,2,2,0,517556,2,0,1152,49634,dscw80
0,0,0,0,0,1,1,1,1,1,1,1,1,1,1,1,1,1,1,1,1,1,1,1,1,1,0,144453,1,0,1151,49440,dscw80
0,0,0,0,0,0,0,1,1,1,1,1,2,2,2,2,2,2,2,2,2,2,2,2,2,2,0,2501096,2,1,1152,49634,dscw80
0,0,0,0,0,1,1,1,1,1,1,1,1,1,1,1,1,1,1,1,1,1,1,1,1,1,0,43302,1,0,1152,49634,dscw80
0,0,0,0,0,0,0,0,0,0,0,0,2,2,2,2,3,3,3,3,4,5,5,5,6,6,0,3975770,6,0,1173,49440,dscw80
0,0,0,1,1,1,1,1,1,1,1,1,1,1,1,1,1,1,1,1,1,1,1,1,1,1,0,33005,1,1,1152,49634,dscw80
0,0,0,0,2,2,2,2,2,2,2,2,2,2,3,3,3,3,3,3,3,3,3,3,3,3,0,1057311,3,1,1152,49634,dscw80
0,0,0,0,0,0,0,1,1,1,1,1,1,1,1,2,2,2,2,2,2,2,2,2,2,2,0,256779,2,1,1152,49634,dscw80
0,0,0,0,0,0,0,0,0,0,0,0,0,0,0,0,0,0,0,0,1,1,1,1,1,1,0,4101126,1,0,1181,49634,dscw80
0,0,0,0,0,2,4,5,5,5,6,6,6,6,6,6,6,6,6,6,6,6,6,6,6,6,0,12836863,6,0,1152,49634,dscw80
0,0,0,1,2,2,3,3,4,5,5,5,5,5,5,5,5,5,5,5,6,6,6,6,6,6,0,23313841,6,0,1152,49634,dscw80
0,0,1,1,1,1,1,1,1,1,1,1,1,1,1,1,1,1,1,1,1,1,1,1,1,1,0,257534,1,1,1181,53188,dscw80
0,0,0,0,0,0,0,0,0,0,0,0,0,0,0,0,0,0,0,0,0,0,0,0,0,0,1,19907,1,1,1151,49440,dscw80
0,0,0,0,0,1,1,1,1,1,1,1,1,1,1,1,1,1,1,1,1,1,1,1,1,1,0,257498,1,0,1152,49634,dscw80
0,0,0,0,1,1,1,1,1,1,1,1,1,1,1,1,1,1,1,1,1,1,1,1,1,1,0,2006,1,0,1152,49634,dscw80
0,0,0,0,0,0,0,0,0,1,1,1,1,1,1,1,1,1,1,1,1,1,1,1,1,1,0,131661,1,0,1151,49440,dscw80
0,0,0,0,0,0,0,0,0,0,0,0,0,0,0,0,0,0,0,0,1,1,1,1,1,1,0,129431,1,0,1152,49634,dscw80
0,0,0,0,0,0,1,2,2,2,2,2,3,3,3,3,3,3,3,3,3,3,3,3,3,3,0,372684,3,1,1152,49634,dscw80
0,0,0,0,0,0,0,1,1,2,2,2,2,2,2,2,2,2,2,2,2,2,2,2,2,2,0,1914689,2,0,1152,49634,dscw80
0,0,0,0,0,0,0,0,0,1,1,1,1,1,1,1,1,1,1,1,1,1,1,1,1,1,0,258790,1,1,1151,49440,dscw80
0,0,0,0,0,1,1,1,2,2,2,3,3,3,3,4,4,4,4,4,4,4,4,4,4,4,0,12356875,4,0,1152,49634,dscw80
0,1,1,1,1,2,2,2,2,3,4,5,5,6,6,7,8,8,8,8,8,8,8,8,8,8,0,3621800,8,0,1152,49634,dscw80
0,0,0,0,0,0,0,0,0,0,0,0,0,0,0,0,0,0,0,1,2,2,2,2,2,2,0,66219,2,1,1151,49440,dscw80
0,0,0,0,0,0,0,1,1,1,1,1,1,1,1,1,1,1,1,1,1,1,1,1,1,1,0,895,1,0,1152,49634,dscw80
0,0,0,0,0,2,3,5,5,5,5,5,5,5,5,5,5,5,5,5,6,6,7,7,7,7,0,613611,7,1,1152,49634,dscw80
0,0,0,0,0,0,0,0,0,0,0,0,0,0,0,0,0,1,1,1,1,1,1,1,1,1,0,128732,1,0,1181,52590,dscw80
0,0,0,0,3,12,14,20,22,26,26,27,28,28,29,29,29,29,29,29,30,30,30,30,30,30,0,57001613,30,1,1152,49634,dscw80
0,0,0,0,0,1,1,1,1,1,1,1,1,1,1,1,1,1,1,1,1,1,1,1,1,1,0,4321152,1,1,1151,49440,dscw80
0,0,0,0,0,0,0,0,0,0,0,0,0,0,0,0,0,0,0,0,0,1,1,1,1,1,0,258024,1,1,1173,49440,dscw80
0,0,1,1,1,1,1,1,1,1,1,1,1,1,1,1,1,1,1,1,1,1,1,1,1,1,0,43822,1,0,1152,49634,dscw80
0,0,1,3,4,4,4,4,4,4,4,4,4,4,4,4,4,4,4,4,4,4,4,4,4,4,0,5611509,4,0,1181,49634,dscw80
0,0,0,0,0,2,2,4,5,6,6,6,6,6,7,7,7,7,7,7,7,7,7,7,7,7,0,6571845,7,0,1152,49634,dscw80
0,0,0,0,9,24,26,30,32,36,38,40,40,42,43,43,44,45,45,45,45,45,45,46,46,46,0,6924444,46,1,1152,49634,dscw80
0,0,0,0,0,0,0,0,1,1,1,1,1,1,1,1,1,1,1,1,1,1,1,1,1,1,0,5626794,1,1,1151,49440,dscw80
0,0,0,0,0,0,1,1,1,1,2,2,4,4,4,4,4,4,4,4,6,6,6,6,6,6,0,18034531,6,1,1152,49634,dscw80
0,0,0,1,1,1,1,1,1,1,1,1,1,1,1,1,1,1,1,1,1,1,1,1,1,1,0,1897,1,1,1152,49634,dscw80
0,0,0,0,0,0,0,0,0,0,0,0,0,0,0,0,0,0,0,1,1,1,1,1,1,1,0,4388094,1,0,1152,49634,dscw80
0,0,0,0,0,0,1,1,1,2,2,2,2,2,2,2,2,2,2,2,2,2,2,2,2,2,0,5484316,2,1,1173,52590,dscw80
0,0,0,0,0,0,0,0,0,0,0,0,0,0,1,1,1,1,1,1,1,1,1,1,1,1,0,10001946,1,0,1151,49440,dscw80
0,0,0,0,0,0,0,0,0,0,0,0,0,0,0,0,0,0,0,0,0,1,1,1,1,1,0,3145876,1,1,1152,49634,dscw80
0,0,0,0,0,0,0,0,0,1,1,1,1,1,1,1,1,1,1,1,1,1,1,1,1,1,0,257853,1,1,1152,49634,dscw80
0,0,0,0,0,0,0,0,0,1,1,1,1,1,2,2,2,2,2,2,2,2,2,2,2,2,0,260612,2,1,1173,49634,dscw80
0,0,0,1,1,1,1,1,1,1,1,1,1,1,1,1,1,1,1,1,1,1,1,1,1,1,0,258147,1,1,1151,49440,dscw80
0,0,0,2,6,15,22,26,27,36,43,43,50,51,51,52,55,57,58,58,62,62,63,63,63,63,0,125433289,63,1,1152,49634,dscw80
0,0,0,0,1,1,1,1,1,1,1,1,1,1,1,1,1,1,1,1,1,1,1,1,1,1,0,8213686,1,0,1151,49440,dscw80
0,0,0,0,1,1,1,1,1,2,3,3,3,3,3,3,3,3,3,3,3,3,3,3,3,3,0,19796698,3,0,1152,49634,dscw80
0,0,0,0,0,1,1,1,1,1,1,1,2,2,2,2,2,2,2,3,3,3,3,3,3,3,0,6091019,3,0,1152,49634,dscw80
0,0,0,0,0,0,0,0,0,0,0,0,1,1,1,1,1,1,1,1,1,1,1,1,1,1,0,1400,1,1,1152,49634,dscw80
0,0,0,0,0,0,0,0,0,0,0,0,0,0,0,0,0,0,0,0,1,1,1,1,1,1,0,258172,1,0,1173,49634,dscw80
0,0,0,1,3,3,3,3,4,4,4,4,4,4,4,4,4,4,4,4,4,4,4,4,4,4,0,1030357,4,0,1181,53188,dscw80
0,0,0,0,0,0,0,0,0,0,0,1,2,2,3,3,4,5,7,7,8,9,9,10,10,10,1,10917243,11,0,1173,49440,dscw80
0,0,0,2,5,5,6,8,8,9,9,9,9,10,10,10,10,10,10,10,10,10,10,10,10,10,0,14254035,10,0,1152,49634,dscw80
0,0,0,0,0,0,0,0,0,0,0,0,0,0,0,0,0,0,0,0,1,1,1,1,1,1,0,2030262,1,0,1152,49634,dscw80
0,0,0,0,0,0,1,2,3,4,4,4,4,4,4,4,4,4,4,4,4,4,4,5,5,5,0,9366625,5,0,1152,49634,dscw80
0,0,0,0,0,0,0,1,1,1,1,1,1,1,1,1,1,1,2,2,2,2,2,3,3,3,0,34754349,3,0,1152,49634,dscw80
0,0,0,0,0,0,0,0,0,0,0,0,0,0,0,0,1,1,1,1,1,1,1,1,1,1,0,257602,1,0,1152,49634,dscw80
0,0,0,0,0,0,1,2,2,2,2,2,3,3,3,3,3,4,4,4,4,4,4,4,4,4,0,20014915,4,0,1152,49634,dscw80
0,0,0,0,0,0,0,0,0,0,0,0,0,0,0,0,0,0,0,0,1,1,1,1,1,1,0,6828446,1,1,1151,49440,dscw80
0,0,0,0,1,9,9,12,15,21,22,23,23,24,24,24,24,24,24,24,27,27,27,27,27,27,0,42892349,27,1,1152,49634,dscw80
0,0,0,0,1,1,1,1,1,1,1,1,1,1,1,1,1,1,1,1,1,1,1,1,1,1,0,257589,1,0,1152,49634,dscw80
0,0,0,0,0,0,0,0,1,1,1,1,1,1,1,1,1,1,1,1,1,1,1,1,1,1,0,1765,1,1,1151,49634,dscw80
0,0,0,0,0,0,0,1,1,1,1,1,2,2,2,2,2,2,2,2,2,2,3,3,3,3,0,1610633,3,1,1151,49440,dscw80
0,0,0,0,0,0,0,1,1,1,1,1,1,1,1,1,1,1,1,1,1,1,1,1,1,1,0,4822,1,0,1151,49440,dscw80
0,0,0,0,0,1,1,1,1,1,1,2,2,2,2,2,3,3,4,4,4,4,4,4,4,4,0,1504438,4,0,1152,49634,dscw80
0,0,0,0,0,0,1,2,2,2,2,2,2,2,2,2,2,3,3,3,5,5,5,5,5,5,1,144133,6,1,1152,49634,dscw80
0,0,0,0,1,2,4,5,7,8,9,11,12,13,13,13,13,13,13,13,15,15,15,15,15,15,0,91840505,15,0,1152,49634,dscw80
0,0,0,0,0,0,0,0,0,1,1,1,1,1,1,1,1,1,1,1,1,1,1,1,1,1,0,195084,1,1,1173,49634,dscw80
0,0,0,0,0,0,0,0,2,4,7,7,9,10,15,17,17,17,18,18,21,23,24,24,24,24,2,53564673,26,0,1151,49440,dscw80
0,0,0,0,4,14,24,29,36,42,46,46,52,54,58,59,59,61,62,63,65,66,69,69,69,70,0,103404633,70,0,1152,49634,dscw80
0,0,0,1,1,1,1,1,1,1,1,1,1,1,1,1,1,1,1,1,2,2,2,2,2,2,0,294847,2,0,1173,52590,dscw80
0,0,0,1,2,2,2,2,2,2,3,3,3,3,3,3,3,3,3,3,3,3,3,3,3,3,0,2543625,3,0,1151,49440,dscw80
0,0,0,0,0,0,0,0,0,1,1,1,1,1,1,1,1,1,1,1,1,1,1,1,1,1,0,18001,1,1,1152,49634,dscw80
0,0,1,1,1,1,1,1,1,1,1,1,1,1,1,1,1,1,1,1,1,1,1,1,1,1,0,128703,1,1,1152,49634,dscw80
0,0,0,0,0,0,1,1,2,2,2,2,2,2,2,2,2,2,2,2,2,2,2,2,2,2,0,7264504,2,0,1152,49634,dscw80
0,0,0,0,0,0,0,0,1,1,1,2,2,2,2,2,2,2,2,2,2,2,2,2,2,2,0,515799,2,1,1152,49634,dscw80
0,0,1,1,1,1,1,1,1,1,1,1,1,1,1,1,1,1,1,1,1,1,1,1,1,1,0,8910939,1,0,1181,53188,dscw80
0,0,0,0,0,0,0,0,0,1,1,1,1,2,2,2,2,3,3,3,3,3,4,4,4,4,0,9905840,4,0,1151,49440,dscw80
0,0,0,0,0,0,0,0,0,0,0,0,1,1,1,2,2,2,2,2,2,2,2,2,2,2,0,4968946,2,0,1151,49440,dscw80
0,0,0,0,1,1,1,1,1,1,1,1,1,1,1,1,1,1,1,1,1,1,1,1,1,1,0,2503,1,0,1151,49440,dscw80
0,0,0,0,0,0,1,1,1,1,1,1,1,1,1,1,1,1,1,1,1,1,1,1,1,1,0,3584773,1,1,1151,49440,dscw80
0,0,0,0,0,1,3,7,7,7,8,8,8,10,10,10,10,10,10,10,10,10,10,10,10,10,0,7100165,10,0,1152,49634,dscw80
0,0,0,0,0,1,1,1,1,1,1,1,1,1,1,1,1,1,1,1,1,1,1,1,1,1,0,2473354,1,1,1152,49634,dscw80
0,0,0,2,3,3,4,4,4,5,5,5,6,6,6,6,6,6,6,6,7,7,9,9,9,9,0,15126929,9,0,1152,49634,dscw80
0,0,0,0,0,0,0,1,2,2,2,2,2,2,2,2,2,2,2,2,2,2,2,2,2,2,0,261992,2,0,1152,49634,dscw80
0,0,0,0,2,5,10,16,20,21,23,25,27,29,29,29,30,30,30,30,32,33,33,34,34,34,0,90208808,34,0,1152,49634,dscw80
0,0,0,1,1,1,1,1,1,1,1,1,1,1,1,1,1,1,1,1,1,1,1,1,1,1,0,9092,1,0,1152,49634,dscw80
0,0,0,1,1,1,1,1,2,2,2,2,2,2,2,2,2,2,2,2,2,2,2,2,2,2,0,2618684,2,1,1151,49440,dscw80
0,0,0,0,0,0,2,3,3,4,4,5,5,6,6,6,6,6,6,6,7,7,7,7,7,7,0,11704778,7,0,1152,49634,dscw80
0,0,0,0,0,0,1,1,1,2,2,2,2,2,2,2,2,2,2,2,2,2,2,2,2,2,0,9750484,2,0,1152,49634,dscw80
0,0,0,0,0,0,0,0,0,0,0,0,0,1,1,1,2,2,2,3,4,6,7,7,7,8,0,6683507,8,0,1151,49440,dscw80
0,0,0,0,0,0,0,0,0,0,0,0,0,0,1,1,1,1,1,1,2,2,2,2,2,2,0,132308,2,0,1173,49440,dscw80
0,0,0,1,1,1,1,1,1,1,1,1,1,1,1,1,1,1,1,1,1,1,1,1,1,1,0,258497,1,1,1173,52590,dscw80
0,0,0,0,0,0,0,7,12,17,23,27,30,34,34,36,37,38,40,41,52,53,59,64,66,73,2,92661455,75,0,1151,49440,dscw80
0,0,0,0,0,1,1,1,1,1,1,1,1,1,1,1,1,1,1,1,1,1,1,1,1,1,0,6672611,1,0,1173,52590,dscw80
0,0,0,0,0,0,0,0,0,0,0,1,1,1,1,1,1,1,1,1,1,1,1,1,1,1,0,128745,1,0,1152,49634,dscw80
0,0,0,0,0,0,0,0,1,2,2,2,2,2,2,2,2,2,2,2,2,2,2,2,2,2,0,133662,2,0,1152,49634,dscw80
0,0,0,0,0,0,0,0,1,1,1,1,1,1,1,1,1,1,1,1,1,1,1,1,1,1,0,258875,1,0,1173,52590,dscw80
0,0,0,0,1,1,1,1,1,1,1,1,1,1,1,1,1,1,1,1,1,1,1,1,1,1,0,257540,1,1,1152,49634,dscw80
0,0,0,0,0,0,0,0,0,0,0,0,0,0,0,0,0,0,0,0,0,0,0,1,1,1,0,6762380,1,0,1151,49440,dscw80
0,0,0,0,0,1,1,1,1,1,1,1,1,1,1,1,1,1,1,1,1,1,1,1,1,1,0,2703,1,1,1151,49440,dscw80
0,0,0,0,0,0,0,0,0,0,0,0,0,1,1,1,1,1,1,1,1,1,1,1,1,1,0,257392,1,1,1152,49634,dscw80
0,0,4,13,17,24,24,28,29,34,34,36,36,38,40,40,40,40,40,40,43,43,43,43,43,43,0,137631134,43,0,1152,49634,dscw80
0,0,0,0,0,3,3,3,3,3,3,3,3,3,3,3,3,3,3,3,3,3,4,5,5,5,0,13225419,5,0,1151,49440,dscw80
0,0,0,0,0,0,0,0,0,0,0,1,1,1,1,1,1,1,1,1,1,1,1,1,1,1,0,3820127,1,0,1173,49440,dscw80
0,0,0,0,0,0,0,0,0,0,0,0,0,1,1,1,1,1,1,1,1,1,1,1,1,1,0,15851124,1,0,1173,49634,dscw80
0,0,0,1,1,1,1,1,1,1,1,1,1,1,1,1,1,1,1,1,1,1,1,1,1,1,0,7492,1,1,1152,49634,dscw80
0,0,0,0,0,0,0,0,0,0,0,0,0,0,1,1,1,1,1,1,1,1,1,1,1,1,0,1210159,1,0,1173,49440,dscw80
0,0,0,0,0,0,0,0,0,0,1,1,1,1,1,1,1,1,1,1,1,1,1,1,1,1,0,43795,1,0,1152,49634,dscw80
0,0,0,0,0,0,1,1,1,1,1,1,1,1,1,1,1,1,1,1,1,1,1,1,1,1,0,258178,1,1,1173,52590,dscw80
0,0,0,0,0,0,0,0,0,0,0,0,0,0,0,0,0,0,0,0,0,0,0,0,0,0,1,3812823,1,0,1152,49634,dscw80
0,0,0,0,0,0,0,0,0,0,1,1,1,1,1,1,1,1,1,1,1,1,1,1,1,1,0,257934,1,1,1152,49634,dscw80
0,0,0,0,0,0,0,0,0,0,0,0,0,0,0,0,0,0,0,0,0,1,1,1,1,1,0,257592,1,0,1152,49634,dscw80
0,0,0,1,1,1,1,1,1,1,1,1,1,1,1,1,1,1,1,1,1,1,1,1,1,1,0,128426,1,0,1152,49634,dscw80
0,0,0,0,0,0,0,0,0,0,0,0,0,0,0,0,0,0,0,0,1,1,1,1,1,1,0,257869,1,1,1152,49634,dscw80
0,0,0,1,5,18,25,31,32,35,38,39,40,43,43,44,44,47,48,49,54,56,57,57,57,57,0,158942778,57,1,1152,49634,dscw80
0,0,0,1,1,1,1,1,1,1,1,1,1,1,1,1,1,1,1,1,1,1,1,1,1,1,0,1792,1,1,1151,49440,dscw80
0,0,0,0,0,0,0,0,0,0,0,0,1,1,1,1,1,1,1,1,1,1,1,1,1,1,0,257876,1,0,1173,49440,dscw80
0,0,0,0,0,0,0,1,1,1,1,1,1,1,1,1,1,1,1,1,1,1,1,1,1,1,0,257412,1,1,1173,52590,dscw80
0,0,0,0,1,1,1,1,2,2,2,2,2,3,3,3,3,3,3,3,3,3,3,3,3,3,0,11972875,3,1,1152,49634,dscw80
0,0,0,0,1,1,1,1,1,1,1,1,1,2,2,2,2,2,2,2,2,2,2,2,2,2,0,514814,2,1,1152,49634,dscw80
0,0,1,1,1,1,1,1,1,1,1,1,1,1,1,1,1,1,1,1,1,1,1,1,1,1,0,257885,1,1,1151,49440,dscw80
0,0,0,0,0,0,0,0,0,0,0,0,0,0,0,1,1,1,1,1,1,1,1,1,1,1,0,1877,1,1,1151,49440,dscw80
0,0,0,1,1,1,1,1,1,1,1,1,1,1,1,1,1,1,1,1,1,1,1,1,1,1,0,128468,1,1,1151,49440,dscw80
0,0,0,1,1,1,1,1,1,1,1,1,1,1,1,1,1,1,1,1,1,1,1,1,1,1,0,258259,1,0,1151,49440,dscw80
0,0,1,1,1,1,1,1,1,1,1,1,1,1,1,1,1,1,1,1,1,1,1,1,1,1,0,164033,1,1,1151,49440,dscw80
0,0,0,0,0,0,0,1,1,1,1,1,1,1,1,1,1,1,1,1,1,1,1,1,1,1,0,11339721,1,1,1151,49634,dscw80
0,0,0,0,0,0,0,0,0,0,0,0,0,0,0,0,0,0,0,0,1,1,1,1,1,1,0,3123313,1,1,1151,49440,dscw80
0,0,0,0,0,0,0,0,0,0,0,0,0,0,0,0,0,0,1,1,1,1,1,1,1,1,0,0,1,1,1181,53188,dscw80
0,0,0,1,1,1,1,1,1,1,1,1,1,1,1,1,1,1,1,1,1,1,1,1,1,1,0,257854,1,1,1152,49634,dscw80
0,0,0,1,1,2,4,7,9,10,10,10,11,11,11,11,11,11,11,11,11,11,12,12,12,12,0,877384,12,1,1152,49634,dscw80
0,0,0,0,0,0,0,1,1,1,1,1,1,1,1,1,1,1,1,1,1,1,1,1,1,1,0,364963,1,0,1181,49634,dscw80
0,0,0,2,7,10,10,12,14,14,16,16,17,18,18,18,18,19,19,19,19,19,19,19,19,19,0,4798885,19,1,1151,49440,dscw80
0,0,0,0,0,2,2,3,3,3,3,3,3,4,4,4,4,4,4,4,4,4,4,4,4,4,0,206511,4,1,1152,49634,dscw80
0,0,0,0,0,0,0,0,0,0,0,0,0,0,1,1,1,1,1,1,1,1,1,1,1,1,0,2669,1,1,1173,49634,dscw80
0,0,0,1,1,1,1,1,1,1,1,1,1,1,1,1,1,1,1,1,1,1,1,1,1,1,0,145743,1,1,1151,49440,dscw80
0,0,1,1,4,7,10,11,11,13,13,13,13,13,15,15,15,16,16,16,16,16,16,16,16,16,0,2176874,16,1,1152,49634,dscw80
0,0,0,0,0,0,0,0,0,1,1,1,1,1,1,1,1,1,1,1,2,3,3,3,3,3,0,4300658,3,0,1181,53188,dscw80
0,0,0,0,1,1,1,1,1,1,1,1,1,1,1,1,1,1,1,1,2,2,2,2,2,2,0,2081132,2,0,1152,49634,dscw80
0,0,0,0,1,2,3,3,3,3,3,3,3,3,3,3,3,3,3,3,3,3,3,3,3,3,0,198592,3,1,1152,49634,dscw80
0,0,1,1,1,1,1,1,1,1,1,1,1,1,1,1,1,1,1,1,1,1,1,1,1,1,0,1748,1,1,1152,49634,dscw80
0,0,0,0,0,1,1,1,1,1,1,1,1,1,1,1,1,1,1,1,1,1,1,1,1,1,0,1659645,1,1,1151,49440,dscw80
0,0,0,0,0,0,0,0,0,0,1,1,1,1,1,1,1,1,1,1,1,1,1,1,1,1,0,2986216,1,0,1151,49440,dscw80
0,0,0,0,0,1,1,5,7,11,11,14,16,17,19,21,23,23,24,24,26,27,27,29,29,29,0,68626416,29,0,1152,49634,dscw80
0,0,0,0,0,0,0,0,1,1,1,1,1,1,1,1,1,1,1,1,1,1,1,1,1,1,0,1631,1,1,1152,49634,dscw80
0,0,1,1,1,1,1,1,1,1,1,1,1,1,1,1,1,1,1,1,1,1,1,1,1,1,0,2669,1,1,1152,49634,dscw80
0,0,1,4,5,8,11,11,12,12,13,14,14,14,14,14,14,14,14,14,14,14,14,14,14,14,0,6379264,14,1,1151,49440,dscw80
0,0,0,0,1,1,1,1,1,1,1,1,1,1,1,1,1,1,1,1,1,1,1,1,1,1,0,6543,1,1,1152,49634,dscw80
0,0,0,0,0,0,0,0,0,1,1,1,1,1,1,2,2,2,2,2,2,2,2,2,2,2,0,6067788,2,0,1151,49440,dscw80
0,0,0,0,0,0,0,1,1,1,1,1,1,1,1,1,1,1,1,1,1,1,1,1,1,1,0,8838163,1,0,1152,49634,dscw80
0,0,0,0,0,0,1,2,2,2,2,2,2,2,2,2,2,2,2,2,2,2,2,2,2,2,0,131000,2,1,1151,49440,dscw80
0,0,0,0,0,1,1,1,1,1,1,1,1,1,1,1,1,2,2,2,2,2,2,2,2,2,0,121674,2,1,1152,49634,dscw80
0,0,0,0,0,0,0,0,0,0,0,0,0,0,0,0,0,0,0,0,0,0,1,1,1,1,0,259591,1,0,1181,49634,dscw80
0,0,0,0,0,0,0,0,0,0,0,0,0,0,0,1,1,1,1,1,1,1,1,1,1,1,0,18771265,1,0,1173,49440,dscw80
0,0,1,1,1,1,1,1,1,1,1,1,1,1,1,1,1,1,1,1,1,1,1,1,1,1,0,258078,1,1,1151,49440,dscw80
0,0,0,0,3,4,4,5,5,5,5,5,6,6,6,6,6,6,6,6,6,6,6,6,6,6,0,10678787,6,0,1152,49634,dscw80
0,0,0,0,0,0,0,0,1,1,1,1,1,1,1,1,1,1,1,1,1,1,1,1,1,1,0,165770,1,0,1173,49440,dscw80
0,0,1,2,2,2,3,3,3,3,3,3,3,3,3,3,3,3,3,3,3,3,3,3,3,3,0,129672,3,1,1181,53188,dscw80
0,0,3,6,9,11,11,12,12,13,13,14,14,15,16,16,16,16,17,17,19,19,19,19,19,19,0,68263200,19,0,1152,49634,dscw80
0,0,0,0,0,0,0,0,0,0,0,1,1,1,1,1,1,1,1,1,1,1,1,1,1,1,0,128830,1,1,1151,49440,dscw80
0,0,0,0,0,0,0,0,0,0,0,0,0,0,0,0,0,0,0,0,0,0,1,1,1,1,0,3350470,1,0,1151,49440,dscw80
0,0,0,0,0,0,0,0,0,1,1,1,1,1,1,1,1,1,1,1,1,1,1,1,1,1,0,3014942,1,0,1173,52590,dscw80
0,0,0,2,2,3,3,3,3,4,5,5,5,5,5,5,5,5,5,5,5,5,5,5,5,5,0,5546172,5,0,1173,52590,dscw80
0,0,0,0,0,0,0,0,0,1,1,1,1,2,3,3,3,3,3,3,3,3,3,4,4,4,0,17318095,4,0,1151,49634,dscw80
0,0,0,0,0,0,0,1,1,1,1,1,1,1,1,1,1,1,1,1,1,1,1,1,1,1,0,4513797,1,1,1152,49634,dscw80
0,0,0,0,0,0,0,0,0,1,1,1,1,1,1,1,1,1,1,1,1,1,1,1,1,1,0,258084,1,1,1152,49634,dscw80
0,0,0,0,0,2,3,3,3,4,4,4,4,4,4,4,4,4,4,4,5,5,5,5,5,5,0,15351285,5,1,1152,49634,dscw80
0,0,0,0,0,0,0,0,0,0,0,0,0,0,0,1,1,1,1,1,1,1,2,2,2,2,0,4756634,2,0,1152,49634,dscw80
0,0,0,0,5,14,19,28,32,34,36,38,39,39,40,42,43,43,43,45,46,47,48,48,48,48,0,14502972,48,1,1152,49634,dscw80
0,0,1,1,1,1,1,1,1,2,2,2,2,2,2,2,2,2,2,2,2,2,2,2,2,2,0,16079764,2,1,1151,49440,dscw80
0,0,0,0,0,0,0,0,0,0,1,1,1,1,1,1,1,1,1,1,1,1,1,1,1,1,0,128370,1,1,1152,49634,dscw80
0,0,0,0,0,0,0,0,0,0,1,1,1,2,2,2,2,2,2,2,4,5,5,5,5,5,0,15446027,5,0,1151,49634,dscw80
0,0,0,0,0,0,1,1,1,1,1,1,1,1,1,1,1,1,1,1,1,1,1,1,1,1,0,1333011,1,0,1151,49440,dscw80
0,0,0,0,0,0,0,0,1,1,1,1,1,1,1,1,1,1,1,1,1,1,1,1,1,1,0,4136111,1,1,1152,49634,dscw80
0,0,0,0,0,0,2,4,5,10,11,16,18,22,23,23,25,28,29,29,34,38,41,42,44,45,23,63208881,68,0,1152,49634,dscw80
0,0,0,1,1,1,1,1,1,1,1,1,1,1,1,1,1,1,1,1,1,1,1,1,1,1,0,1537632,1,1,1152,49634,dscw80
0,0,1,1,1,1,1,1,1,1,1,1,1,1,1,1,1,1,1,1,1,1,1,1,1,1,0,258167,1,1,1152,49634,dscw80
0,0,0,0,0,0,0,0,0,0,0,0,0,0,0,0,1,1,1,1,1,1,1,1,1,1,0,3003,1,0,1152,49634,dscw80
0,0,1,2,2,2,3,3,3,3,3,3,3,3,3,3,3,3,3,3,3,3,3,3,3,3,0,6462259,3,0,1152,49634,dscw80
0,0,0,0,1,1,1,1,1,1,1,1,1,1,1,1,1,1,1,1,1,1,1,1,1,1,0,128786,1,1,1151,49440,dscw80
0,0,0,0,0,1,1,1,1,1,1,1,1,1,1,1,1,1,1,1,1,1,1,1,1,1,0,5495861,1,0,1151,49440,dscw80
0,0,0,0,0,0,1,1,1,1,1,1,1,1,1,1,1,1,1,1,1,1,1,1,1,1,0,15325395,1,0,1152,49634,dscw80
0,0,0,0,0,0,0,0,0,1,1,1,1,1,1,1,1,1,1,1,1,1,1,1,1,1,0,2458030,1,0,1173,49440,dscw80
0,0,0,1,1,1,1,1,1,1,1,1,1,1,1,1,1,1,1,1,1,1,1,1,1,1,0,5258800,1,1,1152,49634,dscw80
0,0,0,0,0,0,0,0,0,0,0,0,0,0,0,0,0,0,1,1,3,3,3,3,3,3,0,9267152,3,0,1173,49440,dscw80
0,0,0,0,0,1,1,1,1,1,1,1,1,1,1,1,1,1,1,1,1,1,1,1,1,1,0,257782,1,1,1151,49440,dscw80
0,0,0,0,0,0,2,2,2,2,2,2,3,3,3,3,3,3,3,4,5,5,5,5,5,5,0,4815067,5,0,1152,49634,dscw80
0,0,2,3,3,5,6,6,6,6,7,7,7,7,7,7,7,7,7,7,7,7,7,7,7,7,0,2265353,7,1,1181,53188,dscw80
0,0,0,0,0,2,3,3,3,3,3,3,3,3,3,3,3,3,3,3,3,3,3,3,3,3,0,261760,3,1,1151,49440,dscw80
0,0,0,0,1,1,1,1,1,1,1,2,2,2,2,2,2,3,3,3,3,3,3,3,3,3,0,6431,3,1,1152,49634,dscw80
0,0,0,0,0,0,0,0,0,0,0,0,0,1,2,2,2,2,2,2,2,2,2,2,2,2,0,14547322,2,1,1151,49440,dscw80
0,0,0,0,0,0,0,0,0,0,0,0,1,1,1,1,1,1,1,1,1,1,1,1,1,1,0,4820096,1,1,1152,49634,dscw80
0,0,0,0,1,1,1,1,3,4,4,4,4,4,5,6,6,6,7,7,7,7,7,7,7,7,0,615849,7,1,1152,49634,dscw80
0,0,0,0,0,0,0,0,2,2,2,2,2,2,3,4,4,4,4,4,5,5,5,5,5,5,0,41232909,5,0,1152,49634,dscw80
0,0,0,0,0,0,0,0,1,1,1,1,1,1,1,1,1,1,1,1,1,1,1,1,1,1,0,461114,1,0,1152,49634,dscw80
0,0,0,0,0,0,0,0,0,0,0,1,1,1,1,1,1,1,1,1,1,1,1,1,1,1,0,3095718,1,1,1173,49440,dscw80
0,0,0,0,0,0,1,2,6,6,8,8,8,8,8,9,9,9,9,9,10,10,11,11,11,11,0,1057038,11,1,1151,49440,dscw80
0,0,0,0,0,1,1,4,6,9,12,13,14,16,16,17,18,19,21,21,24,24,24,24,24,26,0,26998428,26,0,1152,49634,dscw80
0,0,0,0,2,5,6,6,10,11,11,13,13,14,15,15,16,16,16,17,18,20,20,20,20,20,0,3078261,20,1,1152,49634,dscw80
0,0,0,1,1,1,1,1,1,1,1,1,1,1,1,1,1,1,1,1,1,1,1,1,1,1,0,131117,1,0,1181,49634,dscw80
0,0,0,0,0,0,0,0,0,0,0,0,0,1,1,1,1,1,1,1,1,1,1,1,1,1,0,2758511,1,0,1151,49440,dscw80
0,0,0,0,0,0,0,0,1,1,1,1,1,1,1,1,1,1,1,1,1,1,1,1,1,1,0,1211,1,1,1152,49634,dscw80
0,0,0,0,0,0,0,0,0,0,1,1,1,1,1,1,1,1,1,1,1,1,1,1,1,1,0,540484,1,0,1151,49440,dscw80
0,0,0,0,0,0,0,0,0,0,0,0,0,0,0,0,0,0,0,0,1,1,1,1,1,1,0,1918,1,1,1152,49634,dscw80
0,0,0,0,1,1,1,1,1,1,1,1,1,2,2,2,2,2,2,2,2,2,2,2,2,2,0,516130,2,1,1152,49634,dscw80
0,0,0,1,1,1,1,2,2,2,2,2,3,3,4,4,4,4,4,4,4,4,4,4,4,4,0,528541,4,1,1152,49634,dscw80
0,0,0,0,0,0,0,0,0,0,0,0,0,0,1,1,1,1,1,1,1,1,1,1,1,2,0,1070076,2,0,1152,49634,dscw80
0,0,0,0,0,0,1,1,1,1,1,1,1,1,1,1,1,1,1,1,1,1,1,1,1,1,0,128955,1,0,1152,49634,dscw80
0,0,0,0,0,0,0,1,1,1,1,1,1,1,1,1,1,1,1,1,1,1,1,1,1,1,0,10358177,1,0,1152,49634,dscw80
0,0,0,0,0,0,0,0,1,1,1,1,1,1,1,1,1,1,1,1,1,1,1,1,1,1,0,2861227,1,1,1151,49440,dscw80
0,0,0,0,1,1,2,2,2,2,2,2,2,2,2,2,2,2,2,2,2,2,2,2,2,2,0,385797,2,0,1173,52590,dscw80
0,0,0,0,0,0,0,0,0,0,0,0,0,1,1,1,1,1,1,1,2,2,2,2,3,3,0,91523,3,0,1151,49440,dscw80
0,0,0,0,0,1,1,1,1,1,1,1,1,1,1,1,1,1,1,1,1,1,1,1,1,1,0,17233989,1,1,1152,49634,dscw80
0,0,0,0,0,0,0,0,0,0,0,0,0,0,0,0,0,0,0,0,2,2,2,2,2,2,0,6489299,2,0,1152,49634,dscw80
0,0,0,0,0,0,0,1,1,1,1,1,2,2,2,2,2,2,2,2,2,2,2,2,2,2,0,517400,2,0,1173,52590,dscw80
0,0,0,0,0,1,1,1,1,1,2,2,2,2,2,2,2,2,2,2,2,2,2,2,2,2,0,36654,2,1,1151,49440,dscw80
0,0,0,0,0,0,0,0,1,1,1,1,1,1,1,1,1,1,1,1,1,1,1,1,1,1,0,257763,1,1,1152,49634,dscw80
0,0,0,0,0,0,0,0,0,0,0,0,0,0,0,0,0,0,0,0,1,1,1,1,1,1,0,258774,1,1,1151,49440,dscw80
0,0,0,0,0,0,0,0,1,1,1,1,1,1,1,1,1,1,1,1,1,1,1,1,1,1,0,6608,1,1,1152,49634,dscw80
0,0,0,0,0,0,0,1,1,1,1,1,1,1,1,1,1,1,1,1,1,1,1,1,1,1,0,9492064,1,1,1151,49440,dscw80
0,0,0,0,0,1,1,1,1,1,1,1,1,1,1,1,1,1,1,1,1,1,1,1,1,1,0,8602,1,1,1151,49440,dscw80
0,0,0,1,1,2,3,4,4,5,5,5,5,5,5,6,7,7,7,8,9,9,9,9,9,9,0,13849500,9,0,1152,49634,dscw80
0,0,1,1,1,1,2,2,2,2,2,2,2,2,2,2,2,2,2,2,2,2,2,2,2,2,0,515691,2,1,1181,53188,dscw80
0,0,0,1,1,1,1,1,1,1,1,1,1,1,1,1,1,1,1,1,1,1,1,1,1,1,0,128343,1,1,1151,49440,dscw80
0,0,0,0,1,1,1,2,2,2,2,2,2,2,2,2,2,2,2,2,2,2,2,2,2,3,0,10127700,3,1,1152,49634,dscw80
0,0,0,0,0,0,1,1,1,1,1,1,1,1,1,1,1,1,1,1,1,1,1,1,1,1,0,260075,1,1,1151,49440,dscw80
0,0,2,2,2,2,2,2,2,2,2,2,2,2,2,2,2,2,2,2,2,2,2,2,2,2,0,68483,2,1,1181,53188,dscw80
0,0,0,0,0,0,0,0,0,0,0,0,0,0,0,0,1,1,1,1,1,1,1,1,1,1,0,257558,1,1,1152,49634,dscw80
0,0,0,0,0,1,1,1,1,1,1,1,1,1,1,1,1,1,1,1,1,1,1,1,1,1,0,257482,1,0,1151,49440,dscw80
0,0,1,4,9,19,27,32,34,39,42,44,46,48,48,48,48,49,50,50,52,54,58,59,59,61,0,226102484,61,0,1151,49440,dscw80
0,0,0,0,0,0,1,1,1,2,3,3,3,3,3,3,3,3,3,3,4,4,4,4,4,4,0,30002766,4,1,1151,49440,dscw80
0,0,0,0,2,3,3,3,3,3,3,3,3,3,3,3,3,3,3,3,3,3,3,3,3,3,0,826436,3,1,1152,49634,dscw80
0,0,0,1,2,3,4,6,6,6,6,6,6,6,6,6,6,7,7,7,7,7,7,7,7,7,0,746070,7,1,1151,49440,dscw80
0,0,0,0,0,0,0,0,1,1,1,1,1,1,1,1,1,1,1,1,1,1,1,1,1,1,0,257805,1,1,1151,49440,dscw80
0,0,0,0,0,0,0,0,0,0,0,1,3,3,3,4,4,4,4,4,4,6,6,6,6,6,0,10002185,6,0,1173,49440,dscw80
0,0,0,0,0,0,0,1,1,1,1,1,1,1,1,1,1,1,1,1,1,1,1,1,1,1,0,1211,1,1,1152,49634,dscw80
0,0,0,0,0,0,0,0,1,1,1,2,2,2,2,2,2,2,2,2,2,2,2,2,2,2,0,269030,2,1,1152,49634,dscw80
0,0,0,0,0,0,0,0,0,0,0,0,0,0,0,0,1,1,1,1,1,1,1,1,1,1,0,2514213,1,0,1181,53188,dscw80
0,0,0,0,0,1,6,8,8,9,9,9,9,9,10,11,11,11,11,11,11,11,11,11,11,11,0,172066,11,1,1152,49634,dscw80
0,0,0,1,2,2,2,2,4,4,4,4,4,4,4,5,5,5,5,5,6,7,7,7,7,7,0,14658305,7,0,1152,49634,dscw80
0,0,0,0,0,0,0,0,0,0,0,0,0,0,0,0,0,0,0,1,1,1,1,1,1,1,0,1703714,1,1,1151,49440,dscw80
0,0,1,1,1,1,1,1,1,1,1,1,1,1,1,1,1,1,1,1,1,1,1,1,1,1,0,67507,1,1,1152,49634,dscw80
0,0,0,2,2,3,3,5,5,6,6,6,6,6,6,6,6,6,6,6,6,6,6,6,6,6,0,36400513,6,1,1152,49634,dscw80
0,0,0,0,0,0,1,1,1,1,1,1,1,1,1,1,1,1,1,1,1,1,1,1,1,1,0,1995973,1,0,1173,49440,dscw80
0,0,0,0,0,0,0,0,0,0,0,0,0,0,1,1,1,1,1,1,1,1,1,1,1,1,0,3599741,1,1,1152,49634,dscw80
0,0,0,1,1,1,1,1,1,1,1,1,1,1,1,1,1,1,1,1,1,1,1,1,1,1,0,1745,1,1,1152,49634,dscw80
0,0,1,1,1,1,1,1,1,1,1,1,1,1,1,1,1,1,1,1,1,1,1,1,1,1,0,259963,1,0,1152,49634,dscw80
0,0,0,0,0,0,0,1,1,1,1,1,1,1,1,1,1,1,1,1,1,1,1,1,1,1,0,711659,1,1,1152,49634,dscw80
0,0,0,0,0,0,0,0,0,1,1,1,1,1,1,1,1,1,1,1,1,1,1,1,1,1,0,2116498,1,1,1151,49440,dscw80
0,0,0,0,0,0,0,0,0,0,0,1,1,1,1,1,1,1,1,1,1,1,1,1,1,1,0,128322,1,1,1152,49634,dscw80
0,0,0,0,0,0,0,0,1,1,1,1,1,1,1,1,1,1,1,1,1,1,1,1,1,1,0,1397,1,1,1151,49440,dscw80
0,0,0,0,0,0,0,0,0,1,1,1,1,1,1,1,1,1,1,1,1,1,1,1,1,1,0,1986,1,1,1152,49634,dscw80
0,0,0,0,0,0,0,0,0,0,0,0,0,0,0,0,0,0,0,0,0,1,1,1,1,1,0,1405106,1,0,1152,49634,dscw80
0,0,0,0,1,1,1,1,1,1,1,1,1,1,1,1,1,1,1,1,1,1,1,1,1,1,0,2460,1,1,1151,49440,dscw80
0,1,1,1,1,1,1,1,1,1,1,1,1,1,1,1,1,1,1,2,2,2,2,2,2,2,0,500439,2,0,1151,49440,dscw80
0,0,0,0,0,0,1,1,1,1,1,1,1,1,1,1,1,1,1,1,1,1,1,1,1,1,0,257778,1,1,1151,49440,dscw80
0,0,0,0,0,0,1,1,1,1,1,1,1,1,1,1,1,1,1,1,1,1,1,1,1,1,0,6129644,1,1,1152,49634,dscw80
0,0,0,0,0,0,0,0,0,0,0,0,0,0,0,0,0,0,0,0,1,1,1,1,1,1,0,6262095,1,0,1152,49634,dscw80
0,0,0,0,0,0,0,0,0,1,1,1,1,1,1,1,1,1,1,1,1,1,1,1,1,1,0,1062966,1,1,1152,49634,dscw80
0,0,1,1,1,1,1,2,2,2,2,2,2,2,2,2,2,2,2,2,2,2,2,2,2,2,0,260532,2,0,1151,49440,dscw80
0,0,1,2,2,2,3,3,4,4,4,4,4,4,5,5,5,5,5,5,5,5,5,5,5,5,0,33404390,5,1,1152,49634,dscw80
0,0,0,0,0,0,0,0,1,1,1,1,1,1,1,1,1,1,1,1,1,1,1,1,1,1,0,6780711,1,0,1152,49634,dscw80
0,0,0,0,0,0,0,0,0,1,1,1,1,1,1,1,1,1,1,1,1,1,1,1,1,1,0,1645,1,1,1151,49440,dscw80
0,0,0,0,0,0,0,0,0,0,0,0,0,0,0,0,0,0,0,0,1,1,1,1,1,1,0,119339,1,0,1152,49634,dscw80
0,0,0,0,0,0,0,0,0,0,0,0,0,0,0,0,0,0,0,0,0,1,1,1,1,1,0,769848,1,0,1173,49440,dscw80
0,0,0,0,0,0,0,0,1,1,1,1,1,1,1,1,1,1,1,1,1,1,1,1,1,1,0,128868,1,1,1152,49634,dscw80
0,0,0,0,0,0,0,0,0,0,0,0,0,0,0,0,0,1,1,1,1,1,1,1,1,1,0,257323,1,0,1173,49634,dscw80
0,0,0,0,0,0,1,1,1,1,1,1,1,1,1,1,1,1,1,1,1,1,1,1,1,1,0,257415,1,1,1152,49634,dscw80
0,0,0,0,0,0,0,0,0,0,0,0,0,0,1,1,1,1,1,1,1,1,1,1,1,1,0,8412899,1,1,1151,49440,dscw80
0,0,0,0,0,0,0,0,0,0,0,0,0,0,0,0,0,0,0,0,0,0,0,1,1,1,0,8421,1,1,1152,49634,dscw80
0,0,0,0,4,5,7,8,9,9,9,10,10,10,10,10,10,10,10,10,10,11,11,11,11,11,0,2913962,11,1,1152,49634,dscw80
0,0,0,0,0,0,1,2,3,3,3,3,3,3,3,3,3,3,3,3,3,3,3,3,3,3,0,774855,3,1,1152,49634,dscw80
0,0,0,0,0,0,0,0,0,0,0,0,0,0,0,0,0,0,0,0,1,1,1,1,1,1,0,128978,1,1,1151,49440,dscw80
0,0,0,0,0,1,1,1,1,1,1,1,1,1,1,1,1,1,1,1,1,1,1,1,1,1,0,477627,1,1,1152,49634,dscw80
0,0,0,0,0,0,0,0,0,0,0,0,0,0,0,0,0,0,0,0,0,0,0,0,0,1,0,5026782,1,0,1173,49634,dscw80
0,0,0,1,1,1,1,1,1,1,1,1,1,1,1,1,1,1,1,1,1,1,1,1,1,1,0,128311,1,1,1152,49634,dscw80
0,0,0,0,1,1,1,1,1,1,1,1,1,1,1,1,1,1,1,1,1,1,1,1,1,1,0,5248923,1,1,1152,49634,dscw80
0,0,0,0,0,0,1,2,2,2,2,2,2,2,2,2,2,2,2,2,2,2,2,2,2,2,0,6093796,2,0,1152,49634,dscw80
0,0,0,0,0,0,0,0,0,0,0,0,0,1,1,1,1,2,2,2,2,2,2,2,2,2,0,13177463,2,0,1173,49440,dscw80
0,0,0,1,1,2,2,2,2,2,2,2,2,2,2,2,2,2,2,2,3,3,4,4,4,4,0,1413817,4,0,1181,53188,dscw80
0,0,0,0,1,1,1,1,1,1,1,1,1,1,1,1,1,1,1,1,1,1,1,1,1,1,0,1681,1,1,1152,49634,dscw80
0,0,0,0,0,0,0,1,1,1,1,1,1,1,1,1,1,1,1,1,1,1,1,1,1,1,0,3372463,1,1,1152,49634,dscw80
0,0,0,0,0,0,0,1,1,1,1,1,1,1,1,1,1,1,1,1,1,1,1,1,1,1,0,2036,1,1,1152,49634,dscw80
0,0,1,2,2,2,2,2,2,2,3,3,3,3,3,3,3,3,3,3,3,3,3,3,3,3,0,232454,3,1,1152,49634,dscw80
0,0,0,0,2,3,3,3,3,3,3,3,3,3,3,3,3,3,3,3,3,3,3,3,3,3,0,5342,3,1,1151,49440,dscw80
0,0,0,0,1,6,9,13,19,20,21,22,22,23,27,28,29,30,31,31,35,36,36,36,36,36,0,102899504,36,0,1151,49440,dscw80
0,0,0,1,1,1,1,1,1,1,1,1,1,1,1,1,1,1,1,1,1,1,1,1,1,1,0,687,1,1,1173,52590,dscw80
0,0,0,0,0,0,0,0,0,0,0,0,1,1,1,1,1,1,1,1,1,1,1,1,1,1,0,64780,1,1,1173,49440,dscw80
0,0,0,0,0,0,0,0,1,1,1,1,1,1,1,1,1,1,1,1,1,1,1,1,1,1,0,5796020,1,0,1152,49634,dscw80
0,0,0,1,1,1,1,1,1,1,1,1,1,1,1,1,1,1,1,1,1,1,1,1,1,1,0,257973,1,1,1152,49634,dscw80
0,0,0,0,0,0,0,1,3,5,6,6,6,6,7,7,7,7,7,8,8,8,8,8,8,8,0,22175475,8,0,1151,49440,dscw80
0,0,0,0,0,0,1,2,2,2,2,2,2,2,2,2,2,2,2,2,2,2,2,2,2,2,0,2709968,2,1,1152,49634,dscw80
0,0,0,0,0,0,0,0,0,0,0,1,1,1,1,1,1,1,2,2,2,2,2,2,2,2,0,1195988,2,0,1152,49634,dscw80
0,0,0,0,0,0,0,0,0,0,0,0,0,0,0,0,0,0,0,0,1,1,1,1,1,1,0,128469,1,0,1152,49634,dscw80
0,0,0,1,4,5,6,6,6,6,6,6,6,6,7,8,8,8,8,8,8,9,9,9,9,9,0,37333701,9,1,1151,49440,dscw80
0,0,1,1,1,1,1,1,1,1,1,2,2,2,2,2,2,2,2,2,2,2,2,2,2,2,0,258919,2,1,1152,49634,dscw80
0,0,0,0,0,0,0,0,1,2,2,2,2,2,2,2,2,2,2,2,2,2,2,2,2,2,0,226666,2,1,1151,49440,dscw80
0,0,0,1,1,1,2,2,2,3,3,3,3,3,3,3,4,4,4,4,4,4,4,4,4,4,0,23019771,4,1,1152,49634,dscw80
0,0,0,0,0,1,1,1,1,1,1,1,1,1,1,1,1,1,1,1,2,2,2,2,2,2,0,2012868,2,0,1152,49634,dscw80
0,0,0,0,0,0,0,0,0,1,1,1,1,1,1,2,2,2,2,2,2,2,2,2,2,2,0,2036775,2,0,1173,52590,dscw80
0,0,0,0,0,0,2,3,4,5,5,6,7,8,8,8,8,8,8,8,9,9,9,9,9,9,0,27514200,9,0,1152,49634,dscw80
0,0,0,0,0,0,0,0,0,0,0,0,0,0,1,1,1,1,1,1,1,1,1,1,1,1,0,1898,1,1,1152,49634,dscw80
0,1,2,2,2,2,2,2,2,2,2,2,2,2,2,2,2,2,2,2,2,2,2,2,2,2,0,1234810,2,0,1151,49440,dscw80
0,0,0,0,0,0,0,0,0,0,0,0,0,0,0,0,0,0,0,0,1,1,1,1,1,1,0,97623,1,1,1151,49440,dscw80
0,0,0,0,0,2,7,7,7,9,10,12,12,12,13,14,14,14,14,14,15,15,16,16,16,16,0,48630867,16,1,1152,49634,dscw80
0,0,0,0,0,0,0,0,0,0,0,0,0,0,0,0,0,0,0,0,0,0,1,1,1,1,0,257750,1,1,1151,49440,dscw80
0,1,1,1,1,1,1,1,1,1,1,1,1,1,1,1,1,1,1,1,1,1,1,1,1,1,0,1793,1,1,1151,49440,dscw80
0,0,0,0,0,0,0,0,0,0,1,1,1,1,1,1,1,1,1,1,1,1,1,1,1,1,0,3012,1,1,1152,49634,dscw80
0,0,0,0,0,0,0,0,0,0,0,0,0,0,0,2,2,2,2,2,2,2,2,2,2,2,0,10771448,2,0,1151,49440,dscw80
0,0,0,0,0,0,0,0,1,1,1,1,1,1,1,1,1,1,1,1,1,1,1,1,1,1,0,2408,1,1,1152,49634,dscw80
0,0,0,0,0,0,0,0,0,0,0,1,1,1,1,1,1,1,1,1,1,1,1,1,1,1,0,7483,1,1,1173,49440,dscw80
0,0,0,0,0,0,0,0,0,0,0,0,0,0,0,1,1,1,1,1,1,1,1,1,1,1,0,257424,1,1,1152,49634,dscw80
0,0,0,0,0,1,1,1,1,1,1,2,2,2,2,2,2,2,2,2,2,2,2,2,2,2,0,515571,2,1,1151,49440,dscw80
0,0,0,0,0,0,0,0,0,0,0,0,0,0,0,1,1,1,1,1,2,3,3,3,3,3,0,496443,3,1,1173,49440,dscw80
0,0,0,0,0,0,0,0,0,0,0,0,0,0,0,0,0,0,0,0,0,1,1,1,1,1,0,13749278,1,0,1152,49634,dscw80
0,0,0,0,0,0,1,1,1,1,1,1,1,1,1,1,1,1,1,1,1,1,1,1,1,1,0,257567,1,1,1151,49440,dscw80
0,0,0,0,0,0,0,1,1,1,1,2,2,2,2,2,2,2,2,2,2,2,2,2,2,2,0,1833593,2,1,1152,49634,dscw80
0,0,0,0,0,0,0,0,0,0,0,0,0,0,0,0,0,0,0,0,1,1,1,1,1,1,0,1832,1,1,1152,49634,dscw80
0,0,0,0,0,0,0,0,0,0,0,0,0,0,1,1,1,1,1,1,1,1,1,1,1,1,0,257779,1,1,1152,49634,dscw80
0,0,0,0,0,1,1,1,1,1,1,1,1,1,1,1,1,1,1,1,1,1,1,1,1,1,0,2675,1,1,1152,49634,dscw80
0,0,1,2,2,2,2,2,3,3,3,3,3,3,3,3,3,3,3,3,3,3,3,3,3,3,0,11748850,3,1,1152,49634,dscw80
0,0,0,2,2,3,4,5,5,5,5,5,6,6,6,7,7,7,7,7,7,8,8,8,8,8,0,13803218,8,1,1152,49634,dscw80
0,0,0,0,1,3,3,3,4,4,6,8,8,8,8,8,8,9,10,11,11,12,12,12,12,12,0,41908729,12,0,1152,49634,dscw80
0,0,0,0,0,0,0,0,0,0,0,0,0,0,0,0,0,0,0,0,0,0,1,1,1,1,0,817112,1,0,1152,49634,dscw80
0,0,0,0,0,1,1,1,1,1,1,1,1,1,1,1,1,1,1,1,1,1,1,1,1,1,0,2232,1,1,1152,49634,dscw80
0,0,0,0,1,1,1,1,1,1,1,1,1,1,1,1,1,1,1,1,1,1,1,1,1,1,0,257972,1,1,1152,49634,dscw80
0,0,0,0,0,0,0,0,0,0,0,0,0,0,0,0,1,1,1,1,2,2,2,2,2,2,0,385923,2,0,1152,49634,dscw80
0,0,0,0,0,0,0,0,0,0,0,0,0,0,0,0,0,0,1,1,1,1,1,1,1,1,0,258188,1,1,1152,49634,dscw80
0,0,0,0,0,0,0,0,1,1,1,1,1,1,1,1,1,1,1,1,1,1,1,1,1,1,0,259599,1,0,1151,49440,dscw80
0,0,0,1,1,1,1,1,1,1,1,1,1,1,1,1,1,1,1,1,1,1,1,1,1,1,0,257805,1,1,1152,49634,dscw80
0,0,0,0,0,1,1,1,1,1,1,1,1,1,1,1,1,1,1,1,1,1,1,1,1,1,0,2636,1,0,1151,49440,dscw80
0,0,0,0,1,1,1,1,1,2,2,2,2,2,2,2,2,2,2,2,2,2,2,2,2,2,0,8212887,2,1,1152,49634,dscw80
0,0,0,0,1,2,2,2,2,2,2,2,2,2,2,2,2,2,2,2,2,2,2,2,2,2,0,8473123,2,0,1151,49440,dscw80
0,0,0,0,0,0,0,0,0,0,0,0,0,0,1,1,1,1,1,1,1,1,1,1,1,1,0,9115458,1,0,1173,52590,dscw80
0,0,0,0,1,1,1,2,3,3,3,3,3,3,3,3,3,3,3,3,3,3,3,3,3,3,0,454197,3,1,1152,49634,dscw80
0,0,0,0,0,0,0,0,0,0,0,1,1,1,1,1,1,2,2,2,2,2,2,2,2,2,0,485072,2,1,1152,49634,dscw80
0,1,1,1,1,1,1,1,1,1,1,1,1,1,1,1,1,1,1,1,1,1,1,1,1,1,0,3101964,1,0,1152,49634,dscw80
0,0,1,5,5,6,6,6,6,6,6,6,6,6,6,6,6,6,6,6,6,7,9,9,9,9,0,21154323,9,0,1181,49634,dscw80
0,0,0,1,1,1,1,1,1,1,1,1,1,1,1,1,1,1,1,1,1,1,1,1,1,1,0,128675,1,0,1173,52590,dscw80
0,0,0,0,0,0,0,0,0,1,1,1,1,1,1,1,1,1,1,1,1,1,1,1,1,1,0,7148936,1,1,1151,49440,dscw80
0,0,0,0,0,0,0,1,1,1,1,1,1,1,1,1,1,1,1,1,1,1,1,1,1,1,0,1471,1,1,1181,53188,dscw80
0,0,0,0,0,0,0,0,0,0,0,0,0,0,0,0,0,0,0,0,1,1,1,1,1,1,0,258015,1,0,1152,49634,dscw80
0,0,0,0,2,2,3,3,3,3,3,3,3,3,3,3,3,3,3,3,3,3,4,4,4,4,0,1974658,4,1,1152,49634,dscw80
0,0,0,0,0,0,0,0,0,0,0,0,1,1,1,1,1,1,1,1,1,1,1,1,1,1,0,258159,1,1,1151,49440,dscw80
0,0,0,0,0,1,1,1,1,1,1,1,1,1,1,1,1,1,1,1,1,1,1,1,1,1,0,7279,1,1,1152,49634,dscw80
0,0,0,0,0,0,0,0,0,0,0,0,0,0,0,0,0,0,1,1,1,1,1,1,1,1,0,2698,1,0,1181,49634,dscw80
0,0,0,0,0,0,1,1,1,1,1,1,1,1,1,1,1,1,1,1,1,1,1,1,1,1,0,1128635,1,1,1152,49634,dscw80
0,0,0,0,0,1,1,1,1,1,1,1,1,1,1,1,1,1,1,1,1,1,1,1,1,1,0,257519,1,1,1151,49440,dscw80
0,0,0,0,1,1,1,1,1,1,1,1,1,1,1,1,1,1,1,1,1,1,1,1,1,1,0,7460,1,1,1152,49634,dscw80
0,0,0,0,0,0,0,0,1,1,2,2,2,2,2,2,2,2,2,2,2,2,2,2,2,2,0,516489,2,1,1151,49440,dscw80
0,0,0,0,1,1,1,1,1,1,1,1,1,1,1,1,1,2,2,2,2,2,2,2,2,2,0,131659,2,0,1152,49634,dscw80
0,0,0,0,0,0,0,0,0,0,0,0,0,0,0,0,0,0,2,2,4,4,4,4,4,4,0,9168307,4,0,1173,49440,dscw80
0,0,1,1,1,1,1,1,1,1,1,1,1,1,1,1,1,1,1,1,1,1,1,1,1,1,0,2048,1,1,1152,49634,dscw80
0,0,0,1,3,4,4,5,5,5,5,5,5,5,5,6,6,7,7,7,7,7,7,7,7,7,0,10240766,7,0,1151,49440,dscw80
0,0,0,0,0,0,0,0,0,0,0,1,1,1,1,1,1,1,1,1,1,1,1,1,1,1,0,1657,1,1,1152,49634,dscw80
0,0,0,0,1,1,1,1,1,1,1,1,1,1,1,1,1,1,1,1,1,1,1,1,1,1,0,1259064,1,1,1173,52590,dscw80
0,0,0,1,1,2,2,2,3,3,3,3,3,3,3,3,3,3,3,3,3,3,3,3,3,3,0,6185564,3,1,1152,49634,dscw80
0,0,0,1,5,18,39,61,79,90,101,107,117,121,127,129,133,136,140,142,162,168,172,173,173,174,0,512432331,174,0,1152,49634,dscw80
0,0,0,0,1,1,1,1,1,1,1,1,1,1,1,1,1,1,1,1,1,1,1,1,1,1,0,1436,1,1,1152,49634,dscw80
0,0,0,0,0,0,0,0,0,0,0,0,0,0,0,0,0,0,0,0,0,0,1,1,1,1,0,3387601,1,0,1152,49634,dscw80
0,0,0,0,0,0,0,0,0,0,1,1,1,1,1,1,1,1,1,1,1,1,1,1,1,1,0,5290124,1,0,1152,49634,dscw80
0,0,0,0,1,1,1,1,1,1,1,2,2,3,3,3,3,3,3,3,3,3,3,3,3,3,0,3757811,3,0,1152,49634,dscw80
0,0,0,1,1,1,2,4,4,4,4,4,4,4,4,4,5,5,5,5,5,5,5,5,5,5,0,4761639,5,1,1152,49634,dscw80
0,0,0,0,0,0,0,1,1,1,3,3,3,3,3,3,3,3,3,3,4,4,4,4,4,4,0,602496,4,0,1152,49634,dscw80
0,0,0,0,0,0,0,4,4,4,4,4,4,5,6,6,6,6,6,6,6,6,6,6,6,6,0,14198661,6,0,1151,49634,dscw80
0,0,0,1,1,1,1,1,1,1,1,1,1,1,1,1,1,1,1,1,1,1,1,1,1,1,0,1400,1,1,1151,49440,dscw80
0,0,0,0,0,0,0,0,0,0,0,0,1,1,1,1,1,1,1,1,1,1,1,1,1,1,0,1952988,1,1,1152,49634,dscw80
0,0,0,0,0,1,1,1,1,1,1,1,2,2,2,2,2,2,2,2,2,2,2,2,2,2,0,2107296,2,0,1152,49634,dscw80
0,0,0,0,1,1,1,1,1,1,1,1,1,1,1,1,1,1,1,1,1,1,1,1,1,1,0,258164,1,1,1151,49440,dscw80
0,0,0,1,1,1,1,1,1,1,1,1,1,1,1,1,1,1,1,1,1,1,1,1,1,1,0,1753,1,1,1152,49634,dscw80
0,0,0,0,0,0,1,1,1,1,1,2,2,2,2,2,2,2,2,2,2,2,2,2,2,2,0,515164,2,0,1152,49634,dscw80
0,0,0,0,0,0,0,0,0,0,0,0,0,1,1,1,1,1,1,1,1,1,1,1,1,1,0,128747,1,1,1173,49634,dscw80
0,0,0,0,0,0,0,0,0,0,0,0,0,0,0,0,0,0,0,0,0,0,1,1,2,2,0,5482821,2,0,1173,49440,dscw80
0,0,0,0,0,0,0,0,0,0,1,1,1,1,1,1,1,1,1,1,1,2,2,2,2,2,0,11283895,2,0,1151,49440,dscw80
0,0,0,0,3,7,14,18,21,23,28,30,30,32,35,35,36,36,38,38,41,42,44,44,44,44,0,152011152,44,0,1152,49634,dscw80
0,0,0,0,0,0,0,0,0,0,0,2,2,3,4,4,4,4,4,4,4,4,4,4,4,4,1,2109399,5,0,1173,49440,dscw80
0,0,0,0,0,0,1,1,1,2,2,2,3,4,4,4,4,4,4,5,5,5,5,5,5,5,0,3041836,5,1,1152,49634,dscw80
0,0,1,2,2,2,2,2,2,2,2,2,2,2,2,2,2,2,2,2,2,2,2,2,2,2,0,44736,2,0,1181,53188,dscw80
0,0,0,0,0,0,0,0,1,1,1,1,1,1,1,1,1,1,1,1,1,1,1,1,1,1,0,128907,1,1,1152,49634,dscw80
0,0,0,0,0,0,1,2,2,2,2,2,2,2,2,2,2,2,2,2,2,2,2,2,2,2,0,8312782,2,1,1151,49440,dscw80
0,0,0,0,0,0,0,0,0,0,0,0,1,1,1,1,1,1,1,1,2,2,2,2,2,2,0,55333,2,0,1152,49634,dscw80
0,0,0,0,1,1,2,2,2,2,2,3,3,3,3,3,3,3,3,3,4,4,4,4,4,4,0,1228190,4,1,1152,49634,dscw80
0,0,0,0,0,0,0,0,0,0,0,0,0,0,0,1,1,1,1,1,1,1,1,1,1,1,0,2112,1,1,1152,49634,dscw80
0,0,0,0,0,0,0,0,0,0,0,0,1,1,2,2,2,2,2,2,4,5,5,5,6,6,0,13655326,6,0,1173,49440,dscw80
0,0,0,0,0,0,0,0,0,0,0,1,1,1,1,1,1,1,1,1,1,1,1,1,1,1,0,2095,1,1,1152,49634,dscw80
0,0,0,0,0,0,0,0,0,0,0,0,0,0,0,0,0,0,0,0,0,0,0,1,1,1,0,1521,1,0,1152,49634,dscw80
0,0,0,3,4,7,8,9,9,10,10,10,10,10,10,10,10,10,10,10,10,10,10,10,10,10,0,36304168,10,0,1152,49634,dscw80
0,0,0,0,0,2,3,3,3,3,3,3,3,3,3,3,3,3,3,3,3,4,4,4,4,4,0,11077735,4,0,1181,53188,dscw80
0,0,0,0,0,0,0,0,0,0,0,0,0,0,0,1,1,1,1,1,1,1,1,1,1,1,0,12910550,1,1,1152,49634,dscw80
0,0,0,0,0,0,1,2,3,4,5,7,8,8,8,8,9,9,9,9,10,10,10,10,10,10,0,44300199,10,0,1152,49634,dscw80
0,0,0,0,0,0,0,0,0,0,0,0,0,0,0,0,0,1,1,1,2,5,7,9,10,10,0,22996184,10,0,1181,53188,dscw80
0,0,0,0,0,0,0,0,0,0,0,1,1,1,1,1,1,1,1,1,1,1,1,1,1,1,0,257989,1,1,1152,49634,dscw80
0,0,0,0,0,0,0,0,0,0,0,0,0,0,0,0,0,0,0,0,1,1,1,1,1,1,0,3534414,1,1,1152,49634,dscw80
0,0,0,0,0,0,1,2,2,2,2,2,2,5,5,5,5,5,5,5,5,5,5,5,5,5,0,138355,5,1,1152,49634,dscw80
0,0,0,0,0,0,1,1,2,2,4,4,4,4,4,4,4,4,4,4,4,4,4,4,4,4,0,6858836,4,0,1152,49634,dscw80
0,0,0,0,0,0,0,0,0,0,0,0,0,0,0,0,0,0,1,1,1,1,1,1,1,1,0,10017,1,1,1152,49634,dscw80
0,0,1,1,1,1,1,1,1,1,1,1,1,1,1,1,1,1,1,1,1,1,1,1,1,1,0,129625,1,0,1152,49634,dscw80
0,0,0,0,0,1,1,2,3,4,4,4,5,5,5,5,5,5,5,5,5,5,5,5,5,5,0,39337577,5,0,1152,49634,dscw80
0,0,0,0,0,0,0,1,1,1,1,1,1,1,1,1,1,1,1,1,1,1,1,1,1,1,0,2410,1,1,1152,49634,dscw80
0,0,0,0,0,1,1,1,1,1,1,1,1,1,1,1,1,1,1,1,1,1,1,1,1,1,0,259572,1,0,1152,49634,dscw80
0,0,0,0,0,0,0,0,0,0,0,0,0,0,0,0,0,0,0,0,0,1,1,1,1,1,0,1069163,1,0,1151,49440,dscw80
0,0,0,0,0,1,1,1,1,1,1,1,1,1,1,1,1,1,1,1,1,1,1,1,1,1,0,6219420,1,1,1152,49634,dscw80
0,0,0,0,0,0,1,1,1,1,1,1,1,1,1,1,1,1,1,1,1,1,1,1,1,1,0,257529,1,1,1152,49634,dscw80
0,0,0,0,0,0,0,0,0,0,0,0,1,1,1,1,1,1,1,1,1,1,1,1,1,1,0,5654125,1,0,1152,49634,dscw80
0,0,0,1,2,2,2,3,3,3,3,3,3,3,3,3,3,3,3,3,3,3,3,3,3,3,0,3678561,3,0,1173,52590,dscw80
0,0,0,0,1,1,1,1,1,1,1,1,1,1,1,1,1,1,1,1,1,1,1,1,1,1,0,2669,1,1,1173,52590,dscw80
0,0,0,2,12,44,86,119,146,170,198,214,228,235,245,251,259,264,272,274,291,295,298,302,303,305,0,874875967,305,0,1152,49634,dscw80
0,0,0,0,0,0,0,1,1,1,1,1,1,1,1,2,2,2,2,2,2,2,2,2,2,2,0,259766,2,1,1152,49634,dscw80
0,0,0,0,0,0,0,0,1,1,1,1,1,1,1,1,1,1,1,1,2,2,2,2,2,2,0,385685,2,1,1151,49440,dscw80
0,0,0,0,0,0,0,0,0,0,0,0,0,1,1,1,1,1,1,1,1,1,1,1,1,1,0,6652,1,1,1152,49634,dscw80
0,0,0,0,0,0,0,0,0,0,0,1,1,1,1,1,1,2,2,2,3,3,3,5,6,6,0,6785023,6,0,1152,49634,dscw80
0,0,0,0,1,2,3,3,3,4,4,4,5,5,5,5,5,5,5,5,6,6,6,6,6,6,0,5736743,6,1,1152,49634,dscw80
0,0,0,0,1,1,1,1,1,2,2,2,2,2,2,2,2,2,2,2,2,2,2,2,2,2,0,3012187,2,0,1151,49440,dscw80
0,0,0,1,2,2,2,2,2,2,2,2,3,3,3,3,3,3,3,3,3,3,3,3,3,3,0,2261520,3,0,1152,49634,dscw80
0,0,0,0,0,0,0,0,0,0,0,0,0,0,0,0,0,0,0,0,1,1,1,1,1,1,0,128552,1,1,1181,53188,dscw80
0,0,0,0,0,0,0,0,0,0,1,1,1,1,1,1,1,1,1,1,1,1,1,1,1,1,0,9580853,1,1,1151,49440,dscw80
0,0,0,1,1,2,2,4,4,5,5,5,5,5,5,5,5,5,5,5,5,5,5,5,5,5,0,106035,5,1,1151,49440,dscw80
0,0,0,0,1,1,1,1,1,1,1,1,1,1,1,1,1,1,1,1,1,1,1,1,1,1,0,257404,1,1,1152,49634,dscw80
0,0,0,0,5,36,69,87,114,133,152,167,193,203,209,218,221,226,231,233,240,247,254,256,257,259,0,740039814,259,0,1152,49634,dscw80
0,0,0,0,0,0,0,0,0,0,1,1,1,2,2,2,2,2,2,2,2,2,2,2,2,2,0,15960255,2,0,1152,49634,dscw80
0,0,0,0,1,6,10,13,16,17,19,19,21,22,23,24,24,24,24,24,25,25,25,25,25,25,0,71270319,25,0,1151,49440,dscw80
0,0,0,0,0,0,1,2,2,2,3,3,3,3,3,3,3,3,3,3,3,3,3,3,3,3,0,584339,3,1,1152,49634,dscw80
0,0,1,4,4,5,7,8,8,9,9,9,9,9,9,9,10,10,10,10,10,10,10,10,10,10,0,42040709,10,1,1152,49634,dscw80
0,0,1,1,1,1,1,1,1,1,1,1,1,1,1,1,1,1,1,1,1,1,1,1,1,1,0,267866,1,0,1181,49634,dscw80
0,0,0,0,0,0,0,0,1,1,1,2,2,2,2,2,2,2,2,2,2,2,2,2,2,2,0,7421645,2,0,1151,49440,dscw80
0,0,0,0,1,4,8,10,10,11,11,11,12,12,12,12,13,13,13,13,14,14,14,14,14,14,0,4486458,14,1,1152,49634,dscw80
0,0,0,0,0,0,1,1,1,1,1,1,1,1,1,1,1,1,1,1,1,1,1,1,1,1,0,3026905,1,0,1181,49634,dscw80
0,0,0,1,1,1,1,1,1,1,1,1,1,1,1,1,1,1,1,1,1,1,1,1,1,1,0,1683283,1,0,1152,49634,dscw80
0,0,0,1,1,1,1,1,1,3,3,3,3,4,4,5,5,5,5,5,6,7,7,7,7,7,0,15149629,7,0,1151,49440,dscw80
0,0,0,0,0,0,0,0,0,0,0,0,0,1,3,5,7,7,8,9,10,13,15,15,15,15,0,37730261,15,0,1173,49440,dscw80
0,0,0,0,0,0,0,0,0,1,1,1,1,1,1,1,1,1,1,1,1,1,1,1,1,1,0,1949390,1,0,1151,49440,dscw80
0,0,0,0,0,2,3,4,4,4,4,4,6,6,6,6,6,6,6,6,6,6,6,6,6,6,0,520798,6,1,1152,49634,dscw80
0,0,1,3,3,3,3,3,3,3,3,3,3,4,4,4,4,4,4,4,5,5,5,5,5,5,0,230818,5,1,1151,49440,dscw80
0,0,1,1,2,2,2,2,2,2,2,2,2,2,2,2,2,2,2,2,2,2,2,2,2,2,0,323515,2,1,1151,49440,dscw80
0,0,0,0,0,1,1,1,1,1,1,1,1,1,1,1,1,1,1,1,1,1,1,1,1,1,0,257813,1,0,1152,49634,dscw80
0,0,0,0,1,2,3,3,4,5,5,5,6,6,6,6,6,6,6,6,6,6,6,6,6,6,0,27577854,6,0,1152,49634,dscw80
0,0,0,1,1,1,1,1,1,1,1,1,1,1,1,1,1,1,1,1,1,1,1,1,1,1,0,34731,1,1,1151,49634,dscw80
0,0,0,0,0,2,2,4,4,5,6,6,6,6,6,6,6,6,6,6,6,6,6,6,6,6,0,15210093,6,1,1152,49634,dscw80
0,0,0,0,0,0,1,1,1,1,1,2,2,2,2,2,2,2,2,2,2,2,2,2,2,2,0,1469231,2,0,1173,49440,dscw80
0,0,0,0,2,9,22,37,58,63,67,69,73,76,80,83,84,84,85,88,94,97,97,98,99,99,0,271198405,99,0,1152,49634,dscw80
0,0,0,0,0,0,0,0,0,0,0,0,0,0,0,0,0,0,0,0,0,2,2,2,2,2,0,1476134,2,0,1152,49634,dscw80
0,0,1,1,2,2,2,2,2,2,2,2,2,2,2,2,2,2,2,2,2,2,2,2,2,2,0,453948,2,1,1152,49634,dscw80
0,0,0,0,1,1,1,1,1,1,1,1,1,1,1,1,1,1,1,1,1,1,1,1,1,1,0,257405,1,1,1152,49634,dscw80
0,0,0,0,0,0,0,0,0,0,0,0,0,0,0,0,1,1,1,1,1,1,1,1,1,1,0,3993525,1,0,1173,52590,dscw80
0,0,0,0,1,1,1,1,1,1,1,1,1,1,1,1,1,1,1,1,1,1,1,1,1,1,0,3223853,1,1,1152,49634,dscw80
0,0,0,0,0,0,0,0,0,0,0,0,0,0,0,0,0,0,0,0,0,1,1,1,1,1,0,257871,1,0,1181,53188,dscw80
0,0,0,1,2,2,4,4,6,8,8,8,8,8,8,8,8,8,8,8,8,8,9,9,9,9,0,23329297,9,0,1152,49634,dscw80
0,0,0,0,3,3,4,4,4,4,4,5,5,5,5,5,5,5,5,5,5,5,5,5,5,5,0,23810824,5,1,1151,49440,dscw80
0,0,0,0,1,2,2,5,5,5,5,5,5,5,5,5,5,5,5,5,5,5,5,5,5,5,0,91145,5,1,1152,49634,dscw80
0,0,0,0,0,1,1,1,1,1,1,1,1,1,1,1,1,1,1,1,1,1,1,1,1,1,0,43816,1,0,1152,49634,dscw80
0,0,0,0,2,2,2,2,2,2,2,2,2,2,2,2,2,2,2,2,2,2,2,2,2,2,0,2435021,2,0,1152,49634,dscw80
0,0,0,0,0,0,0,1,1,1,1,1,1,1,1,1,1,1,1,1,1,1,1,1,1,1,0,3158930,1,1,1151,49634,dscw80
0,0,0,0,0,0,0,0,0,0,0,1,1,1,1,1,1,1,1,1,1,1,1,1,1,1,0,2355407,1,0,1152,52590,dscw80
0,0,0,0,1,1,4,5,7,10,10,10,10,10,10,10,10,10,10,10,10,10,10,10,10,10,0,406114,10,1,1152,49634,dscw80
0,0,0,0,0,0,0,0,0,0,0,0,0,0,0,0,0,0,0,0,0,0,0,0,0,1,0,10932,1,1,1151,49440,dscw80
0,0,0,0,0,0,0,0,1,2,2,2,2,2,2,2,2,2,2,2,2,2,2,2,2,2,0,257658,2,1,1152,49634,dscw80
0,0,0,0,0,0,0,0,0,0,0,0,0,1,1,1,1,1,1,1,1,1,1,1,1,1,0,257588,1,0,1152,49634,dscw80
0,0,1,1,1,1,1,1,1,1,1,1,1,1,1,1,1,1,1,1,1,1,1,1,1,1,0,1441096,1,1,1152,49634,dscw80
0,0,0,0,1,1,1,1,1,1,1,1,1,1,1,1,1,1,1,1,1,1,1,1,1,1,0,19573706,1,1,1151,49440,dscw80
0,0,0,0,0,1,1,1,1,1,1,2,2,2,2,2,2,2,2,2,2,2,2,2,2,2,0,515795,2,1,1151,49440,dscw80
0,0,0,0,0,0,0,0,0,0,0,0,0,1,1,1,1,1,1,1,1,1,1,1,1,1,0,1621,1,1,1173,49440,dscw80
0,0,0,0,0,0,0,0,1,1,2,2,2,3,3,3,3,3,3,3,3,3,3,3,3,3,0,702700,3,1,1173,49634,dscw80
0,0,0,0,0,0,0,1,1,1,1,1,1,2,2,2,2,2,2,2,2,2,2,2,2,2,0,4026,2,0,1152,49634,dscw80
0,0,0,0,0,1,1,1,1,1,1,1,1,1,1,1,1,1,1,1,1,1,1,1,1,1,0,4082,1,0,1151,49440,dscw80
0,0,1,3,4,4,4,4,4,4,4,4,4,4,4,4,4,4,4,4,4,4,4,4,4,4,0,1030403,4,1,1181,53188,dscw80
0,0,0,0,0,0,1,1,1,1,1,1,1,1,1,1,1,1,1,1,1,1,1,1,1,1,0,1293,1,0,1152,49634,dscw80
0,0,0,0,0,0,0,0,0,0,0,0,0,0,0,1,1,1,1,1,1,1,1,1,1,1,0,1817819,1,0,1151,49440,dscw80
0,0,1,1,1,1,1,1,1,1,1,1,1,1,1,1,1,1,1,1,1,1,1,1,1,1,0,8008324,1,1,1152,49634,dscw80
0,2,3,3,3,3,3,3,3,3,3,3,3,3,3,3,3,3,3,3,3,3,3,3,3,3,0,14691447,3,0,1152,49634,dscw80
0,0,0,1,1,1,1,1,1,1,1,1,1,1,1,1,1,1,1,1,1,1,1,1,1,1,0,257755,1,0,1152,49634,dscw80
0,0,0,0,0,0,0,0,0,0,0,0,0,0,1,1,1,1,1,1,1,1,1,1,1,1,0,2022780,1,1,1151,49440,dscw80
0,0,0,0,0,0,0,1,1,1,1,1,1,1,1,1,1,1,1,1,1,1,1,1,1,1,0,790521,1,1,1152,49634,dscw80
0,0,0,0,0,0,0,1,2,2,3,5,6,8,10,10,10,10,10,10,12,12,12,12,13,13,0,26652963,13,0,1151,49440,dscw80
0,0,0,0,0,0,0,0,0,1,2,2,3,3,3,3,3,3,3,3,4,4,4,4,4,4,0,517415,4,1,1152,49634,dscw80
0,0,0,0,0,1,1,1,1,1,1,1,1,1,1,1,1,1,1,1,1,1,1,1,1,1,0,259388,1,0,1173,52590,dscw80
0,0,0,0,0,1,1,1,1,1,1,1,1,1,1,1,1,1,1,1,1,1,1,1,1,1,0,259585,1,0,1181,49634,dscw80
0,0,0,1,1,1,1,3,3,3,3,3,3,3,3,3,3,3,3,3,5,5,5,5,5,5,0,25276083,5,0,1152,49634,dscw80
0,0,0,1,2,4,4,4,4,4,4,4,4,4,4,4,4,4,4,4,4,4,4,4,4,4,0,2983047,4,1,1152,49634,dscw80
0,0,0,0,0,0,1,1,1,1,1,1,1,1,1,1,1,1,1,1,1,1,1,1,1,1,0,11625887,1,1,1151,49440,dscw80
0,0,0,0,0,0,0,0,0,0,0,0,1,1,1,1,1,1,1,1,1,1,1,1,1,1,0,6861632,1,0,1152,49634,dscw80
0,0,0,0,0,0,0,0,0,0,0,0,0,0,0,0,1,1,1,1,2,2,2,2,2,2,0,3203927,2,1,1152,49634,dscw80
0,0,0,1,1,1,1,1,1,1,1,1,1,1,1,1,1,1,1,1,1,1,1,1,1,1,0,129595,1,1,1152,49634,dscw80
0,0,0,0,0,0,0,0,1,1,1,2,2,2,2,2,2,2,2,2,2,2,2,2,2,2,0,259797,2,1,1152,49634,dscw80
0,0,0,0,2,2,2,2,2,3,3,3,3,3,3,3,3,3,3,3,3,3,3,3,3,3,0,38145214,3,0,1173,52590,dscw80
0,0,0,0,4,14,28,39,45,49,56,64,68,68,69,69,71,71,71,73,77,78,78,78,78,78,0,294405778,78,1,1152,49634,dscw80
0,0,0,0,0,0,1,1,1,1,1,1,1,1,1,1,1,1,1,1,1,1,1,1,1,1,0,354034,1,0,1152,49634,dscw80
0,0,0,0,0,0,0,0,0,1,1,1,1,1,1,1,1,1,1,1,1,1,1,1,1,1,0,5029866,1,1,1151,49440,dscw80
0,0,0,0,0,0,0,0,0,0,0,0,1,1,1,1,1,1,1,1,1,1,1,1,1,1,0,2009417,1,0,1173,52590,dscw80
0,0,0,0,0,4,5,6,6,8,8,9,9,9,9,9,9,10,11,11,11,11,11,11,11,11,0,29664932,11,1,1151,49440,dscw80
0,0,0,0,0,0,0,0,0,0,0,0,0,0,0,0,0,0,1,1,1,1,1,1,1,1,0,1868940,1,0,1152,49634,dscw80
0,0,1,1,1,1,1,1,1,1,1,1,1,1,1,1,1,1,1,1,1,1,1,1,1,1,0,128545,1,1,1152,49634,dscw80
0,0,0,0,0,0,0,0,0,0,0,0,0,0,0,0,1,1,1,1,1,1,1,1,1,1,0,10737484,1,1,1151,49440,dscw80
0,0,0,0,0,0,0,0,0,0,0,1,1,1,1,1,1,1,1,1,1,1,1,1,1,1,0,128313,1,0,1181,49634,dscw80
0,0,0,0,0,1,1,1,1,1,1,1,1,1,1,1,1,1,1,1,1,1,1,1,1,1,0,8267210,1,0,1152,49634,dscw80
0,0,0,0,0,0,1,1,1,1,2,2,2,3,3,3,3,3,3,3,3,3,4,4,4,4,0,14746422,4,0,1152,49634,dscw80
0,0,0,0,0,0,0,0,0,0,0,0,1,1,1,1,1,1,1,1,1,2,2,2,2,2,0,3247142,2,0,1152,49634,dscw80
0,0,0,0,1,2,4,5,5,6,7,7,7,8,8,8,8,8,8,8,8,8,8,9,9,9,0,16364817,9,0,1173,52590,dscw80
0,0,0,1,1,1,1,1,1,1,1,1,1,1,1,1,1,1,1,1,1,2,2,2,2,2,0,4058320,2,0,1152,49634,dscw80
0,0,0,0,0,0,1,1,1,1,1,1,1,1,1,1,1,1,1,1,2,2,2,2,2,2,0,2567,2,1,1152,49634,dscw80
0,0,0,0,0,0,0,0,0,0,0,0,0,0,0,0,0,0,0,0,1,1,1,1,1,1,0,1165,1,1,1173,49440,dscw80
0,0,0,0,0,0,0,0,0,0,0,0,0,0,0,0,0,0,0,0,0,0,0,1,1,1,0,6433,1,1,1173,49440,dscw80
0,0,0,0,0,0,0,0,0,1,1,1,1,1,1,1,1,2,2,2,2,2,2,2,2,2,0,7554042,2,0,1152,49634,dscw80
0,0,0,0,0,0,0,0,0,0,0,0,0,0,0,0,0,0,1,1,1,1,1,1,1,1,0,2554955,1,0,1152,49634,dscw80
0,0,0,0,0,0,0,0,0,0,0,0,2,2,2,2,2,2,2,2,2,2,2,2,2,2,0,3930542,2,0,1173,49440,dscw80
0,0,0,0,1,1,1,1,1,1,1,1,1,1,1,1,1,1,1,1,1,1,1,1,1,1,0,2283949,1,1,1152,49634,dscw80
0,0,1,1,1,1,1,1,1,1,1,1,1,1,1,1,1,1,1,1,1,1,1,1,1,1,0,4088,1,1,1152,49634,dscw80
0,0,1,1,1,1,2,2,2,2,2,2,2,2,2,2,2,2,2,2,2,2,2,2,2,2,0,1416173,2,1,1152,49634,dscw80
0,0,0,0,0,0,0,0,0,0,0,1,1,1,1,1,1,1,1,1,1,1,1,1,1,1,0,10203918,1,1,1152,49634,dscw80
0,0,0,1,1,1,1,1,1,1,1,1,1,1,1,1,1,1,1,1,1,1,1,1,1,1,0,11102341,1,1,1152,49634,dscw80
0,0,0,0,0,0,0,0,0,1,1,1,1,1,1,1,1,1,1,1,1,1,2,2,2,2,0,1730440,2,0,1152,49634,dscw80
0,0,0,0,0,1,1,1,1,1,1,1,1,1,1,1,1,1,1,1,1,1,1,1,1,1,0,32816,1,1,1152,49634,dscw80
0,0,0,1,1,1,1,1,1,1,1,1,1,1,1,1,1,1,1,1,1,1,1,1,1,1,0,257460,1,1,1152,49634,dscw80
0,0,0,3,7,8,8,9,10,10,10,10,11,11,11,11,11,11,11,11,12,12,13,13,13,13,0,36534912,13,0,1152,49634,dscw80
0,0,0,0,3,5,11,15,22,28,30,33,33,35,36,36,36,36,36,36,37,37,40,42,42,42,0,121788728,42,0,1152,49634,dscw80
0,0,0,0,0,0,0,0,0,3,4,5,7,7,7,7,7,8,8,8,8,8,8,8,9,9,0,8419860,9,0,1152,49634,dscw80
0,0,0,0,0,0,0,0,1,1,2,2,2,2,2,2,2,2,2,2,2,2,2,2,2,2,0,20003500,2,1,1152,49634,dscw80
0,0,0,0,0,0,1,1,1,1,1,1,1,1,1,1,1,1,1,1,1,1,1,1,1,1,0,6755,1,1,1173,49440,dscw80
0,0,0,0,0,0,0,0,0,1,1,1,1,1,1,1,1,1,1,1,1,1,1,1,1,1,0,3592968,1,0,1152,49634,dscw80
0,0,0,0,0,0,1,1,1,1,1,1,1,1,1,1,1,1,1,1,1,1,1,1,1,1,0,1936198,1,0,1151,49440,dscw80
0,0,0,0,0,0,0,0,0,0,0,0,0,0,0,0,0,0,1,1,1,1,1,1,1,1,0,128506,1,1,1151,49440,dscw80
0,0,1,1,1,2,2,3,3,3,3,3,3,3,3,3,3,3,3,3,3,3,3,3,3,3,0,18124480,3,0,1181,53188,dscw80
0,0,0,0,0,0,0,2,2,2,4,4,4,4,4,4,4,4,4,4,4,4,4,4,4,4,0,11731226,4,0,1151,49440,dscw80
0,0,0,0,0,0,0,0,1,1,1,1,1,1,1,1,1,1,1,1,1,1,1,1,1,1,0,258178,1,1,1151,49440,dscw80
0,0,0,0,0,0,1,1,1,1,2,3,3,4,4,4,4,4,4,4,5,5,5,6,6,6,0,1006962,6,1,1152,49634,dscw80
0,0,0,0,1,1,2,2,2,3,3,3,3,3,3,3,3,3,3,3,3,3,3,3,3,3,0,11688092,3,1,1152,49634,dscw80
0,0,0,0,0,0,0,0,0,1,2,2,2,2,2,2,2,2,2,2,3,3,3,3,3,3,0,767863,3,1,1151,49440,dscw80
0,0,0,0,0,0,0,0,0,0,0,0,0,0,0,0,0,0,0,0,0,0,0,0,0,1,0,1439924,1,0,1173,49440,dscw80
0,0,0,3,5,7,8,9,11,12,13,14,14,14,14,14,14,14,14,14,14,15,15,15,15,15,0,33487211,15,0,1152,49634,dscw80
0,0,0,0,1,1,1,1,1,1,1,1,1,1,1,1,1,1,1,1,1,1,1,1,1,1,0,1885624,1,0,1173,52590,dscw80
0,0,0,1,1,1,2,3,3,3,3,4,4,5,5,5,5,5,5,5,6,6,6,6,6,6,0,31130660,6,0,1152,49634,dscw80
0,0,0,0,0,0,0,0,0,1,1,1,1,1,2,2,2,2,2,2,4,4,4,4,4,4,0,12675657,4,0,1152,49634,dscw80
0,0,0,0,0,0,0,0,1,1,1,1,1,1,1,1,1,1,1,1,1,1,1,1,1,1,0,1836,1,1,1152,49634,dscw80
0,0,1,3,3,3,3,6,7,7,7,7,7,7,7,8,9,9,9,9,9,9,9,9,9,10,0,35527686,10,0,1181,53188,dscw80
0,0,0,0,0,0,0,1,1,1,1,1,1,1,1,1,1,1,1,1,2,4,5,5,5,5,0,5376403,5,0,1152,49634,dscw80
0,0,1,2,2,2,2,2,2,2,2,2,2,2,2,2,2,2,2,2,2,2,2,2,2,2,0,130488,2,0,1152,49634,dscw80
0,0,0,0,0,0,0,0,0,0,0,0,0,1,1,1,1,1,1,1,2,2,2,2,2,2,0,11567345,2,0,1151,49440,dscw80
0,0,1,1,1,1,1,2,2,2,2,2,2,2,2,2,2,2,2,3,3,3,3,3,3,3,0,7147896,3,0,1181,53188,dscw80
0,0,0,0,4,6,6,7,7,8,9,9,10,10,11,11,11,11,11,11,11,11,11,11,11,11,0,1315374,11,1,1151,49440,dscw80
0,0,0,0,0,0,0,0,0,0,0,1,1,1,1,1,1,1,1,1,1,1,1,1,1,1,0,1833,1,1,1173,49634,dscw80
0,0,0,0,0,0,0,0,0,0,0,0,0,0,0,0,0,0,1,1,1,1,1,1,1,1,0,462385,1,0,1152,49634,dscw80
0,0,0,0,0,0,2,2,2,2,2,2,2,2,2,2,2,3,3,3,3,3,3,3,3,3,0,772649,3,1,1151,49440,dscw80
0,0,0,0,0,0,1,1,1,1,1,1,1,1,1,1,1,1,1,1,1,2,2,2,2,2,0,1962515,2,0,1152,49634,dscw80
0,0,0,0,0,0,0,0,0,0,0,1,1,3,3,3,3,3,3,3,3,3,3,3,3,3,0,260340,3,1,1151,49440,dscw80
0,0,0,0,0,1,1,1,1,1,1,1,1,1,1,1,1,1,1,1,1,1,1,1,1,1,0,34191,1,1,1152,49634,dscw80
0,0,0,0,0,0,0,0,0,1,3,4,4,4,4,5,5,5,5,6,7,8,8,8,8,8,0,10737402,8,1,1152,49634,dscw80
0,0,0,1,1,1,1,1,2,2,2,2,2,2,2,2,2,2,2,2,2,2,2,2,2,2,0,4762409,2,1,1152,49634,dscw80
0,0,0,0,1,1,1,2,2,2,2,2,2,2,2,2,2,2,2,2,2,2,2,2,2,2,0,3715079,2,1,1152,49634,dscw80
0,0,0,0,0,0,0,0,0,0,0,0,1,1,1,1,1,1,1,1,1,1,1,1,1,1,0,258822,1,1,1151,49634,dscw80
0,0,0,2,2,2,3,3,3,3,3,3,3,3,3,3,3,3,3,3,3,3,3,3,3,3,0,263139,3,0,1152,49634,dscw80
0,0,0,0,0,0,0,0,0,1,1,1,1,1,1,1,1,1,1,1,1,1,1,1,1,1,0,3005959,1,0,1152,49634,dscw80
0,0,0,0,0,0,0,0,0,0,0,1,2,2,3,3,4,4,5,5,5,5,5,6,6,6,0,18722424,6,0,1173,49440,dscw80
0,0,0,0,0,0,0,0,0,1,1,1,1,1,1,1,1,1,1,1,1,1,2,2,2,2,0,5084070,2,0,1152,49634,dscw80
0,0,0,0,0,0,0,0,0,0,0,0,0,0,0,1,1,1,1,1,1,1,1,1,1,1,0,9151774,1,1,1151,49440,dscw80
0,0,0,0,1,1,1,1,1,1,1,1,1,1,1,1,1,1,1,1,1,1,1,1,1,1,0,1193467,1,0,1173,52590,dscw80
0,0,0,0,0,1,1,1,1,1,1,1,1,1,1,1,1,1,1,1,1,1,1,1,1,1,0,2569,1,1,1152,49634,dscw80
0,0,0,0,0,0,0,0,0,0,0,0,0,0,1,1,1,1,1,1,1,1,1,1,1,1,0,257629,1,1,1152,49634,dscw80
0,0,0,0,0,1,1,1,1,1,1,1,2,2,2,2,2,2,2,2,2,2,2,2,2,2,0,16155583,2,0,1151,49440,dscw80
0,0,0,0,0,0,0,0,0,0,0,0,0,0,0,0,0,1,1,1,1,1,1,1,1,1,0,257623,1,1,1151,49440,dscw80
0,0,0,1,1,1,1,1,1,1,1,1,1,1,1,1,1,1,1,1,1,1,1,1,1,1,0,128306,1,0,1181,53188,dscw80
0,0,0,0,0,1,1,1,1,1,1,1,1,2,3,3,3,3,3,3,3,3,3,3,3,3,0,6062648,3,0,1152,49634,dscw80
0,0,0,0,0,1,1,1,1,2,2,2,2,2,2,2,2,2,2,2,4,4,4,4,4,4,0,8571364,4,0,1173,52590,dscw80
