ttfb_le_5_ms,ttfb_le_10_ms,ttfb_le_15_ms,ttfb_le_20_ms,ttfb_le_25_ms,ttfb_le_30_ms,ttfb_le_35_ms,ttfb_le_40_ms,ttfb_le_45_ms,ttfb_le_50_ms,ttfb_le_55_ms,ttfb_le_60_ms,ttfb_le_65_ms,ttfb_le_70_ms,ttfb_le_75_ms,ttfb_le_80_ms,ttfb_le_85_ms,ttfb_le_90_ms,ttfb_le_95_ms,ttfb_le_100_ms,ttfb_le_150_ms,ttfb_le_200_ms,ttfb_le_300_ms,ttfb_le_400_ms,ttfb_le_500_ms,ttfb_le_1000_ms,ttfb_gt_1000_ms,bytes_sent,requests,is_cache_hit,client_metro,region,maprule
0,0,0,0,0,0,0,0,0,0,1,1,1,1,1,1,1,1,1,1,1,1,1,1,1,1,0,1881,1,0,1151,49634,dscw80
0,0,0,0,0,0,0,0,0,0,0,0,0,0,0,1,1,1,1,1,1,1,1,1,1,1,0,4035242,1,0,1173,52590,dscw80
0,0,0,0,0,0,0,0,0,0,0,0,0,0,0,0,0,0,0,0,0,1,1,1,1,1,0,166661,1,0,1181,49634,dscw80
0,0,0,0,0,1,1,1,1,1,1,1,1,1,1,1,1,1,1,1,1,1,1,1,1,1,0,26542,1,1,1173,52590,dscw80
0,0,0,0,1,4,5,8,13,14,14,17,17,17,19,19,20,20,21,21,22,22,23,23,23,23,0,31520111,23,0,1152,49634,dscw80
0,0,1,1,1,1,1,1,1,1,1,1,1,1,1,1,1,1,1,1,1,1,1,1,1,1,0,1832,1,1,1181,53188,dscw80
0,0,0,0,0,0,0,0,0,0,0,0,0,1,1,1,1,1,2,2,2,2,2,2,2,2,0,7354158,2,0,1152,49634,dscw80
0,0,0,1,1,1,1,1,1,1,3,3,3,3,3,3,4,4,4,4,5,5,5,5,6,6,0,14713811,6,0,1181,53188,dscw80
0,0,0,0,0,0,0,0,0,0,0,0,0,0,0,1,1,1,1,1,1,1,1,1,1,1,0,652680,1,0,1152,49634,dscw80
0,0,0,1,2,2,2,2,2,2,2,2,2,2,2,2,2,2,2,2,2,2,2,2,2,2,0,15143585,2,1,1181,53188,dscw80
0,0,0,0,0,0,0,0,0,0,0,0,0,1,1,1,1,1,2,2,6,6,8,8,8,8,1,6629569,9,0,1181,53188,dscw80
0,0,0,0,1,1,1,1,1,1,1,1,1,1,1,1,1,1,1,1,1,1,1,1,1,1,0,1909,1,1,1181,53188,dscw80
0,0,0,0,0,0,0,1,1,1,1,1,1,1,1,1,1,1,1,1,1,1,1,1,1,1,0,258450,1,1,1173,52590,dscw80
0,0,0,0,0,0,0,0,0,0,0,1,1,1,1,1,1,1,1,1,1,1,1,1,1,1,0,1872776,1,0,1151,49634,dscw80
0,0,2,2,2,2,2,2,2,2,2,2,2,2,2,2,2,2,2,2,2,2,2,2,2,2,0,262448,2,0,1181,53188,dscw80
0,0,0,0,0,2,2,4,4,4,4,4,4,4,4,4,4,4,4,4,5,5,5,5,5,5,0,1559476,5,1,1173,52590,dscw80
0,0,0,0,0,0,0,0,1,1,1,1,1,1,1,1,1,1,1,1,2,2,2,2,2,2,0,116124,2,1,1173,52590,dscw80
0,0,0,0,0,0,0,0,0,0,0,0,0,0,0,0,0,0,0,0,0,0,0,1,1,1,0,8938,1,0,1173,49440,dscw80
0,0,0,0,0,0,0,0,0,0,0,0,0,0,0,0,0,0,0,0,0,0,1,1,1,1,0,128162,1,1,1181,53188,dscw80
0,0,0,0,0,1,1,1,1,1,1,1,1,1,1,1,1,1,1,1,1,1,1,1,1,1,0,128761,1,1,1173,52590,dscw80
0,0,0,0,0,0,0,0,0,0,0,0,0,0,0,0,1,1,1,1,1,1,1,1,1,1,0,4346725,1,0,1181,53188,dscw80
0,0,0,0,0,0,0,0,0,0,0,0,0,0,0,0,0,0,0,0,2,2,2,3,4,4,0,23455585,4,0,1173,52590,dscw80
0,0,0,1,8,20,29,33,41,45,50,52,57,58,65,67,69,71,72,73,81,85,89,90,91,92,0,181884911,92,0,1173,52590,dscw80
0,0,0,0,0,0,0,0,0,0,0,0,0,0,1,1,1,1,1,1,1,1,1,1,1,1,0,8662478,1,0,1181,49634,dscw80
0,1,1,1,1,1,1,1,1,1,1,1,1,1,1,1,1,1,1,1,1,1,1,1,1,1,0,258493,1,1,1181,53188,dscw80
0,0,0,0,0,0,1,4,5,5,5,5,5,5,5,5,5,5,5,5,5,5,5,5,5,5,0,873473,5,1,1151,49634,dscw80
0,0,0,0,1,3,3,4,4,4,4,4,4,5,5,5,5,5,5,5,5,5,5,5,5,5,0,2337975,5,1,1173,52590,dscw80
0,0,0,0,0,0,0,0,0,0,0,0,0,0,1,1,1,2,2,2,3,4,6,6,6,6,0,6074760,6,0,1173,52590,dscw80
0,0,0,0,0,0,0,0,0,0,0,0,0,0,0,0,0,0,0,0,1,1,1,1,1,1,0,1683,1,1,1152,49634,dscw80
0,0,0,0,0,0,0,2,4,6,6,7,8,9,10,11,11,12,12,12,13,14,14,14,14,14,0,42073403,14,0,1151,49634,dscw80
0,0,0,0,0,0,0,0,0,0,0,0,0,0,0,0,0,0,0,0,0,0,0,1,2,2,0,5480945,2,0,1181,53188,dscw80
0,0,0,0,0,0,0,1,1,1,2,2,3,3,3,3,3,4,4,4,4,4,4,4,4,4,0,681470,4,0,1173,52590,dscw80
0,0,0,0,1,2,2,2,2,2,3,3,3,3,3,3,3,3,3,3,3,3,4,4,4,4,0,3976114,4,0,1173,52590,dscw80
0,0,0,0,0,0,0,1,1,1,1,1,1,1,2,2,4,4,4,4,5,5,5,5,5,5,0,12526116,5,0,1151,52590,dscw80
0,0,0,1,3,3,3,3,3,3,3,3,3,3,3,3,3,3,3,3,3,3,3,3,3,3,0,772932,3,1,1173,52590,dscw80
0,0,0,0,0,0,0,2,2,2,2,2,2,2,2,2,2,2,2,2,2,2,2,2,2,2,0,515783,2,1,1152,49634,dscw80
0,0,0,0,0,0,0,0,0,0,0,0,0,1,1,1,1,1,1,1,1,3,3,3,3,3,0,4247047,3,0,1173,52590,dscw80
0,0,0,0,0,0,1,1,1,1,3,3,4,4,4,4,4,4,4,4,4,4,4,4,4,4,0,784427,4,0,1152,49634,dscw80
0,0,0,0,0,0,0,0,1,1,1,1,1,1,1,1,1,1,1,1,1,1,1,1,1,1,0,128295,1,1,1181,53188,dscw80
0,0,0,0,0,1,1,2,2,2,2,3,3,3,3,3,4,4,4,4,4,4,5,5,5,5,0,24267785,5,0,1152,49634,dscw80
0,0,0,0,0,0,0,0,0,0,0,0,0,0,0,0,0,0,0,0,0,1,1,1,1,1,0,3826051,1,0,1152,49634,dscw80
0,0,0,0,0,0,0,0,0,0,0,0,1,1,1,1,1,1,1,1,1,1,1,1,1,1,0,257667,1,1,1173,52590,dscw80
0,0,0,0,0,0,0,1,4,4,5,5,5,5,5,5,5,5,5,5,5,5,6,6,6,6,0,11321117,6,0,1151,49634,dscw80
0,0,0,0,0,0,0,0,0,0,0,0,1,1,1,1,1,1,1,1,1,1,1,1,1,1,0,257581,1,1,1173,52590,dscw80
0,0,1,1,1,1,1,1,1,1,1,1,1,1,1,1,1,1,1,1,1,1,1,1,1,1,0,1626839,1,1,1181,53188,dscw80
0,0,0,0,0,0,0,0,0,0,0,0,0,0,0,0,1,1,1,1,1,1,1,1,1,1,0,514944,1,0,1173,52590,dscw80
0,0,0,0,0,0,0,0,0,0,0,0,0,0,2,2,4,5,7,7,17,18,18,18,18,18,0,2783677,18,1,1173,49634,dscw80
0,0,0,0,0,0,0,0,0,0,0,1,1,1,1,1,1,3,3,3,3,4,4,4,4,4,0,1121249,4,0,1181,52590,dscw80
0,0,0,0,0,0,0,0,0,0,0,0,0,0,0,0,1,1,2,2,3,3,3,3,3,3,0,666116,3,0,1173,52590,dscw80
0,0,0,0,0,1,1,1,1,1,1,1,1,1,1,1,1,1,1,1,1,1,1,1,1,1,0,125407,1,1,1173,52590,dscw80
0,0,0,1,1,1,1,1,1,1,1,1,1,1,1,1,1,1,1,1,1,1,1,1,1,1,0,128085,1,0,1152,49634,dscw80
0,0,0,0,0,0,0,0,0,0,1,1,1,1,1,1,1,1,1,1,1,1,1,1,1,1,0,5930301,1,1,1151,49634,dscw80
0,0,0,0,0,0,1,1,1,2,2,2,2,2,2,2,2,2,2,2,3,3,3,3,3,3,0,28367855,3,0,1173,52590,dscw80
0,0,0,0,0,0,0,0,0,0,1,1,1,1,1,1,1,1,1,1,1,1,1,1,1,1,0,13434,1,0,1173,52590,dscw80
0,0,0,0,0,0,0,0,0,0,0,0,0,0,0,0,0,0,0,0,0,0,0,0,0,1,0,412814,1,0,1152,49634,dscw80
0,0,0,0,1,2,2,2,2,3,3,3,3,3,3,3,3,3,3,3,5,5,5,5,5,5,0,9975407,5,0,1173,52590,dscw80
0,0,0,0,0,1,1,1,1,1,1,1,1,1,1,1,1,1,1,1,1,1,1,1,1,1,0,258003,1,1,1152,49634,dscw80
0,0,0,0,0,0,0,0,0,0,0,0,0,0,0,0,0,0,0,0,1,1,1,1,1,1,0,20391,1,0,1181,53188,dscw80
0,0,0,0,0,0,0,0,0,1,1,1,1,1,1,1,1,1,1,1,1,1,1,1,1,1,0,257403,1,1,1173,52590,dscw80
0,0,0,0,0,0,0,0,0,0,0,0,1,1,1,1,1,1,1,1,1,1,1,1,1,1,0,257625,1,1,1173,52590,dscw80
0,0,2,3,4,4,6,7,8,8,9,9,9,9,9,10,10,10,10,10,12,12,12,12,12,13,0,39496230,13,0,1181,53188,dscw80
0,0,0,0,0,0,0,1,3,5,6,7,7,9,10,12,12,12,12,13,16,16,18,18,18,18,0,46589646,18,0,1173,52590,dscw80
0,0,0,0,0,0,0,0,0,0,0,0,0,0,0,0,0,0,0,0,0,0,0,0,0,0,1,258102,1,0,1152,49634,dscw80
0,0,0,0,0,0,0,0,0,0,0,0,0,0,0,0,0,0,0,0,1,1,1,1,1,1,0,890958,1,1,1152,49634,dscw80
0,0,0,0,0,0,1,4,5,6,6,6,6,6,6,6,6,6,6,6,7,7,7,7,7,7,0,15414203,7,0,1151,49634,dscw80
0,0,0,0,1,1,2,2,2,2,2,2,2,2,2,3,3,3,3,3,3,3,3,3,3,3,0,4228813,3,0,1181,53188,dscw80
0,0,0,0,0,0,0,0,0,0,0,0,0,0,0,0,0,1,1,1,1,1,1,1,1,1,0,257387,1,1,1173,52590,dscw80
0,0,0,0,0,0,0,0,0,0,0,0,0,0,0,0,0,1,1,1,1,1,1,1,2,2,0,3360833,2,0,1173,52590,dscw80
0,0,0,0,0,0,0,1,1,2,2,2,3,3,4,4,4,4,4,4,4,4,4,4,4,4,0,10850737,4,0,1151,49634,dscw80
0,0,0,0,0,0,0,3,3,3,3,3,5,5,5,5,5,5,5,5,5,5,5,5,5,5,0,17819937,5,0,1173,52590,dscw80
0,0,0,0,0,0,0,0,0,0,0,0,0,0,0,1,1,1,1,1,1,1,1,1,1,1,0,3075850,1,0,1173,52590,dscw80
0,0,2,2,2,2,2,2,2,2,2,2,2,2,2,2,2,2,2,2,2,2,2,2,2,2,0,10373274,2,1,1181,53188,dscw80
0,0,0,0,0,0,0,1,2,2,2,2,2,2,2,2,2,2,2,2,2,2,2,2,2,2,0,31668932,2,0,1151,49634,dscw80
0,0,0,0,0,0,0,0,0,0,0,0,0,0,0,0,0,0,0,0,0,0,1,1,1,1,0,2027245,1,0,1152,49634,dscw80
0,0,0,0,0,1,1,2,2,2,2,2,2,2,2,2,2,2,2,2,2,2,3,3,3,3,0,10689746,3,1,1181,53188,dscw80
0,0,0,0,0,0,0,1,1,1,1,1,1,1,1,1,1,1,1,1,1,1,1,1,1,1,0,257400,1,1,1181,53188,dscw80
0,0,0,0,0,0,0,1,1,1,1,1,1,1,1,1,1,1,1,1,1,1,1,1,1,1,0,2673,1,1,1151,49634,dscw80
0,0,0,0,0,0,0,0,0,1,1,1,1,1,1,1,1,1,1,1,1,1,1,1,1,1,0,128536,1,1,1152,49634,dscw80
0,0,0,0,0,0,1,3,3,6,7,7,7,7,7,7,7,7,7,7,8,8,8,8,8,8,0,12198574,8,1,1173,52590,dscw80
0,0,0,0,1,1,1,1,2,2,2,2,2,2,3,3,3,3,3,3,3,3,3,3,3,3,0,10215412,3,0,1173,52590,dscw80
0,0,2,3,5,6,7,7,7,7,8,8,8,8,9,9,9,9,9,9,9,9,9,9,9,9,0,3252603,9,1,1181,53188,dscw80
0,0,0,0,0,0,0,0,0,1,1,1,1,1,1,1,1,1,1,1,1,1,1,1,1,1,0,18614,1,0,1151,49634,dscw80
0,0,0,0,1,1,2,2,2,2,2,2,2,2,2,3,3,3,3,3,3,3,3,3,3,3,0,2811971,3,1,1181,53188,dscw80
0,0,0,0,2,2,2,2,2,2,2,2,2,2,2,2,2,2,2,2,2,2,2,2,2,2,0,515873,2,1,1173,52590,dscw80
0,0,0,0,0,0,0,0,0,0,0,0,2,2,2,2,2,2,2,2,2,2,2,2,2,2,0,1526304,2,0,1173,52590,dscw80
0,0,0,0,1,1,1,1,1,1,1,1,1,1,1,1,1,1,1,1,1,1,1,1,1,1,0,43308,1,0,1173,52590,dscw80
0,0,0,0,1,1,1,2,3,3,4,4,4,5,6,6,6,6,6,6,6,6,6,6,6,6,0,7799946,6,1,1152,49634,dscw80
0,0,0,0,0,0,0,0,0,0,1,1,1,1,1,1,1,1,1,1,2,2,2,2,2,2,0,2415684,2,1,1151,49634,dscw80
0,0,0,0,3,3,3,5,5,5,5,5,5,5,5,5,5,5,5,5,6,6,6,7,7,7,0,12175155,7,0,1173,52590,dscw80
0,0,0,0,0,0,0,0,0,0,0,1,1,1,1,1,1,1,1,2,2,2,3,3,3,3,0,6932380,3,0,1173,52590,dscw80
0,0,1,2,2,2,2,2,2,2,2,2,2,2,2,2,2,2,2,2,2,2,2,2,2,2,0,4552027,2,0,1152,49634,dscw80
0,0,0,0,0,0,0,0,1,1,1,1,1,1,1,1,1,1,1,1,1,1,1,1,1,1,0,1878,1,1,1151,49634,dscw80
0,0,0,0,0,0,0,0,0,0,0,0,0,1,1,1,1,1,1,1,1,1,1,1,1,1,0,769910,1,1,1151,49634,dscw80
0,0,0,0,1,2,2,2,2,2,2,2,2,2,2,2,2,2,3,3,3,3,3,3,3,3,0,16321410,3,1,1152,49634,dscw80
0,0,0,1,1,1,1,1,1,1,1,1,1,1,1,1,1,1,1,1,1,1,1,1,1,1,0,16193281,1,0,1181,53188,dscw80
0,0,0,0,0,0,0,0,0,0,0,0,0,0,0,0,0,0,0,0,0,0,0,0,1,2,0,436251,2,0,1173,52590,dscw80
0,0,0,0,0,0,0,1,1,1,1,1,2,2,2,2,2,2,2,2,2,2,2,2,2,2,0,26553718,2,1,1173,52590,dscw80
0,0,0,0,0,0,0,0,0,0,0,0,0,1,1,1,1,1,1,1,1,1,1,1,1,1,0,1113246,1,0,1173,52590,dscw80
0,0,0,0,0,0,1,1,1,1,1,1,2,2,2,2,2,2,2,2,2,2,2,2,2,2,0,1938403,2,1,1151,49634,dscw80
0,0,0,0,0,0,0,0,0,0,0,0,0,0,0,0,0,0,0,0,0,0,0,1,1,1,0,6209413,1,0,1152,49634,dscw80
0,0,0,0,0,0,1,1,1,1,1,1,1,1,1,1,1,1,1,1,1,1,1,1,1,1,0,13578713,1,1,1181,53188,dscw80
0,0,0,0,0,0,0,0,1,1,1,1,1,1,1,1,1,1,1,1,1,1,1,1,1,1,0,62644,1,1,1152,49634,dscw80
0,0,0,0,0,0,0,0,1,1,1,1,1,1,1,1,1,1,1,1,1,1,1,1,1,1,0,1528,1,0,1151,49634,dscw80
0,0,0,0,0,0,0,1,2,2,2,4,4,5,5,5,6,6,6,6,6,7,8,8,8,9,0,14472408,9,0,1152,49634,dscw80
0,0,0,0,1,4,5,6,6,7,8,8,8,8,8,9,9,9,10,10,11,11,11,11,11,11,0,61621399,11,0,1173,52590,dscw80
0,0,0,0,0,0,1,1,1,1,1,1,1,1,1,1,1,1,1,1,1,1,1,1,1,1,0,2837092,1,1,1151,49634,dscw80
0,0,0,0,0,0,0,0,0,0,0,0,0,0,0,0,0,0,0,0,0,1,1,1,1,1,0,128570,1,0,1181,49634,dscw80
0,0,0,0,0,0,0,0,0,1,1,1,1,1,1,1,1,1,1,1,1,2,2,2,2,2,0,743993,2,0,1152,49634,dscw80
0,0,1,2,2,2,2,2,2,2,2,2,2,2,2,2,2,2,3,3,3,3,3,3,3,3,0,5865435,3,0,1152,49634,dscw80
0,0,0,0,0,1,1,1,1,1,1,1,1,1,1,1,1,1,1,1,1,1,1,1,1,1,0,1231004,1,0,1181,53188,dscw80
0,0,0,0,0,0,0,1,1,1,1,1,1,2,2,2,2,2,2,2,2,2,2,2,2,2,0,130598,2,0,1181,52590,dscw80
0,0,0,0,0,0,0,0,0,1,1,1,1,1,2,2,2,2,2,2,2,2,2,2,2,2,0,6765601,2,0,1152,49634,dscw80
0,0,0,1,1,1,2,2,2,2,2,2,2,2,2,2,2,2,2,2,2,2,2,2,2,2,0,515298,2,0,1151,49440,dscw80
0,0,0,0,0,0,0,1,2,2,2,2,2,2,2,2,2,2,2,2,2,2,2,2,2,2,0,259202,2,0,1173,52590,dscw80
0,0,0,0,0,0,0,0,0,0,0,0,0,0,0,0,0,0,0,0,1,1,1,1,1,1,0,129001,1,0,1152,49634,dscw80
0,0,0,0,0,0,0,1,1,2,2,2,2,2,2,2,2,2,2,2,2,2,2,2,2,2,0,257267,2,1,1151,49634,dscw80
0,0,0,0,1,1,1,1,1,1,1,1,1,1,1,1,2,2,2,2,2,2,2,2,2,2,0,4222,2,1,1173,52590,dscw80
0,0,0,0,0,0,0,0,1,1,1,1,1,1,1,1,1,1,1,1,1,1,1,1,1,1,0,257978,1,0,1173,52590,dscw80
0,0,0,0,0,1,1,1,1,1,1,1,1,1,1,1,1,1,1,1,1,1,1,1,1,1,0,1679591,1,1,1151,49634,dscw80
0,0,0,0,0,0,0,0,0,0,0,0,0,0,0,0,0,0,0,0,1,1,1,1,1,1,0,3807995,1,1,1173,52590,dscw80
0,0,0,0,0,0,0,1,1,1,1,1,1,1,1,1,1,1,1,1,1,1,1,1,1,1,0,1577,1,1,1151,49634,dscw80
0,0,0,0,0,0,1,2,2,2,3,3,4,4,4,4,4,5,5,5,5,5,5,5,5,5,0,925581,5,0,1173,52590,dscw80
0,0,0,0,0,0,0,0,1,1,1,1,1,1,1,1,1,1,1,1,1,1,1,1,1,1,0,163595,1,1,1181,53188,dscw80
0,0,0,0,1,1,1,1,1,1,1,1,1,1,1,1,1,1,1,1,1,1,1,1,1,1,0,719139,1,1,1152,49634,dscw80
0,0,0,0,0,0,0,0,0,0,0,0,0,0,0,0,0,0,0,0,1,1,1,1,1,1,0,9049,1,0,1152,49634,dscw80
0,0,0,0,0,0,0,0,0,0,0,0,0,0,0,0,0,0,0,0,0,0,1,1,1,1,0,6500,1,0,1151,49634,dscw80
0,0,0,0,1,2,2,2,2,2,2,2,2,2,2,2,2,2,2,2,2,2,2,2,2,2,0,260090,2,1,1173,52590,dscw80
0,0,0,0,2,2,2,2,2,2,2,2,2,2,2,2,2,2,2,2,2,2,2,2,2,2,0,515915,2,1,1173,52590,dscw80
0,0,0,2,2,3,3,3,3,3,4,5,5,5,5,5,5,6,6,6,6,6,6,6,6,7,0,7104153,7,0,1181,53188,dscw80
0,0,0,0,0,0,0,0,0,0,0,0,0,0,0,0,0,0,0,0,0,0,1,1,1,1,0,43545,1,0,1152,49634,dscw80
0,0,0,1,1,1,1,1,1,1,1,1,1,1,1,1,1,1,1,1,1,1,1,1,1,1,0,128196,1,0,1152,49634,dscw80
0,0,0,0,0,1,1,1,1,2,2,2,2,2,2,2,2,2,2,2,2,2,2,2,2,2,0,990322,2,1,1181,53188,dscw80
0,0,0,0,0,0,0,0,0,0,0,1,1,1,1,1,1,1,1,1,1,1,1,1,1,1,0,2035,1,1,1151,49634,dscw80
0,0,0,0,0,0,0,0,0,1,1,1,1,1,1,1,1,1,1,1,1,1,1,1,1,1,0,257799,1,0,1151,49634,dscw80
0,0,1,1,1,1,1,1,1,1,1,1,1,1,1,1,1,1,1,1,1,1,1,1,1,1,0,1748863,1,0,1181,49634,dscw80
0,0,0,0,0,0,0,1,1,1,1,1,2,2,2,2,2,2,2,2,2,2,2,2,2,2,0,4471,2,0,1152,49634,dscw80
0,0,0,0,1,1,1,1,1,1,1,1,1,1,1,1,1,1,1,1,1,1,1,1,1,1,0,3016,1,1,1152,49634,dscw80
0,1,1,1,2,2,2,3,3,3,3,3,3,3,3,3,3,3,3,3,3,3,4,4,4,4,0,4069603,4,0,1181,53188,dscw80
0,0,0,1,1,2,2,2,2,2,2,2,3,3,3,3,3,3,3,3,3,3,3,3,3,3,0,8665399,3,0,1181,53188,dscw80
0,0,0,0,0,0,0,0,0,0,0,0,0,0,1,1,1,1,1,1,2,2,2,2,2,2,0,7517720,2,0,1173,52590,dscw80
0,0,0,0,0,1,1,1,1,1,1,1,1,1,1,1,1,1,1,1,1,1,1,1,1,1,0,1209346,1,0,1152,49634,dscw80
0,0,0,0,0,0,0,0,0,0,0,0,0,0,0,0,0,0,0,0,1,1,1,1,1,1,0,95068,1,1,1151,49634,dscw80
0,0,0,0,1,1,2,2,3,3,3,3,3,3,3,3,3,3,3,4,6,6,6,6,6,6,0,5986836,6,0,1173,52590,dscw80
0,0,0,0,0,1,1,1,1,1,1,1,1,1,1,1,1,1,1,1,1,1,1,1,1,1,0,1652,1,1,1173,52590,dscw80
0,0,0,1,2,4,4,5,5,6,6,9,9,9,9,9,9,9,9,9,9,9,12,12,12,13,0,28818990,13,0,1181,53188,dscw80
0,0,0,0,1,1,1,1,1,1,1,1,1,1,2,2,2,2,2,2,3,3,3,3,3,3,0,518636,3,1,1173,52590,dscw80
0,0,1,1,1,1,1,1,1,1,1,1,1,1,1,1,1,1,1,1,1,1,1,1,1,1,0,7542174,1,1,1181,53188,dscw80
0,0,0,0,0,0,0,0,0,0,1,1,1,1,1,1,1,1,1,1,1,1,1,1,1,1,0,257985,1,1,1181,53188,dscw80
0,0,0,0,0,0,0,0,0,0,0,0,1,1,1,1,1,1,1,1,1,1,1,1,1,1,0,258383,1,1,1152,49634,dscw80
0,0,0,0,0,0,0,0,0,0,0,0,0,0,0,0,0,0,1,1,1,1,1,1,1,1,0,257754,1,1,1181,53188,dscw80
0,0,0,0,0,0,0,0,0,0,0,1,1,1,1,1,1,1,1,1,1,1,1,1,1,1,0,257882,1,0,1173,52590,dscw80
0,0,0,0,0,0,0,0,0,1,1,1,1,1,1,1,1,1,1,1,1,1,1,1,1,1,0,475101,1,0,1152,49634,dscw80
0,0,0,1,1,1,1,1,1,1,1,1,1,1,1,1,1,1,1,1,1,1,1,1,1,1,0,1985744,1,0,1152,49634,dscw80
0,0,0,0,0,0,0,1,1,1,1,1,1,1,1,1,1,1,1,1,1,1,1,1,1,1,0,259633,1,1,1152,49634,dscw80
0,0,0,0,2,3,4,4,4,4,4,5,5,5,6,6,6,6,6,6,6,6,6,6,6,6,0,5851854,6,0,1181,53188,dscw80
0,0,0,0,0,0,0,0,0,1,1,1,1,1,1,1,1,1,1,1,1,1,1,1,1,1,0,2135,1,0,1173,52590,dscw80
0,0,0,0,0,0,0,1,2,2,2,2,2,3,3,3,3,3,4,4,4,4,5,5,5,5,0,3402809,5,0,1173,52590,dscw80
0,0,0,1,1,2,3,3,3,3,3,3,3,3,3,3,3,3,3,3,3,3,3,3,3,3,0,7803223,3,0,1181,53188,dscw80
0,0,0,1,1,1,1,1,2,2,2,2,2,2,2,2,2,2,2,2,2,2,2,2,2,2,0,18411752,2,0,1173,52590,dscw80
0,0,0,0,0,0,0,0,0,0,0,0,0,0,0,0,0,0,0,0,1,1,1,1,1,1,0,3270086,1,0,1173,52590,dscw80
0,0,0,0,0,0,0,0,0,0,0,0,0,0,0,1,1,1,1,1,1,1,1,1,1,1,0,226669,1,1,1181,53188,dscw80
0,0,0,1,1,1,1,1,1,1,1,1,1,1,1,1,1,1,1,1,1,1,1,1,1,1,0,2610,1,1,1152,49634,dscw80
0,0,0,0,0,0,0,0,0,0,0,0,0,0,0,0,0,0,0,0,0,0,0,2,2,4,0,1956566,4,0,1173,52590,dscw80
0,0,0,0,0,0,0,0,0,0,0,0,0,0,0,0,0,0,0,0,0,0,0,1,1,1,0,2087,1,1,1181,53188,dscw80
0,0,0,0,0,2,2,2,2,2,2,3,3,3,3,4,4,4,5,5,6,6,6,6,6,6,0,4573789,6,0,1173,52590,dscw80
0,0,0,0,1,1,1,1,1,1,1,1,1,1,1,1,1,1,1,1,1,1,1,1,1,1,0,2314266,1,0,1173,52590,dscw80
0,0,0,0,0,0,0,0,0,0,0,0,0,1,1,1,1,1,1,1,1,1,1,1,1,1,0,257634,1,0,1151,49634,dscw80
0,0,0,0,0,0,0,0,2,2,2,2,2,2,2,2,2,2,2,2,2,2,2,2,2,2,0,515210,2,1,1173,52590,dscw80
0,0,0,0,0,0,0,0,0,1,1,1,1,1,1,1,1,1,1,1,1,1,1,1,2,2,0,386246,2,0,1173,52590,dscw80
0,0,0,0,0,0,0,2,2,2,2,2,2,2,2,2,2,2,2,2,3,3,3,3,3,3,0,14186876,3,1,1173,52590,dscw80
0,0,0,0,0,0,2,2,3,3,3,3,3,3,3,3,3,3,3,3,3,3,3,3,3,3,0,130389,3,1,1173,52590,dscw80
0,0,0,0,0,0,0,0,0,0,0,0,0,1,1,1,1,1,1,1,1,1,1,1,1,1,0,260024,1,0,1152,49634,dscw80
0,0,0,0,0,0,2,2,2,2,2,2,2,2,2,2,2,2,2,2,2,2,2,2,2,2,0,6895702,2,1,1151,49634,dscw80
0,0,0,0,0,0,0,0,0,0,1,1,1,1,1,1,1,1,1,1,1,1,1,1,1,1,0,129028,1,0,1151,49634,dscw80
0,0,0,0,0,0,0,0,0,0,0,0,0,0,0,1,1,1,1,1,2,2,3,3,3,3,0,11402892,3,0,1173,52590,dscw80
0,0,0,0,0,0,1,1,1,1,1,1,1,1,1,1,1,1,1,1,1,1,1,1,1,1,0,257925,1,1,1151,49634,dscw80
0,0,1,1,1,1,1,1,1,1,1,1,1,1,1,1,1,1,1,1,2,2,2,2,2,2,1,6730370,3,0,1181,53188,dscw80
0,0,0,0,0,0,0,0,0,0,0,0,0,0,0,0,0,0,0,0,0,2,2,2,2,2,0,257173,2,0,1173,52590,dscw80
0,0,0,0,0,0,0,1,1,1,1,1,1,1,1,1,1,1,1,1,1,1,1,1,1,1,0,257969,1,1,1152,49634,dscw80
0,0,0,0,0,0,0,0,0,0,0,0,0,0,1,1,1,1,1,1,1,1,3,3,3,3,0,1481072,3,0,1173,52590,dscw80
0,0,0,0,0,0,0,0,0,0,0,0,0,0,0,0,0,0,0,0,0,0,0,0,0,1,0,2168,1,1,1181,52590,dscw80
0,1,1,1,1,1,1,1,1,1,1,1,1,1,1,1,1,1,1,1,1,1,1,1,1,1,0,1974,1,1,1181,53188,dscw80
0,0,0,0,0,1,1,1,1,1,1,1,1,1,1,1,1,1,1,1,1,1,1,1,1,1,0,2587,1,0,1152,49634,dscw80
0,0,0,0,0,0,0,0,0,0,0,0,0,0,0,0,0,0,0,0,0,1,1,1,1,1,0,257564,1,1,1173,52590,dscw80
0,0,0,0,0,0,0,0,0,0,0,0,0,0,0,0,0,0,0,0,0,0,0,1,1,1,0,5493,1,0,1152,49634,dscw80
0,0,0,0,0,0,0,0,0,0,1,1,1,1,1,1,1,1,1,1,1,1,1,1,1,1,0,2406,1,1,1173,52590,dscw80
0,0,0,0,0,0,1,1,1,1,1,1,1,1,1,1,1,1,1,1,1,1,1,1,1,1,0,228180,1,0,1181,53188,dscw80
0,0,0,0,0,0,0,1,1,1,1,1,1,1,1,1,1,1,1,1,1,1,1,1,1,1,0,257902,1,1,1173,52590,dscw80
0,0,0,0,0,0,0,0,0,1,1,1,1,1,1,1,1,1,1,1,1,1,1,1,1,1,0,12991993,1,0,1151,49634,dscw80
0,0,0,0,3,5,5,7,7,7,7,7,7,8,8,9,9,9,9,9,9,9,9,9,9,9,0,13020494,9,0,1152,49634,dscw80
0,0,0,1,1,1,1,1,1,1,1,1,1,1,1,1,1,1,1,1,1,1,1,1,1,1,0,257403,1,1,1173,52590,dscw80
0,0,0,0,0,0,0,0,0,0,0,0,0,0,0,0,0,0,1,1,1,2,2,2,2,2,0,15820651,2,1,1173,52590,dscw80
0,0,0,0,0,1,1,3,6,6,6,6,6,6,6,6,6,6,6,6,6,6,6,6,6,6,0,14112129,6,1,1173,52590,dscw80
0,0,0,0,0,0,0,0,0,0,0,0,0,0,0,0,0,0,0,0,1,1,1,1,1,1,0,2870,1,0,1151,49440,dscw80
0,0,0,0,0,1,2,2,2,2,2,2,2,2,2,2,2,2,2,2,2,2,2,2,2,2,0,876865,2,0,1181,53188,dscw80
0,0,0,0,0,0,3,4,5,6,6,6,6,6,7,7,7,7,7,7,7,7,7,7,7,7,0,36045364,7,0,1152,49634,dscw80
0,0,0,0,0,0,2,2,2,2,3,3,3,3,3,3,4,4,4,4,4,4,4,4,4,4,0,3758515,4,0,1151,49634,dscw80
0,0,0,0,1,1,1,1,1,2,2,2,2,2,2,2,2,2,2,2,2,2,2,2,2,2,0,6744312,2,0,1173,52590,dscw80
0,0,0,0,0,0,0,2,5,7,8,10,10,12,13,13,15,15,15,16,16,17,17,18,19,19,0,61221356,19,0,1151,49634,dscw80
0,0,0,0,0,0,1,1,2,2,2,2,2,2,2,2,2,2,2,2,2,2,2,2,2,2,0,260002,2,1,1151,49634,dscw80
0,0,1,1,1,1,1,1,1,1,1,1,1,1,1,1,1,1,1,1,1,1,1,1,1,1,0,5004516,1,0,1152,49634,dscw80
0,0,0,3,6,12,14,17,20,24,27,30,33,34,35,36,38,38,39,39,43,46,48,50,50,50,0,133331290,50,0,1173,52590,dscw80
0,0,0,0,0,0,0,0,1,1,1,1,1,1,1,1,1,1,1,1,1,1,1,1,1,1,0,257968,1,1,1151,49634,dscw80
0,0,0,0,0,0,0,1,1,1,1,1,1,1,1,1,1,1,1,1,1,1,1,1,1,1,0,3472,1,0,1181,52590,dscw80
0,0,0,0,0,0,0,0,2,3,4,6,6,6,6,6,6,6,7,7,7,7,7,7,7,9,0,11040664,9,0,1152,49634,dscw80
0,0,0,0,0,0,0,0,0,0,0,0,1,1,1,1,1,1,1,1,1,1,1,1,1,1,0,257692,1,1,1152,49634,dscw80
0,0,0,0,0,0,0,0,1,1,1,1,1,1,1,1,1,1,1,1,1,1,1,1,1,1,0,257752,1,1,1173,52590,dscw80
0,0,0,0,0,0,0,1,1,1,1,1,1,1,1,1,1,1,1,1,1,1,1,1,1,1,0,259576,1,0,1151,49634,dscw80
0,0,0,0,0,0,0,0,0,0,1,1,1,1,1,1,1,1,1,1,1,1,1,1,1,1,0,5599622,1,0,1151,49440,dscw80
0,0,0,0,0,0,0,0,1,1,1,1,1,1,1,1,1,1,1,1,2,2,2,2,2,2,0,8253150,2,0,1152,49634,dscw80
0,0,0,0,1,1,1,1,1,1,1,1,1,1,1,1,1,1,1,1,1,1,1,1,1,1,0,132474,1,0,1173,52590,dscw80
0,0,1,1,1,1,1,1,1,1,1,1,1,1,1,1,1,1,1,1,1,1,1,1,1,1,0,2292,1,1,1152,49634,dscw80
0,0,0,0,0,0,0,0,0,0,0,0,0,0,0,0,1,1,1,1,1,1,1,1,1,1,0,257403,1,1,1173,52590,dscw80
0,0,0,0,0,0,0,0,0,0,0,0,0,1,2,2,2,2,3,3,3,3,3,3,3,3,0,18144684,3,0,1181,53188,dscw80
0,0,0,0,0,0,0,0,0,0,0,0,0,0,1,1,1,1,1,1,1,1,1,1,1,1,0,3630051,1,1,1173,52590,dscw80
0,0,0,1,2,2,2,2,2,2,2,2,2,2,2,2,2,2,2,2,2,2,2,2,2,2,0,515301,2,1,1173,52590,dscw80
0,0,0,1,1,2,2,2,2,2,2,2,2,2,2,2,2,2,2,2,2,2,2,2,2,2,0,515070,2,1,1152,49634,dscw80
0,0,0,0,0,0,0,0,0,1,1,1,1,1,1,1,1,1,1,1,1,1,1,1,1,1,0,1676,1,1,1181,52590,dscw80
0,0,0,0,0,0,0,0,0,0,0,0,0,0,0,0,1,1,1,1,1,1,1,1,1,2,0,979081,2,0,1173,52590,dscw80
0,0,0,0,0,0,0,0,0,0,1,1,1,1,1,1,1,1,1,1,1,1,1,1,1,1,0,17030,1,1,1173,52590,dscw80
0,0,0,0,0,0,0,0,1,1,1,1,1,1,1,1,1,1,1,1,1,1,1,1,1,1,0,2133,1,1,1152,49634,dscw80
0,0,0,0,0,0,0,0,0,0,0,0,0,0,0,0,1,1,1,1,1,1,1,1,1,1,0,7637,1,1,1173,52590,dscw80
0,0,0,0,0,0,0,0,0,0,0,0,0,0,0,0,0,1,1,1,1,1,1,1,1,1,0,4364300,1,0,1152,49634,dscw80
0,0,0,2,2,2,2,2,2,3,4,4,4,4,4,4,4,4,4,4,4,4,4,4,4,4,0,266814,4,1,1152,49634,dscw80
0,0,0,0,0,2,2,2,2,2,2,2,2,2,3,3,3,3,3,3,3,3,3,3,3,3,0,6834988,3,1,1173,52590,dscw80
0,0,0,0,1,1,1,1,1,1,2,3,3,3,3,3,3,3,3,3,3,3,3,3,3,3,0,1768225,3,0,1181,49634,dscw80
0,0,0,0,0,0,0,1,1,1,1,1,1,1,1,1,1,1,1,1,1,1,1,1,1,1,0,2663767,1,0,1151,49634,dscw80
0,0,0,0,0,0,0,0,1,1,1,1,1,1,1,1,1,1,1,1,1,1,1,1,1,1,0,128549,1,0,1173,52590,dscw80
0,0,0,0,0,0,0,0,0,1,1,1,1,1,1,1,1,1,1,1,1,1,1,1,1,1,0,3284627,1,0,1173,52590,dscw80
0,0,0,1,5,6,7,10,11,12,12,13,13,13,15,15,16,16,16,16,17,17,17,17,17,17,0,19534340,17,1,1173,52590,dscw80
0,0,0,0,0,0,0,0,0,1,1,1,1,1,1,1,1,1,1,1,1,1,1,1,1,1,0,4733,1,1,1173,52590,dscw80
0,0,0,0,0,1,1,1,1,1,1,1,1,1,1,1,1,1,1,1,1,1,1,1,1,1,0,165560,1,0,1152,49634,dscw80
0,0,0,0,0,1,1,1,1,1,1,1,1,1,1,1,1,1,1,1,1,1,1,1,1,1,0,65425,1,0,1152,49634,dscw80
0,0,0,0,0,1,1,1,1,1,2,2,2,2,2,2,2,2,2,2,2,2,2,2,2,2,0,3822,2,1,1173,52590,dscw80
0,0,0,0,0,0,0,1,1,1,1,1,1,1,1,1,1,1,1,1,1,1,1,1,1,1,0,8825663,1,0,1181,53188,dscw80
0,0,1,1,3,3,3,3,3,3,3,3,3,3,3,3,3,3,3,3,3,3,3,3,3,3,0,7814832,3,0,1181,53188,dscw80
0,0,0,1,1,1,1,1,1,1,1,1,1,1,1,1,1,1,1,1,1,1,1,1,1,1,0,5408366,1,0,1181,53188,dscw80
0,0,0,0,0,0,0,0,1,1,1,1,1,1,1,1,1,1,1,1,1,1,1,1,1,1,0,259505,1,0,1173,52590,dscw80
0,0,0,0,0,0,1,1,1,1,1,1,1,1,1,1,1,1,1,1,2,2,2,2,2,2,0,3515767,2,0,1173,52590,dscw80
0,0,0,0,0,0,0,0,0,0,0,1,1,1,1,1,1,1,1,1,1,1,1,1,1,1,0,123481,1,0,1152,49634,dscw80
0,0,0,0,0,0,0,0,2,2,2,2,2,2,2,2,2,2,2,2,2,2,2,2,2,2,0,9272088,2,0,1152,49634,dscw80
0,0,0,0,0,0,0,0,0,0,0,0,0,0,0,0,0,0,0,0,1,1,1,1,1,1,0,129082,1,0,1173,52590,dscw80
0,0,0,0,0,0,0,1,1,1,1,1,1,1,1,1,1,1,1,1,1,1,1,1,1,1,0,5893215,1,0,1151,52590,dscw80
0,0,0,0,0,0,0,0,0,0,0,0,1,1,1,1,1,1,1,1,1,1,1,1,1,1,0,864292,1,0,1173,52590,dscw80
0,0,0,0,0,1,1,1,1,1,2,2,2,2,2,3,3,3,3,3,3,3,3,3,3,3,0,3494557,3,0,1173,52590,dscw80
0,0,0,0,0,1,1,1,1,1,1,1,1,1,1,1,1,1,1,1,1,1,1,1,1,1,0,13923,1,0,1181,53188,dscw80
0,1,1,1,1,1,1,1,1,1,1,1,1,1,1,1,1,1,1,1,1,1,1,1,1,1,0,43847,1,0,1152,49634,dscw80
0,0,0,0,0,0,0,0,0,0,0,0,0,0,0,0,0,0,0,0,0,0,0,0,0,0,1,903679,1,1,1181,52590,dscw80
0,0,0,0,0,0,0,0,0,3,3,3,3,3,3,3,3,3,3,3,3,3,3,3,3,3,0,306262,3,0,1152,49634,dscw80
0,0,0,0,0,0,0,0,0,0,1,1,1,1,1,1,1,1,1,1,1,1,1,1,1,1,0,3030404,1,0,1152,49634,dscw80
0,0,0,0,0,0,1,1,1,1,1,1,1,1,1,1,1,1,1,1,1,1,1,1,1,1,0,3995706,1,1,1151,49634,dscw80
0,0,0,0,0,0,0,0,1,2,2,2,3,3,3,4,4,4,4,4,4,4,4,4,4,4,0,533168,4,1,1151,49634,dscw80
0,0,0,0,0,0,0,0,1,1,1,2,2,2,2,2,2,2,2,2,2,2,2,2,2,2,0,514651,2,0,1173,52590,dscw80
0,0,0,0,0,0,0,0,0,0,0,1,1,1,1,1,1,1,1,1,2,2,2,2,2,2,0,5735764,2,0,1151,49634,dscw80
0,0,0,0,0,0,0,0,1,1,1,1,1,1,1,1,1,1,1,1,1,1,1,1,1,1,0,9334,1,1,1181,53188,dscw80
0,1,1,1,1,2,2,2,2,2,2,2,2,2,2,2,2,2,2,2,2,2,2,2,2,2,0,760101,2,1,1181,53188,dscw80
0,0,0,0,0,0,0,0,0,0,0,0,0,0,0,0,0,0,0,0,0,0,0,0,1,1,0,4063764,1,1,1151,49634,dscw80
0,0,0,0,0,0,0,1,3,3,3,3,3,3,3,3,3,3,3,3,3,3,3,3,3,3,0,2846657,3,0,1152,49634,dscw80
0,0,0,0,0,0,0,1,1,1,1,1,1,1,1,1,1,1,1,1,1,1,1,1,1,1,0,5520438,1,0,1181,53188,dscw80
0,0,0,0,0,0,0,0,0,2,3,5,5,5,5,5,6,6,6,6,6,6,6,6,6,6,0,5658252,6,0,1152,49634,dscw80
0,0,0,0,0,1,4,4,5,6,6,6,6,6,6,6,6,6,6,6,6,6,6,6,6,6,0,1037639,6,1,1152,49634,dscw80
0,0,0,0,0,0,0,0,0,0,0,0,0,0,1,1,1,1,1,1,1,1,1,1,1,1,0,2481,1,1,1151,49634,dscw80
0,0,0,0,0,0,0,0,1,1,1,1,1,1,1,1,1,1,1,1,1,1,1,1,1,1,0,257866,1,1,1151,49634,dscw80
0,0,0,0,0,1,1,1,1,1,1,1,1,1,1,1,1,1,1,1,1,1,1,1,1,1,0,611838,1,0,1173,52590,dscw80
0,0,0,0,2,3,3,3,3,3,3,3,3,3,3,3,3,3,3,3,3,3,3,3,3,3,0,1062138,3,0,1173,52590,dscw80
0,0,0,0,0,0,0,0,0,0,0,0,0,1,1,1,1,1,1,1,1,1,1,1,1,1,0,2400,1,1,1173,52590,dscw80
0,0,0,1,1,1,1,1,1,1,1,1,1,1,1,1,1,1,1,1,1,1,1,1,1,1,0,2009632,1,1,1173,52590,dscw80
0,0,0,0,0,0,0,0,0,0,0,0,0,0,0,0,0,1,1,1,1,1,1,1,1,1,0,257994,1,0,1151,49634,dscw80
0,0,0,0,0,0,1,1,1,1,1,1,1,1,1,1,1,1,1,1,1,1,1,1,1,1,0,2338237,1,1,1151,49634,dscw80
0,0,0,0,0,0,0,0,0,1,1,1,1,1,1,1,1,1,1,1,1,1,1,1,1,1,0,128688,1,0,1173,52590,dscw80
0,0,0,0,0,0,0,0,0,0,0,0,0,0,0,0,0,0,0,0,1,1,1,1,1,1,0,4133793,1,1,1173,52590,dscw80
0,0,0,0,5,8,10,15,19,21,21,23,23,24,24,25,25,25,26,26,27,31,32,34,34,34,0,91449572,34,0,1173,52590,dscw80
