ttfb_le_5_ms,ttfb_le_10_ms,ttfb_le_15_ms,ttfb_le_20_ms,ttfb_le_25_ms,ttfb_le_30_ms,ttfb_le_35_ms,ttfb_le_40_ms,ttfb_le_45_ms,ttfb_le_50_ms,ttfb_le_55_ms,ttfb_le_60_ms,ttfb_le_65_ms,ttfb_le_70_ms,ttfb_le_75_ms,ttfb_le_80_ms,ttfb_le_85_ms,ttfb_le_90_ms,ttfb_le_95_ms,ttfb_le_100_ms,ttfb_le_150_ms,ttfb_le_200_ms,ttfb_le_300_ms,ttfb_le_400_ms,ttfb_le_500_ms,ttfb_le_1000_ms,ttfb_gt_1000_ms,bytes_sent,requests,is_cache_hit,client_metro,region,maprule
0,0,0,0,0,0,0,0,1,1,1,1,1,1,1,1,1,1,1,1,1,1,1,1,1,1,0,257414,1,1,1152,49634,dscw80
0,0,0,0,0,0,0,0,0,0,0,0,0,0,0,0,0,0,0,0,0,0,0,1,1,1,0,9168079,1,0,1173,52590,dscw80
0,0,0,0,0,0,0,0,0,7,8,9,14,15,17,17,17,18,19,19,23,23,24,24,24,24,0,88136290,24,0,1151,49634,dscw80
0,0,1,1,1,3,3,3,3,4,4,4,4,4,4,5,5,5,5,5,5,5,5,5,5,5,0,33655594,5,1,1152,49634,dscw80
0,0,1,1,1,1,1,1,1,1,1,1,1,1,1,1,1,1,1,1,1,1,1,1,1,1,0,18877,1,1,1181,53188,dscw80
0,0,1,1,1,1,2,2,2,3,3,3,3,3,3,3,3,3,3,3,4,4,4,4,4,4,0,18209954,4,1,1152,49634,dscw80
0,0,0,0,0,1,1,2,2,3,3,3,3,4,5,5,5,6,7,7,7,7,7,7,7,7,0,27431924,7,0,1152,49634,dscw80
0,0,0,0,0,0,0,0,0,0,1,2,2,2,2,2,2,2,2,2,2,2,2,2,2,2,0,11034370,2,1,1173,49440,dscw80
0,0,0,0,0,0,0,0,0,0,0,0,0,0,0,0,0,0,0,0,0,1,1,1,1,1,0,4390350,1,0,1151,49634,dscw80
0,0,0,1,1,2,3,4,4,4,4,5,5,5,5,5,5,5,5,5,5,5,5,5,5,5,0,1553493,5,1,1152,49634,dscw80
0,0,0,0,0,0,0,0,0,1,1,1,1,1,1,1,1,1,1,1,1,1,1,1,1,1,0,4527237,1,1,1152,49634,dscw80
0,0,2,3,7,8,9,10,10,14,15,15,16,16,17,17,17,17,17,17,19,20,20,20,20,20,0,25065360,20,0,1181,53188,dscw80
0,1,1,1,1,1,1,1,2,2,2,2,2,2,2,2,2,2,2,2,2,2,2,2,2,2,0,21026859,2,1,1181,53188,dscw80
0,0,0,0,0,0,0,0,0,0,0,0,0,0,0,0,0,0,0,0,1,1,1,1,1,1,0,1245413,1,0,1173,52590,dscw80
0,0,1,1,1,1,2,2,2,2,2,2,2,2,2,2,2,2,2,2,2,2,2,4,4,4,0,519319,4,1,1152,49634,dscw80
0,0,0,0,0,0,0,0,0,0,1,1,1,1,2,2,2,2,2,2,2,2,2,2,2,2,0,5511547,2,0,1173,52590,dscw80
0,0,0,0,0,0,0,0,0,0,0,0,0,0,1,1,2,2,2,2,2,2,2,2,2,2,0,11360600,2,0,1152,49634,dscw80
0,0,0,1,1,1,2,2,2,2,2,2,2,2,2,2,2,2,2,2,2,2,2,2,2,2,0,3995,2,1,1152,49634,dscw80
0,0,0,0,1,1,1,1,1,1,1,1,1,1,1,1,1,1,1,1,1,1,1,1,1,1,0,67712,1,1,1152,49634,dscw80
0,0,0,0,0,0,0,0,0,0,0,0,0,0,0,0,0,0,0,0,1,1,1,1,1,1,0,64353,1,0,1181,53188,dscw80
0,0,0,0,0,1,1,3,3,3,6,7,8,9,9,10,10,12,12,12,14,16,16,17,17,17,0,83708305,17,0,1152,49634,dscw80
0,0,1,2,2,2,2,2,2,2,2,2,2,2,2,2,2,2,2,2,2,2,2,2,2,2,0,3565,2,0,1181,53188,dscw80
0,0,0,0,0,0,1,1,2,5,8,14,20,26,33,37,39,42,51,54,74,82,90,93,94,97,1,163413595,98,0,1152,49634,dscw80
0,0,0,0,0,2,2,3,3,3,4,4,4,5,6,6,6,6,6,7,8,9,10,10,10,10,0,39447274,10,1,1152,49634,dscw80
0,0,0,0,1,1,1,1,1,1,1,1,1,1,1,1,1,1,1,1,1,1,1,1,1,1,0,1974,1,1,1152,49634,dscw80
0,0,0,0,1,1,1,1,1,1,1,1,1,1,1,1,1,1,1,1,1,1,1,1,1,1,0,17495,1,1,1152,49634,dscw80
0,0,0,0,0,0,0,0,0,0,0,2,2,2,2,2,2,2,2,2,3,3,3,3,3,3,0,5486541,3,0,1152,49634,dscw80
0,0,0,0,0,0,1,1,1,1,1,1,1,1,1,1,1,1,1,1,1,1,1,1,1,1,0,1275,1,0,1173,52590,dscw80
0,0,0,0,0,0,0,0,0,0,0,0,0,0,0,0,0,0,0,0,0,1,1,1,1,1,0,2660,1,1,1152,49634,dscw80
0,0,0,0,0,0,0,1,1,1,1,1,1,1,1,1,1,1,1,1,1,1,1,1,1,1,0,1905,1,1,1152,49634,dscw80
0,0,0,1,1,2,2,3,4,7,9,9,9,9,11,13,13,13,14,14,16,16,17,17,17,17,0,48303102,17,0,1152,49634,dscw80
0,0,0,1,1,1,1,1,1,1,1,1,1,1,1,1,1,1,1,1,1,1,1,1,1,1,0,2264,1,1,1152,49634,dscw80
0,0,0,0,1,1,1,1,1,1,1,1,1,1,1,1,1,1,1,1,1,1,1,1,1,1,0,257762,1,1,1152,49634,dscw80
0,0,0,0,0,0,0,0,0,1,1,1,2,2,2,2,2,2,2,2,2,2,2,2,2,2,0,5514674,2,0,1152,49634,dscw80
0,0,0,0,0,0,0,0,0,0,0,0,0,0,0,0,0,0,0,0,0,1,3,3,3,3,0,2898411,3,0,1151,49440,dscw80
0,0,0,0,0,0,0,0,0,0,0,0,0,0,0,0,0,0,0,0,0,1,1,1,1,2,0,5202562,2,0,1173,52590,dscw80
0,0,0,0,0,0,0,1,1,1,1,1,1,1,1,1,1,1,1,1,1,1,1,1,1,1,0,1920,1,1,1152,49634,dscw80
0,0,0,0,0,0,0,0,0,0,1,1,1,1,1,1,1,1,1,1,1,1,1,1,1,1,0,5409990,1,0,1152,49634,dscw80
0,0,0,0,0,0,1,1,1,1,1,1,1,2,2,2,2,3,3,3,4,4,4,5,5,5,0,20160068,5,0,1152,49634,dscw80
0,0,0,0,0,0,1,1,1,1,1,1,1,1,1,1,1,1,1,1,1,1,1,1,1,1,0,2783217,1,1,1152,49634,dscw80
0,0,0,0,0,1,1,1,1,1,1,1,1,1,1,1,2,2,2,2,2,2,2,2,2,2,0,516001,2,1,1181,53188,dscw80
0,0,0,1,1,1,1,2,2,2,2,2,2,2,2,2,2,2,2,2,2,2,2,2,2,2,0,4134,2,1,1152,49634,dscw80
0,0,0,1,3,3,3,4,4,5,5,5,5,5,5,5,5,5,5,5,5,5,5,5,5,5,0,7058722,5,1,1152,49634,dscw80
0,0,0,0,0,0,0,0,0,1,1,1,1,1,1,1,1,1,1,1,1,1,1,1,1,1,0,1610878,1,0,1152,49634,dscw80
0,0,1,1,2,2,2,2,2,2,2,2,2,2,2,2,2,2,2,2,2,2,2,2,2,2,0,620239,2,1,1181,53188,dscw80
0,0,0,0,1,1,1,1,1,1,1,1,1,1,1,1,1,1,1,1,2,2,3,3,3,3,0,14969376,3,0,1151,49440,dscw80
0,0,1,1,1,2,2,2,2,2,2,2,2,2,2,2,2,2,2,2,2,2,2,2,2,2,0,259636,2,1,1152,49634,dscw80
0,0,0,0,0,0,0,2,3,5,5,7,7,7,7,7,7,7,7,7,8,8,9,9,9,9,0,1087061,9,1,1152,49634,dscw80
0,0,0,0,1,1,1,1,1,1,1,1,1,1,1,1,1,1,1,1,1,1,1,1,1,1,0,2696,1,0,1181,49634,dscw80
0,0,0,0,0,0,0,0,0,1,1,1,1,1,1,1,1,1,1,1,1,1,1,1,1,1,0,8383280,1,1,1181,49634,dscw80
0,0,0,0,0,0,0,0,0,0,0,0,0,0,0,0,0,0,0,0,0,0,1,1,1,1,0,260103,1,0,1151,49440,dscw80
0,0,0,0,0,1,1,1,1,1,1,1,1,1,1,1,1,1,1,1,1,1,1,1,1,1,0,2152,1,1,1152,49634,dscw80
0,0,0,0,0,0,0,0,0,0,0,0,0,0,0,0,0,0,0,0,1,1,1,1,1,1,0,2367092,1,0,1173,52590,dscw80
0,0,0,0,1,1,1,1,1,1,1,1,1,1,1,1,1,1,1,1,1,1,1,1,1,1,0,2242,1,1,1152,49634,dscw80
0,0,0,0,1,1,1,1,1,1,1,1,1,1,1,1,1,1,1,1,1,1,1,1,1,1,0,1964,1,1,1152,49634,dscw80
0,0,0,2,3,3,3,5,5,5,5,7,7,7,7,7,7,8,8,8,8,9,9,9,9,9,0,10918333,9,1,1152,49634,dscw80
0,0,0,0,0,0,0,1,1,1,1,1,1,1,1,1,1,1,1,1,1,1,1,1,1,1,0,2061,1,1,1152,49634,dscw80
0,0,0,0,0,0,0,0,0,0,0,0,0,0,0,0,0,0,0,0,1,1,1,1,1,1,0,128308,1,0,1152,49634,dscw80
0,0,0,0,0,0,0,0,0,0,1,1,1,1,1,1,1,1,1,1,1,1,1,1,1,1,0,257992,1,0,1152,49634,dscw80
0,0,0,0,0,0,0,0,1,1,1,1,1,1,1,1,1,1,1,1,2,2,3,3,4,5,0,11028857,5,0,1151,49440,dscw80
0,0,0,0,0,0,1,2,3,4,5,5,5,5,5,5,5,5,5,5,5,5,5,5,5,5,0,6489980,5,1,1152,49634,dscw80
0,0,0,2,2,2,3,3,3,3,3,3,3,3,3,3,3,3,3,3,4,4,4,4,4,4,0,6748399,4,1,1152,49634,dscw80
0,0,0,1,1,1,1,2,2,2,2,2,2,2,2,3,3,3,3,3,4,4,4,4,4,4,0,158725,4,1,1152,49634,dscw80
0,0,0,0,1,1,1,1,1,1,1,1,1,1,1,1,1,1,1,1,1,1,1,1,1,1,0,257981,1,0,1181,53188,dscw80
0,0,0,0,0,0,0,0,0,0,0,0,0,0,0,0,0,0,0,0,0,1,1,1,1,1,0,1774,1,0,1173,49634,dscw80
0,0,0,0,1,2,2,2,2,2,2,2,2,2,2,2,2,2,2,2,2,2,2,2,2,2,0,257451,2,1,1181,53188,dscw80
0,0,0,0,0,0,0,0,0,0,0,0,0,0,0,0,0,0,1,1,1,1,1,1,1,1,0,65324,1,0,1151,49634,dscw80
0,0,0,1,1,1,1,1,1,1,1,1,1,1,1,1,1,1,1,1,1,1,1,1,1,1,0,257917,1,1,1152,49634,dscw80
0,0,0,0,0,0,1,2,2,2,2,2,2,2,2,2,2,2,2,2,2,2,2,2,2,2,0,3302,2,1,1152,49634,dscw80
0,0,0,0,0,0,0,1,1,1,2,2,2,2,2,2,2,2,2,2,3,3,3,3,3,3,0,4995269,3,1,1152,49634,dscw80
0,0,0,0,0,1,1,1,1,1,1,1,1,1,1,1,1,1,1,1,1,1,1,1,1,1,0,165966,1,0,1152,49634,dscw80
0,0,0,0,0,0,0,0,0,0,0,0,0,0,0,0,0,0,0,0,1,1,1,1,1,1,0,6347305,1,1,1173,49634,dscw80
0,0,0,0,0,0,0,0,0,0,1,1,1,1,1,1,1,1,1,1,1,1,1,1,1,1,0,257977,1,0,1151,49634,dscw80
0,0,0,0,0,0,0,0,0,0,0,0,0,0,0,1,1,1,1,1,1,1,1,1,1,1,0,12265,1,0,1173,49634,dscw80
0,0,0,0,0,0,1,1,1,1,1,1,1,1,1,1,1,1,1,1,1,1,1,1,1,1,0,19367,1,1,1181,53188,dscw80
0,0,0,0,0,0,0,0,0,0,0,0,0,1,1,1,1,1,1,1,1,1,1,1,1,1,0,5207083,1,1,1152,49634,dscw80
0,0,0,0,0,1,1,2,3,3,4,5,7,9,10,10,10,10,10,10,11,13,13,13,13,13,0,11199743,13,1,1152,49634,dscw80
0,0,0,2,2,2,2,2,2,3,3,3,3,3,3,3,3,3,3,4,4,4,4,4,4,4,0,16019649,4,1,1152,49634,dscw80
0,0,0,1,1,1,1,1,1,1,1,1,1,1,1,1,1,1,1,1,1,1,1,1,1,1,0,2441,1,1,1152,49634,dscw80
0,0,1,1,1,3,3,3,3,3,4,4,4,4,5,5,5,5,5,5,5,6,6,6,6,7,0,1471689,7,1,1181,53188,dscw80
0,0,0,0,0,0,0,0,1,1,2,3,3,4,6,6,6,6,6,7,7,8,9,9,9,9,0,916940,9,1,1152,49634,dscw80
0,0,0,0,1,1,1,1,1,1,1,2,2,2,2,2,2,2,2,2,2,2,2,2,2,2,0,7998737,2,0,1152,49634,dscw80
0,0,0,0,0,0,1,1,1,1,1,1,1,1,1,1,1,1,1,1,1,1,1,1,1,1,0,258163,1,1,1152,49634,dscw80
0,0,1,1,1,1,1,1,1,1,1,1,1,1,1,1,1,1,1,1,1,1,1,1,1,1,0,4609261,1,1,1181,53188,dscw80
0,0,0,1,1,1,1,1,1,1,1,1,1,1,1,1,1,1,1,1,1,1,1,1,1,1,0,0,1,0,1151,49440,dscw80
0,0,0,0,0,1,2,2,2,2,2,2,2,2,2,2,2,2,2,2,2,2,3,3,3,3,0,516916,3,1,1173,52590,dscw80
0,0,0,0,1,2,2,2,2,3,3,3,3,3,3,3,3,3,3,3,3,3,3,3,3,3,0,26281248,3,1,1181,53188,dscw80
0,0,0,0,0,0,1,2,4,7,10,12,15,17,19,19,19,19,20,21,25,26,26,27,27,27,0,74812578,27,0,1152,49634,dscw80
0,0,0,0,0,0,0,0,0,0,0,0,0,0,0,0,0,0,0,0,0,0,0,0,0,1,0,257969,1,0,1152,49634,dscw80
0,0,0,0,2,2,2,4,5,5,6,7,7,7,7,8,8,8,8,8,8,8,8,8,8,8,0,30335514,8,0,1173,52590,dscw80
0,0,0,0,0,0,0,1,2,2,2,2,2,2,2,2,2,2,2,2,2,2,2,2,2,2,0,2804,2,1,1151,49634,dscw80
0,0,0,0,2,5,6,9,12,15,19,21,24,25,26,27,28,28,29,30,34,35,36,36,36,36,0,130630789,36,0,1152,49634,dscw80
0,0,0,0,0,0,1,1,1,1,1,1,1,1,1,1,1,1,1,1,1,1,1,1,1,1,0,2192,1,0,1152,49634,dscw80
0,0,0,0,0,0,0,0,0,0,0,0,0,0,0,0,0,0,0,1,1,1,1,1,1,1,0,64715,1,0,1152,49634,dscw80
0,0,0,0,0,0,0,0,0,0,0,0,1,1,1,2,2,2,2,2,2,2,2,2,2,2,0,515688,2,0,1152,49634,dscw80
0,0,0,0,0,0,0,0,0,0,0,0,0,0,0,0,0,0,0,0,1,1,1,1,1,1,0,3660253,1,0,1181,53188,dscw80
0,0,0,0,0,0,0,1,2,2,2,2,2,3,4,4,4,4,4,4,5,5,5,5,5,5,0,2960518,5,1,1152,49634,dscw80
0,0,0,0,0,0,0,0,0,0,0,0,1,1,1,1,1,1,1,1,2,2,2,2,2,2,0,2942978,2,0,1152,49634,dscw80
0,0,0,0,0,0,0,0,0,1,2,3,4,5,5,6,6,8,8,9,14,15,16,16,16,17,0,31933442,17,0,1152,49634,dscw80
0,1,1,3,4,4,4,5,6,7,7,7,7,7,7,7,7,7,7,7,7,7,7,7,7,7,0,2043066,7,1,1181,53188,dscw80
0,0,0,0,0,0,1,1,1,1,1,1,1,1,1,1,1,1,1,1,1,1,1,1,1,1,0,257457,1,1,1152,49634,dscw80
0,0,0,0,0,0,0,1,2,3,3,3,3,3,3,3,3,3,3,3,3,4,5,5,5,5,0,21197213,5,0,1152,49634,dscw80
0,0,0,0,0,0,0,0,0,0,0,0,0,0,0,0,0,0,0,0,0,1,1,1,1,1,0,3245203,1,0,1173,52590,dscw80
0,0,0,1,1,1,1,1,1,1,1,1,1,1,1,1,1,1,1,1,1,1,1,1,1,1,0,1797,1,1,1152,49634,dscw80
0,0,0,0,0,0,0,0,0,0,0,0,0,0,0,0,0,0,0,0,0,0,1,1,1,1,0,2499,1,1,1151,49440,dscw80
0,0,0,0,0,0,0,2,8,13,18,23,26,33,39,43,45,48,51,52,66,74,77,81,82,82,0,155179825,82,0,1152,49634,dscw80
0,0,0,0,0,0,1,1,1,4,4,6,6,6,7,7,7,8,8,8,11,11,12,12,12,12,0,11644347,12,0,1152,49634,dscw80
0,0,0,0,0,0,0,0,1,1,1,2,2,2,2,3,3,3,3,3,3,3,3,3,3,3,0,265748,3,1,1151,49634,dscw80
0,0,0,0,0,1,1,1,1,1,1,1,1,1,1,1,1,1,1,1,1,1,1,1,1,1,0,132150,1,0,1152,49634,dscw80
0,0,0,0,0,0,0,0,0,0,0,1,1,1,2,2,2,3,3,3,4,5,5,5,5,5,0,679243,5,0,1152,49634,dscw80
0,0,0,0,0,0,0,0,0,0,0,0,0,0,0,1,1,1,1,1,1,1,1,1,1,1,0,3843184,1,1,1181,53188,dscw80
0,0,0,0,4,7,17,25,30,35,39,45,51,54,55,55,58,58,58,60,64,66,70,71,71,71,0,219237686,71,1,1152,49634,dscw80
0,0,0,0,1,3,4,7,10,10,12,13,13,13,15,15,15,15,15,15,16,18,18,18,18,18,0,45698338,18,0,1152,49634,dscw80
0,0,0,0,1,1,1,1,1,1,1,1,1,1,1,1,1,1,1,1,1,1,1,1,1,1,0,257416,1,1,1152,49634,dscw80
0,0,0,0,0,0,0,0,0,0,0,0,0,0,0,0,0,0,0,0,0,1,1,1,1,1,0,2119,1,1,1152,49634,dscw80
0,1,4,4,4,6,6,6,7,7,8,8,8,8,8,8,8,8,8,8,8,8,8,8,8,8,0,58566355,8,1,1181,53188,dscw80
0,0,0,0,0,0,0,0,0,0,0,0,0,0,0,1,1,1,1,1,1,1,1,1,1,1,0,2662,1,1,1152,49634,dscw80
0,0,0,0,0,0,0,0,0,0,0,0,0,0,0,0,0,0,0,0,0,0,1,1,1,1,0,128881,1,0,1181,49634,dscw80
0,0,0,1,1,1,1,1,1,1,1,1,1,1,1,1,1,1,1,1,1,1,1,1,1,1,0,257407,1,1,1181,53188,dscw80
0,0,0,0,0,0,0,0,0,0,0,1,1,1,1,2,2,2,2,2,2,2,2,2,2,2,0,6756326,2,0,1152,49634,dscw80
0,0,0,1,1,1,1,2,2,2,2,2,2,2,2,2,2,2,2,2,2,2,2,2,2,2,0,10995080,2,1,1152,49634,dscw80
0,0,0,0,1,6,17,29,49,68,76,84,99,104,117,125,134,141,146,150,182,196,208,213,215,216,1,663836470,217,0,1152,49634,dscw80
0,0,0,0,0,0,0,0,0,0,0,0,0,0,1,1,1,1,1,1,1,1,1,1,1,1,0,258087,1,1,1181,53188,dscw80
0,0,0,0,0,0,0,1,1,1,1,1,1,1,1,1,1,1,1,1,1,1,1,1,1,1,0,257518,1,0,1181,53188,dscw80
0,0,0,0,0,0,0,0,0,0,0,0,0,1,1,1,1,1,1,1,1,1,1,1,1,1,0,520680,1,1,1181,53188,dscw80
0,0,0,0,0,0,0,0,0,0,0,0,0,1,1,2,2,2,2,2,2,2,3,4,4,4,0,5057769,4,0,1173,49634,dscw80
0,0,0,0,0,0,0,0,0,0,0,0,0,0,0,0,0,0,0,0,0,0,0,0,0,0,1,1396,1,0,1152,49634,dscw80
0,0,0,0,1,1,2,2,2,2,3,3,3,3,3,3,3,3,3,3,4,4,4,4,4,4,0,16753505,4,1,1152,49634,dscw80
0,0,0,0,0,0,1,1,2,2,2,2,3,3,3,3,3,3,3,3,4,4,4,4,4,4,0,3468899,4,0,1152,49634,dscw80
0,0,0,0,0,0,0,1,2,3,3,3,3,3,4,4,4,5,5,5,5,5,6,6,6,6,0,13459251,6,0,1152,49634,dscw80
0,0,0,0,0,0,0,0,0,0,0,0,0,0,0,1,1,1,1,1,1,1,1,1,1,1,0,258033,1,0,1152,49634,dscw80
0,0,0,0,0,1,6,6,7,9,9,10,11,11,12,13,13,13,13,13,13,13,13,13,13,13,1,2212921,14,1,1152,49634,dscw80
0,0,0,0,0,0,0,0,1,1,1,1,1,1,1,1,1,1,1,1,1,1,1,1,1,1,0,2764,1,1,1151,49440,dscw80
0,0,1,2,2,5,9,9,14,15,18,19,20,21,21,21,21,21,21,21,26,27,29,29,29,30,0,111883304,30,0,1152,49634,dscw80
0,0,0,0,0,0,0,0,1,1,1,1,1,1,1,1,1,1,1,1,2,2,2,2,2,2,0,1567295,2,1,1152,49634,dscw80
0,0,0,0,1,1,1,1,1,1,2,2,2,2,2,2,2,2,2,2,2,2,2,2,2,2,0,3488502,2,0,1181,53188,dscw80
0,0,0,0,0,0,0,1,1,2,2,2,2,2,2,2,2,2,2,2,2,2,2,2,2,2,0,4122,2,1,1152,49634,dscw80
0,0,0,0,1,1,1,1,1,1,1,1,1,1,1,1,1,1,1,1,1,1,1,1,1,1,0,258166,1,1,1152,49634,dscw80
0,0,0,0,0,0,0,0,0,0,0,0,0,1,1,1,1,1,1,1,1,1,1,1,1,1,0,6746871,1,0,1152,49634,dscw80
0,0,0,0,0,0,0,1,1,1,1,1,1,1,1,1,1,1,1,1,1,1,1,1,1,1,0,113029,1,0,1152,49634,dscw80
0,0,0,0,0,0,0,1,2,3,3,3,3,4,4,5,5,5,5,5,5,6,6,6,6,6,0,2943321,6,1,1152,49634,dscw80
0,0,0,0,0,0,0,0,0,0,0,0,0,0,0,0,0,0,0,0,1,1,1,1,1,1,0,1215936,1,1,1151,49440,dscw80
0,0,0,0,0,0,0,0,0,0,0,0,0,0,0,0,1,1,1,1,1,1,1,1,1,1,0,1862,1,0,1151,49634,dscw80
0,0,0,0,1,1,1,1,1,1,1,1,1,1,1,1,1,1,1,1,1,1,1,1,1,1,0,2515,1,1,1152,49634,dscw80
0,0,0,0,0,0,0,0,1,1,1,1,1,1,1,1,1,1,1,1,1,1,1,1,1,1,0,4586179,1,0,1152,49634,dscw80
0,0,0,0,0,0,0,0,0,0,1,1,1,1,1,2,3,3,3,3,3,3,3,3,3,3,0,14284644,3,0,1152,49634,dscw80
0,0,0,0,0,0,0,0,0,0,0,0,0,0,0,0,0,0,0,0,0,1,1,1,1,1,0,1493,1,0,1152,49634,dscw80
0,0,0,0,0,1,2,3,3,3,3,3,3,3,3,3,3,3,3,3,3,3,3,3,3,3,0,9901663,3,1,1181,53188,dscw80
0,0,0,0,2,5,8,9,10,11,12,13,15,19,22,26,29,29,30,31,38,42,46,46,46,46,0,78350441,46,0,1152,49634,dscw80
0,0,0,0,0,0,1,1,1,1,1,1,2,2,2,2,2,2,2,2,2,2,2,2,2,2,0,257910,2,1,1152,49634,dscw80
0,0,0,0,0,0,0,0,0,0,1,2,3,3,3,3,3,3,3,4,4,4,4,4,4,4,0,20893241,4,0,1152,49634,dscw80
0,0,0,1,1,1,1,1,1,1,1,1,1,1,1,1,1,1,1,1,1,1,1,1,1,1,0,257560,1,0,1181,53188,dscw80
0,0,0,0,0,0,1,1,1,1,1,1,2,2,2,2,2,2,2,2,2,2,2,2,2,2,0,31533407,2,0,1173,52590,dscw80
0,0,0,0,0,1,1,1,1,1,1,1,1,1,1,1,1,1,1,1,1,1,1,1,1,1,0,2091,1,1,1152,49634,dscw80
0,0,0,0,0,0,1,1,2,2,2,3,3,3,3,4,5,5,5,5,6,6,6,6,6,6,0,25202293,6,1,1152,49634,dscw80
0,0,0,0,0,0,0,0,1,1,1,2,2,2,2,2,2,2,2,2,2,2,2,2,2,2,0,760527,2,0,1181,49634,dscw80
0,0,0,0,0,1,1,1,1,1,1,1,1,2,2,3,3,4,4,4,5,5,6,6,6,6,0,7686877,6,0,1152,49634,dscw80
0,0,0,0,0,0,0,0,0,0,0,0,0,0,0,0,0,0,1,1,2,2,2,2,2,2,0,827175,2,0,1173,49634,dscw80
0,0,0,0,0,0,0,0,0,0,0,0,0,0,0,0,0,0,0,0,1,1,1,1,1,1,0,128016,1,1,1151,49634,dscw80
0,0,0,0,1,1,2,2,2,2,3,3,3,4,4,4,4,4,4,5,6,7,7,7,7,7,0,4469082,7,0,1152,49634,dscw80
0,0,0,0,0,0,1,1,1,1,1,1,1,1,1,1,1,1,1,1,1,1,1,1,1,1,0,1560,1,1,1152,49634,dscw80
0,0,0,0,0,0,0,0,0,0,0,0,0,0,0,0,0,0,0,0,0,0,0,1,1,1,0,257561,1,1,1152,49634,dscw80
0,0,0,0,0,0,0,1,2,3,3,3,4,4,4,5,5,5,5,5,5,5,5,5,5,5,0,5598638,5,0,1152,49634,dscw80
0,0,0,0,0,0,1,1,1,1,1,1,1,1,1,1,1,1,1,1,1,1,1,1,1,1,0,128790,1,0,1173,52590,dscw80
0,0,0,0,0,0,0,0,0,0,0,0,0,0,0,0,0,0,0,0,1,1,1,1,1,1,0,128675,1,1,1173,49634,dscw80
0,0,0,0,0,0,0,0,0,0,0,0,0,0,0,0,0,0,0,0,0,1,1,1,1,1,0,1519,1,0,1181,53188,dscw80
0,0,0,0,0,0,0,0,0,0,0,0,0,0,0,0,0,0,0,1,1,1,1,1,1,1,0,1918,1,1,1152,49634,dscw80
0,0,0,0,1,1,1,1,1,2,2,2,2,2,2,2,2,2,2,2,2,2,2,2,2,2,0,9717093,2,1,1152,49634,dscw80
0,0,0,0,1,1,1,1,2,2,2,2,2,3,3,3,3,3,3,3,3,3,3,3,3,3,0,13082233,3,0,1181,53188,dscw80
0,0,0,0,0,0,0,0,0,0,0,0,0,0,0,0,0,0,0,0,1,1,1,1,1,1,0,257578,1,0,1152,49634,dscw80
0,0,0,0,0,0,0,0,0,0,0,0,0,0,1,1,1,1,1,1,1,1,1,1,1,1,0,128888,1,1,1152,49634,dscw80
0,0,0,0,2,2,2,2,2,2,2,2,2,2,2,2,2,2,2,2,2,2,2,2,2,2,0,953448,2,1,1152,49634,dscw80
0,1,1,2,2,3,4,4,4,4,6,6,6,6,6,6,6,7,7,7,7,7,7,7,7,7,0,623268,7,1,1181,53188,dscw80
0,0,0,0,0,0,0,0,0,0,0,0,0,2,2,2,2,2,2,2,3,3,3,3,3,3,0,2645050,3,0,1152,49634,dscw80
0,0,0,0,0,0,1,1,2,5,7,7,7,8,10,10,10,12,12,13,16,16,16,16,16,16,0,30821054,16,0,1152,49634,dscw80
0,0,0,0,0,0,0,0,0,2,2,2,2,2,2,2,2,2,2,3,3,5,5,5,5,5,0,11346986,5,0,1152,49634,dscw80
0,0,0,0,1,2,3,4,4,4,5,5,5,5,5,5,5,5,5,5,5,5,5,5,5,5,0,778335,5,1,1152,49634,dscw80
0,0,0,1,1,1,1,1,2,2,2,2,2,2,2,2,2,2,2,2,2,2,2,2,2,2,0,516092,2,0,1151,49440,dscw80
0,0,0,0,1,2,2,3,3,3,3,3,3,3,3,3,4,4,4,4,5,5,5,5,5,5,0,6382995,5,0,1152,49634,dscw80
0,0,0,0,0,0,0,0,1,1,1,1,1,1,1,1,1,1,1,1,1,1,1,1,1,1,0,8070271,1,0,1152,49634,dscw80
0,0,1,3,3,4,6,7,7,7,7,7,7,7,7,7,7,7,7,7,7,7,7,7,7,7,0,11707100,7,1,1152,49634,dscw80
0,0,0,0,0,1,1,1,1,1,1,1,1,1,1,1,1,1,1,1,1,1,1,1,1,1,0,7983843,1,0,1173,52590,dscw80
0,0,0,0,0,0,0,0,0,0,0,0,0,0,0,0,0,0,0,0,0,1,1,2,2,2,0,11528405,2,1,1152,49634,dscw80
0,0,0,0,0,0,0,0,1,1,1,1,1,1,1,1,1,1,1,1,1,1,1,1,1,1,0,5963,1,0,1151,49440,dscw80
0,0,0,0,0,0,0,0,0,0,0,0,0,1,1,1,1,1,1,1,1,1,1,1,1,1,0,257901,1,0,1152,49634,dscw80
0,0,0,0,0,0,1,2,2,2,2,2,2,2,2,2,2,2,2,2,2,2,2,2,2,2,0,3865,2,1,1152,49634,dscw80
0,0,2,8,10,16,21,26,30,33,35,36,37,39,42,42,42,42,43,44,49,51,53,53,53,55,0,134593394,55,0,1181,53188,dscw80
0,0,0,0,0,1,2,3,3,3,3,3,3,4,4,4,4,4,4,4,4,4,4,4,4,4,0,1036092,4,0,1181,53188,dscw80
0,0,0,0,0,0,0,0,0,0,0,0,0,0,0,0,0,0,0,0,0,0,1,1,1,1,0,2664,1,0,1173,52590,dscw80
0,0,0,0,0,1,1,1,1,1,1,1,1,1,1,1,1,1,1,1,1,1,1,1,1,1,0,128234,1,0,1181,49634,dscw80
0,0,0,0,1,3,3,4,4,5,5,7,9,9,9,10,10,10,10,10,12,13,13,13,13,13,0,25491924,13,0,1152,49634,dscw80
0,0,0,0,0,0,0,1,1,2,2,2,3,3,3,3,3,3,3,3,4,4,4,4,4,4,0,2365024,4,1,1152,49634,dscw80
0,0,0,0,1,1,2,2,2,2,2,2,2,3,3,3,3,3,3,3,4,4,4,4,4,4,0,16906687,4,1,1152,49634,dscw80
0,0,0,0,1,1,1,1,1,1,1,1,1,1,1,1,1,1,1,1,1,1,1,1,1,1,0,2243,1,1,1152,49634,dscw80
0,0,0,1,1,1,1,1,1,2,2,2,2,2,2,2,2,2,2,2,2,2,2,2,2,2,0,1138423,2,0,1152,49634,dscw80
0,0,0,0,0,0,0,0,0,0,0,0,0,0,0,0,0,0,0,1,1,1,1,1,1,1,0,128775,1,0,1151,49440,dscw80
0,0,0,0,0,0,0,0,1,1,3,3,4,4,4,4,4,5,5,6,7,10,10,11,11,11,0,24526247,11,0,1152,49634,dscw80
0,0,0,0,0,0,0,0,0,0,0,0,0,0,0,0,0,0,0,0,0,0,1,1,1,1,0,416677,1,0,1152,49634,dscw80
0,0,1,1,1,1,1,1,1,1,1,1,1,1,1,1,1,1,1,1,1,1,1,1,1,1,0,10224316,1,1,1181,53188,dscw80
0,0,0,0,1,2,2,2,2,2,2,2,2,2,2,2,2,2,2,2,2,2,2,2,2,2,0,4097877,2,1,1152,49634,dscw80
0,0,0,0,1,1,4,4,5,5,6,6,6,6,6,6,6,6,6,6,6,6,6,6,6,6,0,171850,6,1,1152,49634,dscw80
0,0,0,0,0,0,0,0,2,3,3,3,3,3,3,3,3,3,3,3,3,3,3,3,3,3,0,17835886,3,0,1152,49634,dscw80
0,0,0,2,6,7,10,10,10,11,12,12,12,14,14,14,14,14,14,14,16,17,19,19,20,20,0,27694527,20,0,1152,49634,dscw80
0,0,1,1,1,1,2,2,2,2,2,2,2,2,2,2,2,2,2,2,2,2,2,2,2,2,0,459311,2,1,1152,49634,dscw80
0,0,0,0,0,0,0,0,0,0,0,0,0,0,0,0,0,0,0,0,1,1,1,1,1,1,0,6508028,1,0,1152,49634,dscw80
0,0,0,0,1,1,1,1,1,1,1,1,1,1,1,1,1,1,1,1,1,1,1,1,1,1,0,358752,1,1,1181,53188,dscw80
0,0,0,0,0,0,1,1,2,2,2,2,2,2,2,2,2,2,2,2,3,3,3,3,3,3,0,13378548,3,0,1152,49634,dscw80
0,0,0,0,0,1,1,1,1,1,2,2,2,2,2,2,2,2,2,2,2,2,2,2,2,2,0,163592,2,1,1152,49634,dscw80
0,0,0,0,0,0,0,0,0,1,1,1,1,1,1,1,1,1,1,1,1,1,1,1,1,1,0,2032,1,0,1152,49634,dscw80
0,0,0,0,1,1,9,12,13,16,21,25,25,28,29,31,33,34,36,38,42,44,46,47,49,49,0,157523443,49,0,1152,49634,dscw80
0,0,0,0,2,3,5,6,6,10,10,10,13,14,15,15,15,16,16,17,17,17,18,18,18,18,0,664648,18,1,1152,49634,dscw80
0,0,0,0,0,0,1,1,1,1,1,1,1,1,1,1,1,1,1,1,1,1,1,1,1,1,0,5307696,1,0,1151,49440,dscw80
0,0,0,0,0,0,0,0,0,0,0,0,0,0,0,0,0,0,0,0,1,1,1,1,1,1,0,189178,1,0,1152,49634,dscw80
0,0,0,1,1,2,2,2,2,2,2,2,2,3,3,3,3,3,3,3,3,3,3,3,3,3,0,9506310,3,0,1152,49634,dscw80
0,0,0,0,0,0,0,0,0,0,0,0,0,0,0,0,0,0,0,0,1,1,1,1,1,1,0,762690,1,0,1152,49634,dscw80
0,0,0,0,0,0,0,0,0,0,0,0,1,1,1,1,1,1,1,1,1,1,1,1,1,1,0,65109,1,0,1152,49634,dscw80
0,0,0,0,0,0,0,0,0,0,0,0,0,0,1,1,1,1,1,1,1,1,1,1,1,1,0,128668,1,0,1152,49634,dscw80
0,0,0,0,0,0,0,0,0,0,1,1,1,1,1,1,1,1,1,1,1,1,1,1,1,1,0,441763,1,0,1151,49634,dscw80
0,0,0,0,0,0,0,0,0,0,0,0,0,0,0,0,0,0,0,0,0,0,1,1,1,1,0,674748,1,0,1152,49634,dscw80
0,0,0,0,0,1,1,1,1,1,1,1,1,1,1,1,1,1,1,1,3,3,3,3,3,3,0,7354869,3,1,1152,49634,dscw80
0,0,0,1,1,1,1,1,1,1,1,1,1,1,1,1,1,1,1,1,1,1,1,1,1,1,0,1660,1,0,1181,53188,dscw80
0,0,0,0,1,1,2,2,2,3,3,4,4,4,4,5,5,5,5,5,5,5,5,5,5,5,0,11462482,5,1,1152,49634,dscw80
0,0,0,0,0,0,0,1,1,1,1,1,1,1,1,1,1,1,1,1,1,1,1,1,1,1,0,2002,1,1,1173,52590,dscw80
0,0,0,1,1,1,1,1,1,1,1,1,1,1,1,1,1,1,1,1,1,1,1,1,1,1,0,1482960,1,0,1151,49440,dscw80
0,0,2,2,3,3,3,3,3,3,3,3,3,3,3,3,3,3,3,3,3,3,4,4,4,4,0,1181406,4,0,1181,49634,dscw80
0,0,0,0,0,0,0,0,0,0,0,1,1,1,1,1,1,1,1,1,1,1,1,1,1,1,0,257998,1,1,1152,49634,dscw80
0,0,0,0,0,0,0,0,0,0,0,1,1,1,1,1,1,1,1,1,1,1,1,1,1,1,0,128239,1,1,1181,53188,dscw80
0,0,0,0,2,7,27,61,91,132,157,187,210,224,238,245,264,279,287,296,351,377,395,404,405,406,0,1264591990,406,0,1152,49634,dscw80
0,0,0,0,0,0,0,0,0,0,0,0,0,0,1,1,1,1,1,1,1,1,1,1,1,1,0,257598,1,0,1152,49634,dscw80
0,0,0,0,7,9,10,12,14,14,14,14,16,17,19,20,21,22,22,22,27,27,27,28,28,28,0,70994315,28,0,1152,49634,dscw80
0,0,0,0,0,0,0,0,0,0,0,0,0,0,1,1,1,1,1,1,1,1,1,1,1,1,0,2090,1,1,1152,49634,dscw80
0,0,0,3,3,3,5,6,6,6,6,6,7,7,7,7,7,7,7,7,7,7,7,7,7,7,0,9444008,7,1,1152,49634,dscw80
0,0,0,0,0,0,0,0,0,0,0,0,0,0,1,1,1,1,1,1,1,1,1,1,1,1,0,4112438,1,0,1152,49634,dscw80
0,0,0,0,0,0,0,0,0,0,0,0,0,0,0,0,0,0,0,0,1,1,1,1,1,1,0,165790,1,0,1151,49634,dscw80
0,0,0,0,0,0,0,1,1,1,1,1,1,1,1,1,1,1,1,1,1,1,1,1,1,1,0,1876,1,0,1152,49634,dscw80
0,0,0,0,0,0,0,0,0,1,1,1,1,1,1,1,1,1,1,1,1,1,1,1,1,1,0,8576547,1,0,1152,49634,dscw80
0,0,0,0,0,0,0,0,0,1,1,1,1,1,1,1,1,1,1,1,1,1,1,1,1,1,0,257779,1,1,1152,49634,dscw80
0,0,0,0,0,0,0,0,0,0,0,0,0,0,1,1,1,1,1,1,1,1,1,1,1,1,0,257636,1,1,1152,49634,dscw80
0,0,0,0,0,0,0,0,0,0,0,0,1,1,1,1,1,1,1,1,1,1,1,1,1,1,0,257957,1,0,1173,52590,dscw80
0,0,0,1,1,2,2,2,2,4,4,4,4,4,4,4,4,4,4,4,4,4,4,4,4,4,0,5456210,4,1,1152,49634,dscw80
0,0,0,1,1,5,9,9,12,14,15,16,16,17,20,20,20,21,22,22,22,22,22,22,22,22,0,3256179,22,1,1152,49634,dscw80
0,0,0,0,0,1,1,1,1,1,1,1,1,2,2,2,2,2,2,2,2,2,2,2,2,2,0,3836,2,0,1152,49634,dscw80
0,0,0,0,0,0,0,0,0,1,2,4,4,4,4,4,4,4,4,4,4,4,4,4,4,4,0,966613,4,0,1151,49440,dscw80
0,0,0,0,0,0,0,0,0,0,1,1,1,2,2,3,3,3,3,3,4,4,5,5,6,6,0,31658156,6,0,1152,49634,dscw80
0,0,0,0,0,1,2,2,3,3,3,5,5,7,8,8,8,9,9,9,10,11,12,12,12,12,0,49296757,12,0,1152,49634,dscw80
0,0,0,0,0,1,1,1,1,1,1,1,1,1,1,1,1,1,1,1,1,1,1,1,1,1,0,1782956,1,0,1152,49634,dscw80
0,0,0,0,0,0,0,0,0,0,0,0,0,0,0,0,0,0,0,0,1,1,1,1,1,1,0,3153803,1,0,1152,49634,dscw80
0,0,0,0,0,0,0,0,0,0,0,0,0,0,1,1,1,1,1,1,1,1,1,1,1,1,0,15990348,1,0,1173,49634,dscw80
0,0,1,1,4,8,12,15,15,16,17,19,19,20,20,20,20,21,21,21,21,21,21,21,21,21,0,12715596,21,0,1181,53188,dscw80
0,0,0,0,0,0,0,1,1,1,1,1,1,1,1,1,1,1,1,1,1,1,1,1,1,1,0,6729,1,1,1152,49634,dscw80
0,0,0,2,7,9,12,13,14,18,20,22,22,23,25,26,26,28,28,29,33,33,33,33,33,33,0,53524683,33,0,1152,49634,dscw80
0,0,0,0,0,0,1,1,2,2,2,2,2,2,2,2,2,2,2,2,2,2,2,2,2,2,0,10260746,2,1,1152,49634,dscw80
0,0,0,1,2,3,4,6,6,9,13,15,17,18,18,20,20,22,23,25,29,30,31,31,32,32,0,94091080,32,0,1152,49634,dscw80
0,0,0,0,0,0,0,0,0,0,0,0,0,0,0,0,1,1,1,1,1,3,3,3,3,3,0,9114932,3,0,1152,49634,dscw80
0,0,0,0,0,0,0,0,0,0,0,0,0,0,0,0,0,1,1,1,1,1,1,1,1,1,0,5726866,1,0,1173,52590,dscw80
0,0,0,0,0,0,0,1,1,2,2,5,5,5,5,5,6,6,7,7,10,11,11,11,11,11,0,27471645,11,0,1152,49634,dscw80
0,0,0,1,1,1,1,1,1,1,1,1,1,1,1,1,1,1,1,1,1,1,1,1,1,1,0,3083,1,1,1181,53188,dscw80
0,0,0,0,0,0,1,1,2,2,2,2,2,2,2,2,2,2,2,2,2,2,2,2,2,2,0,5612,2,0,1152,49634,dscw80
0,0,0,0,0,0,0,0,0,0,1,1,1,1,1,1,1,1,1,1,1,2,2,2,2,2,0,10197474,2,0,1152,49634,dscw80
0,0,0,0,0,0,0,0,0,0,0,0,0,0,1,1,1,1,1,1,1,1,1,1,1,1,0,2712,1,1,1152,49634,dscw80
0,0,0,0,0,0,0,0,0,0,0,0,0,0,0,0,0,0,0,0,0,0,1,1,1,1,0,4673146,1,0,1152,49634,dscw80
0,0,0,0,0,0,0,0,1,1,1,1,1,1,1,1,1,1,1,1,1,1,1,1,1,1,0,772412,1,1,1152,49634,dscw80
0,0,0,0,0,1,2,2,3,3,3,3,4,5,6,7,7,7,7,7,7,7,7,7,7,7,0,20761763,7,0,1173,52590,dscw80
0,0,0,0,0,0,0,1,1,1,1,1,1,1,1,1,1,1,1,1,1,1,1,1,1,1,0,296914,1,1,1181,53188,dscw80
0,0,1,2,2,2,2,2,3,3,3,3,3,3,3,3,3,3,3,3,3,3,3,3,3,3,0,131761,3,1,1152,49634,dscw80
0,0,0,0,0,0,0,0,1,1,1,1,1,1,1,1,1,1,1,1,1,1,1,1,1,1,0,257569,1,0,1151,49634,dscw80
0,0,0,0,0,0,0,0,0,1,1,1,1,1,1,1,1,1,1,1,1,1,1,1,1,1,0,257654,1,0,1173,52590,dscw80
0,0,0,0,0,0,0,1,1,1,1,1,1,1,1,1,1,1,1,1,1,1,1,1,1,1,0,769681,1,1,1152,49634,dscw80
0,0,0,0,1,5,7,8,9,10,12,12,12,12,12,12,12,12,13,13,13,13,15,16,16,17,0,18925495,17,0,1152,49634,dscw80
0,0,0,0,0,0,0,0,0,1,1,1,1,1,1,1,1,1,1,1,1,2,2,2,2,2,0,130627,2,1,1152,49634,dscw80
0,0,0,0,0,0,0,0,2,2,2,2,2,2,3,3,3,3,3,3,3,3,3,3,3,3,0,963395,3,1,1152,49634,dscw80
0,0,0,0,0,0,0,0,0,0,0,0,0,0,0,0,0,0,0,1,1,1,1,1,1,1,0,128783,1,1,1152,49634,dscw80
0,0,1,1,1,1,1,1,1,1,1,1,2,2,2,2,2,2,2,2,2,2,2,2,2,2,0,131181,2,1,1152,49634,dscw80
0,0,0,0,0,0,0,0,1,1,1,1,1,1,1,1,1,1,1,1,1,1,1,1,1,1,0,1725692,1,0,1152,49634,dscw80
0,0,2,2,2,2,2,2,2,2,3,3,3,3,3,3,3,3,3,3,3,3,3,3,3,3,0,516478,3,1,1181,53188,dscw80
0,0,0,1,1,1,1,1,1,1,1,1,1,1,1,1,1,1,1,1,1,1,1,1,1,1,0,257539,1,1,1152,49634,dscw80
0,0,0,0,0,0,0,0,0,0,0,1,1,1,1,1,1,1,1,1,1,1,1,1,1,1,0,100808,1,0,1152,49634,dscw80
0,0,0,0,1,9,10,12,14,17,21,21,21,23,23,26,27,27,27,27,28,28,28,28,28,28,0,5575527,28,1,1152,49634,dscw80
0,0,2,4,8,8,9,9,10,10,10,10,10,10,11,11,11,11,11,11,11,11,11,11,11,12,0,1888946,12,1,1181,53188,dscw80
0,0,0,0,0,0,0,0,0,0,0,0,0,0,0,0,0,0,0,0,1,1,1,2,2,2,0,235389,2,0,1181,49634,dscw80
0,0,0,0,0,0,0,0,0,0,0,0,1,1,1,1,1,1,1,1,1,1,1,1,1,1,0,1832,1,1,1173,49634,dscw80
0,0,0,0,3,7,12,15,21,24,26,30,30,30,31,34,35,37,39,39,42,42,44,45,45,45,0,56472200,45,0,1152,49634,dscw80
0,0,0,0,0,0,0,0,0,1,1,1,1,1,1,1,1,1,1,1,1,1,1,1,1,1,0,2802278,1,1,1152,49634,dscw80
0,0,0,0,0,0,0,0,0,0,0,0,0,0,0,0,0,0,1,1,1,1,1,1,1,1,0,415768,1,1,1152,49634,dscw80
0,0,0,0,0,0,0,0,0,0,0,0,0,0,0,0,0,0,0,0,0,1,1,1,1,1,0,1257135,1,1,1152,49634,dscw80
0,0,0,0,0,0,0,0,0,0,0,0,1,1,1,1,1,1,1,1,1,1,1,1,1,1,0,4662632,1,0,1152,49634,dscw80
0,0,0,0,0,0,0,0,0,0,0,0,0,0,0,0,0,0,0,0,1,1,1,1,1,1,0,7012318,1,0,1181,53188,dscw80
0,0,0,0,0,1,1,1,2,2,3,4,4,4,4,4,4,4,4,4,5,5,7,7,7,7,0,86144,7,1,1152,49634,dscw80
0,0,0,0,0,0,1,1,1,1,1,1,1,1,1,1,1,1,1,1,1,1,1,1,1,1,0,7940391,1,1,1152,49634,dscw80
0,0,0,0,0,1,1,1,1,1,1,1,1,1,1,1,1,1,1,1,1,1,1,1,1,1,0,2151,1,1,1152,49634,dscw80
0,0,0,0,1,1,1,1,1,1,1,1,1,1,1,1,1,1,1,1,1,1,1,1,1,1,0,257854,1,1,1152,49634,dscw80
0,0,0,0,0,0,0,0,0,1,1,2,2,2,2,2,2,2,2,2,2,2,2,2,2,2,0,4790,2,1,1152,49634,dscw80
0,0,0,0,0,0,0,0,0,0,0,0,0,0,0,0,0,0,0,0,1,1,3,3,3,4,0,6031133,4,0,1181,53188,dscw80
0,0,0,0,0,0,0,0,0,0,0,0,1,1,2,2,2,2,2,2,2,2,2,2,2,2,0,10316,2,1,1181,53188,dscw80
0,0,0,0,0,0,0,1,1,1,1,1,1,1,1,1,1,1,1,1,1,1,1,2,2,2,0,1051831,2,0,1181,53188,dscw80
0,0,0,0,3,3,3,3,3,3,3,3,5,6,6,6,6,6,6,6,6,6,6,6,6,6,0,1290541,6,1,1152,49634,dscw80
0,0,0,0,1,2,2,2,2,2,2,2,2,2,2,2,2,2,2,2,2,2,2,2,2,2,0,291751,2,1,1152,49634,dscw80
0,0,0,0,0,0,0,1,1,1,1,1,1,1,1,1,1,1,1,1,1,1,1,1,1,1,0,6141165,1,1,1151,49634,dscw80
0,0,1,1,1,1,1,1,1,1,1,1,1,1,1,1,1,1,1,1,1,1,1,1,1,1,0,128560,1,1,1152,49634,dscw80
0,0,0,0,0,0,0,0,0,0,0,0,0,0,0,0,0,0,1,1,1,1,1,1,1,1,0,258394,1,0,1173,52590,dscw80
0,0,0,0,1,4,4,8,9,10,10,10,12,12,12,13,14,14,14,15,15,15,15,15,15,15,0,30001322,15,0,1152,49634,dscw80
0,0,0,1,1,1,1,1,1,1,1,1,1,1,1,1,1,1,1,1,1,1,1,1,1,1,0,2190,1,1,1173,52590,dscw80
0,0,0,0,0,0,0,1,1,1,2,2,2,2,2,2,2,2,2,2,2,2,2,2,2,2,0,516022,2,0,1152,49634,dscw80
0,0,0,0,0,0,0,0,0,0,0,0,0,1,1,1,1,1,1,1,1,1,1,1,1,1,0,10564136,1,0,1152,49634,dscw80
0,0,0,0,0,0,0,0,0,0,1,1,1,1,1,1,1,1,1,1,1,1,1,1,1,1,0,201110,1,0,1152,49634,dscw80
0,0,0,0,0,0,3,4,5,5,6,6,7,7,7,9,10,10,10,10,10,10,10,10,10,10,0,47521607,10,0,1152,49634,dscw80
0,0,0,1,3,4,8,10,12,14,15,16,21,21,21,22,24,28,31,34,40,45,46,47,47,48,0,94243664,48,0,1152,49634,dscw80
0,0,0,0,1,12,34,68,106,137,172,196,222,252,271,293,303,317,328,335,383,396,411,415,416,416,0,1297081353,416,0,1152,49634,dscw80
0,0,0,0,0,4,14,23,30,35,43,50,52,56,58,58,61,65,67,67,69,70,70,72,72,72,1,213220522,73,1,1152,49634,dscw80
0,0,0,0,0,0,0,0,0,0,1,1,1,1,1,1,2,2,2,2,2,2,2,2,2,2,0,515732,2,1,1152,49634,dscw80
0,0,0,0,1,3,4,4,5,5,5,5,6,6,6,6,6,6,6,6,7,7,7,7,7,7,0,4207290,7,1,1152,49634,dscw80
0,0,0,0,0,0,0,0,0,0,0,0,0,0,0,0,0,0,0,0,1,1,1,1,1,1,0,165822,1,0,1152,49634,dscw80
0,0,0,0,0,0,0,0,0,0,0,0,0,0,0,0,0,0,0,0,1,1,1,1,1,1,0,2361300,1,0,1152,49634,dscw80
0,0,0,2,2,2,2,3,3,3,3,3,3,3,3,3,3,3,3,3,3,3,3,3,3,3,0,195827,3,1,1152,49634,dscw80
0,0,0,0,1,1,1,1,2,2,2,2,2,2,2,2,2,2,2,2,2,2,2,2,2,2,0,8196621,2,0,1181,53188,dscw80
0,0,0,0,0,0,0,0,1,1,2,3,3,3,3,3,3,3,3,3,3,3,3,3,3,3,0,13693692,3,0,1152,49634,dscw80
0,0,0,0,0,0,0,0,0,0,0,0,0,0,0,0,0,0,0,0,0,0,0,0,0,1,0,128372,1,1,1152,49634,dscw80
0,0,0,0,0,0,0,0,0,1,1,3,5,5,5,6,7,7,7,7,8,10,11,11,11,11,0,40666743,11,0,1152,49634,dscw80
0,0,0,0,0,0,0,0,0,0,0,0,0,0,0,0,0,0,0,0,1,1,1,1,1,1,0,257923,1,0,1152,49634,dscw80
0,0,0,0,0,0,0,0,0,0,0,0,0,0,0,0,0,0,0,0,1,1,1,1,1,1,0,3920599,1,0,1151,49440,dscw80
0,0,0,0,0,0,0,0,1,1,1,1,1,1,1,1,1,1,1,1,1,1,1,1,1,1,0,1475,1,1,1152,49634,dscw80
0,0,0,0,0,0,0,0,0,0,0,0,0,2,2,2,2,2,2,2,2,4,4,4,4,4,0,904084,4,0,1152,49634,dscw80
0,0,0,0,2,8,19,37,56,76,91,107,126,141,148,153,160,174,184,194,224,235,247,253,257,265,26,757299877,291,0,1152,49634,dscw80
0,0,0,0,0,0,0,1,1,1,1,1,1,1,1,1,1,1,1,2,2,2,2,2,2,2,0,10526245,2,0,1181,53188,dscw80
0,0,0,0,0,0,0,0,0,0,0,0,0,0,0,0,0,0,0,0,0,1,1,1,1,2,0,389665,2,1,1152,49634,dscw80
0,0,0,0,0,0,0,0,0,0,0,1,1,1,1,1,1,1,1,1,1,1,1,1,1,1,0,2168337,1,0,1152,49634,dscw80
0,0,0,0,0,0,0,0,1,1,1,1,1,1,1,2,2,2,2,2,3,3,3,4,4,4,2,6383323,6,0,1152,49634,dscw80
0,0,0,0,0,0,0,0,0,0,0,0,0,0,0,0,0,0,1,1,1,1,1,1,1,1,0,1747284,1,0,1181,53188,dscw80
0,0,0,0,0,0,0,0,0,0,0,0,0,0,0,0,0,0,0,0,1,1,1,1,1,1,0,257459,1,1,1152,49634,dscw80
0,0,0,1,2,2,3,3,3,3,3,3,3,4,4,4,5,5,5,6,6,6,6,6,6,6,0,6166494,6,1,1152,49634,dscw80
0,0,0,0,0,0,0,0,0,0,0,0,0,0,0,0,0,0,0,0,0,1,1,1,1,1,0,1904,1,1,1151,49440,dscw80
0,0,0,0,0,1,1,2,2,2,2,2,2,3,3,3,3,4,4,4,7,7,7,8,8,8,0,27420564,8,0,1152,49634,dscw80
0,0,0,0,0,3,9,11,11,12,13,14,14,14,14,14,14,14,14,14,15,15,16,16,16,16,0,791366,16,1,1152,49634,dscw80
0,0,0,0,0,0,0,0,0,0,0,0,0,0,0,0,0,0,0,0,0,0,1,1,1,1,0,14148453,1,0,1152,49634,dscw80
0,0,0,1,1,1,2,2,2,2,2,2,3,3,3,3,3,3,4,4,5,5,5,5,5,5,0,5831880,5,1,1152,49634,dscw80
0,0,0,0,0,0,1,1,2,2,2,2,2,2,2,2,2,2,2,2,2,2,2,2,2,2,0,27052064,2,1,1181,53188,dscw80
0,0,0,0,0,2,2,2,2,2,2,2,2,2,3,3,3,3,3,3,5,5,5,5,5,5,0,2333571,5,0,1173,52590,dscw80
0,0,0,1,1,1,1,1,1,1,2,2,2,2,2,2,2,2,2,2,2,2,2,2,2,2,0,5407,2,1,1152,49634,dscw80
0,0,0,0,0,0,0,0,0,1,1,1,1,1,1,1,1,1,1,1,1,1,1,1,1,1,0,1649273,1,0,1152,49634,dscw80
0,0,0,1,2,2,2,2,2,2,2,2,2,2,2,2,2,2,2,2,2,2,2,2,2,2,0,135431,2,1,1152,49634,dscw80
0,0,0,1,1,1,2,2,2,2,3,3,3,3,3,3,3,3,3,3,3,3,3,3,3,3,0,262544,3,1,1152,49634,dscw80
0,0,0,1,2,2,2,2,2,2,2,2,2,2,2,2,2,2,2,2,2,2,2,2,2,2,0,68106,2,1,1152,49634,dscw80
0,0,0,0,0,0,0,0,0,0,0,0,0,0,0,0,0,0,0,0,0,0,1,1,1,1,0,10825,1,1,1152,49634,dscw80
0,0,0,0,0,0,1,1,1,1,1,1,1,1,1,1,1,1,1,1,1,1,1,1,1,1,0,128289,1,1,1181,49634,dscw80
0,0,1,4,7,13,20,25,33,38,42,47,51,56,58,60,62,64,69,70,78,79,81,83,83,83,0,250828599,83,0,1152,49634,dscw80
0,0,0,0,0,0,0,0,0,0,0,0,0,0,0,0,0,0,0,0,1,1,1,1,1,1,0,1356015,1,1,1152,49634,dscw80
0,0,1,2,3,5,6,7,9,9,9,9,9,10,11,12,14,14,14,14,15,15,15,15,15,15,0,78318920,15,1,1152,49634,dscw80
0,0,0,0,0,0,0,0,0,0,0,0,0,0,1,1,1,1,1,1,1,1,1,1,1,1,0,17680430,1,0,1152,49634,dscw80
0,0,0,0,0,0,0,0,0,0,1,1,1,2,3,3,3,3,3,3,4,4,4,4,4,4,0,38797487,4,1,1151,49634,dscw80
0,0,0,0,0,0,0,0,0,0,0,0,0,0,0,0,0,0,0,0,1,1,1,1,1,1,0,898,1,0,1152,49634,dscw80
0,0,2,2,2,2,3,3,3,3,3,3,3,3,3,3,3,3,3,3,3,3,3,3,3,3,0,8120930,3,1,1152,49634,dscw80
0,0,0,0,0,0,0,0,0,0,0,0,0,0,0,0,0,0,0,1,1,1,1,1,1,1,0,972493,1,1,1152,49634,dscw80
0,0,0,0,0,0,0,0,0,0,0,2,2,2,2,2,2,2,2,2,3,3,3,3,3,3,0,8456729,3,0,1151,49634,dscw80
0,0,0,0,0,0,0,1,2,2,2,2,2,2,2,2,2,2,2,2,2,2,2,2,2,2,0,8463448,2,0,1181,49634,dscw80
0,0,0,0,0,0,0,0,0,0,0,1,1,1,1,1,1,1,1,1,1,1,1,1,1,1,0,129352,1,1,1152,49634,dscw80
0,0,0,0,0,0,0,0,0,0,0,0,0,0,0,0,0,0,0,0,1,1,1,1,1,1,0,3599828,1,0,1181,53188,dscw80
0,0,0,0,0,0,0,3,3,3,3,3,3,3,3,3,3,3,3,3,3,3,3,3,3,3,0,23065107,3,1,1152,49634,dscw80
0,0,0,0,2,3,3,5,5,5,5,5,6,6,6,6,6,6,6,6,6,6,6,6,6,6,0,2228052,6,1,1152,49634,dscw80
0,0,0,0,0,0,0,1,2,2,2,2,2,2,2,2,2,3,3,3,3,3,3,3,3,3,0,2950372,3,0,1173,52590,dscw80
0,0,0,0,0,0,0,0,0,1,1,1,2,4,4,4,5,7,7,7,8,9,10,10,10,10,0,27621952,10,0,1152,49634,dscw80
0,0,0,0,0,0,0,0,0,0,0,0,0,1,1,1,1,1,1,1,1,1,1,1,1,1,0,764404,1,0,1173,52590,dscw80
0,0,0,1,1,1,1,1,1,1,1,1,1,1,1,1,1,1,1,1,2,2,2,2,2,2,0,13483562,2,0,1152,49634,dscw80
0,0,0,0,0,0,0,0,0,0,0,0,0,0,0,0,0,0,0,0,1,1,1,1,1,1,0,113801,1,0,1152,49634,dscw80
0,0,0,0,0,0,0,1,1,1,1,1,1,1,1,1,1,1,1,1,1,1,1,1,1,1,0,1036014,1,1,1152,49634,dscw80
0,0,0,0,1,1,1,1,1,1,1,1,1,1,1,1,1,1,1,1,1,1,1,1,1,1,0,257873,1,0,1173,52590,dscw80
0,0,0,0,0,0,0,0,0,0,1,1,1,1,1,1,1,1,1,1,1,1,1,1,1,1,0,258164,1,1,1173,49634,dscw80
0,0,0,0,0,0,0,0,0,0,0,0,0,0,0,0,0,0,0,0,0,0,1,1,1,2,0,6355701,2,0,1181,53188,dscw80
0,0,0,0,0,2,2,3,3,3,4,4,4,4,4,4,5,5,5,5,5,5,5,5,5,5,0,19983585,5,0,1152,49634,dscw80
0,0,0,0,0,0,0,0,0,1,1,1,1,1,1,1,1,1,1,1,2,2,2,2,2,2,0,18527582,2,0,1152,49634,dscw80
0,0,0,0,0,1,1,1,1,1,1,1,1,1,1,1,1,1,1,1,1,1,1,1,1,1,0,258826,1,1,1152,49634,dscw80
0,0,0,0,1,1,2,5,5,6,6,6,6,6,7,7,7,7,7,7,8,8,8,8,8,8,0,1988091,8,1,1152,49634,dscw80
0,0,0,0,0,0,0,0,0,0,1,1,1,1,1,1,1,1,1,1,1,1,1,1,1,1,0,258066,1,1,1152,49634,dscw80
0,0,0,0,0,0,0,0,0,0,0,0,0,1,1,1,1,1,1,1,1,1,1,1,1,1,0,257790,1,1,1152,49634,dscw80
0,0,1,1,1,1,1,1,1,1,1,1,1,1,1,1,1,1,1,1,1,1,1,1,1,1,0,1921,1,1,1152,49634,dscw80
0,0,0,0,0,0,0,0,0,0,1,1,1,1,1,1,1,1,1,1,1,1,1,1,1,1,0,9517745,1,0,1152,49634,dscw80
0,0,0,0,0,0,2,2,3,4,4,4,4,5,5,5,5,5,5,6,6,7,7,7,7,8,5,325599,13,1,1152,49634,dscw80
0,0,0,0,0,0,0,0,0,2,2,2,2,2,2,2,2,2,2,2,2,2,2,2,2,2,0,3033589,2,0,1151,49440,dscw80
0,0,0,0,0,0,0,0,0,0,0,0,0,0,0,0,0,0,0,0,1,1,1,1,1,1,0,43982,1,0,1152,49634,dscw80
0,0,0,1,1,1,2,2,3,3,3,3,3,3,3,3,3,3,4,4,4,4,4,4,4,5,0,3792999,5,1,1152,49634,dscw80
0,0,0,0,0,0,0,0,0,1,1,1,1,1,1,1,1,1,1,1,1,1,1,1,1,1,0,1341765,1,0,1152,49634,dscw80
0,0,0,0,0,0,0,1,1,1,1,1,1,1,1,1,1,1,1,1,1,1,1,1,1,1,0,8661531,1,1,1181,53188,dscw80
0,0,0,0,0,1,2,2,2,2,2,2,3,3,3,3,3,3,3,3,4,4,4,4,4,4,0,33966661,4,0,1152,49634,dscw80
0,0,0,0,0,0,0,0,0,0,0,2,2,2,2,2,2,2,2,2,2,2,2,2,2,2,0,5006918,2,0,1173,52590,dscw80
0,0,0,0,2,2,2,2,2,2,2,2,2,2,2,2,2,2,2,3,3,3,3,3,3,3,0,9557990,3,1,1152,49634,dscw80
0,0,0,0,0,0,1,1,1,1,1,1,1,1,1,1,1,1,1,1,1,1,1,1,1,1,0,3522797,1,0,1152,49634,dscw80
0,0,0,1,1,1,1,1,1,1,1,1,1,1,1,1,1,1,1,1,1,1,1,1,1,1,0,257315,1,1,1181,53188,dscw80
0,0,0,1,1,1,2,2,2,2,2,2,2,2,2,2,2,2,2,2,2,2,2,2,2,2,0,8714,2,1,1152,49634,dscw80
0,0,0,0,0,0,1,1,1,1,1,1,1,1,1,2,2,2,2,2,3,3,3,3,3,3,0,5812449,3,0,1152,49634,dscw80
0,0,0,0,0,0,2,3,3,7,7,7,9,9,9,9,9,9,9,9,9,9,9,9,9,9,0,8868505,9,0,1152,49634,dscw80
0,0,0,0,1,1,1,1,1,1,1,1,1,1,1,1,1,1,1,1,1,1,1,1,1,1,0,2436,1,1,1152,49634,dscw80
0,0,0,0,0,2,2,3,3,3,3,3,3,3,3,3,3,3,3,3,3,3,3,3,3,3,0,7816,3,1,1152,49634,dscw80
0,0,0,0,0,0,0,0,0,0,0,0,0,0,0,0,0,0,1,1,2,2,2,2,2,2,0,9072303,2,0,1151,49634,dscw80
0,0,0,0,0,0,0,1,3,3,3,3,4,6,7,7,9,9,9,9,12,12,12,12,12,12,0,65499133,12,0,1151,49634,dscw80
0,0,0,0,1,1,2,2,2,2,2,2,2,3,3,3,3,4,4,5,5,5,5,5,5,5,0,276026,5,1,1152,49634,dscw80
0,0,0,0,0,0,0,0,1,2,3,3,3,3,3,3,3,3,3,3,4,4,4,4,4,4,0,41433,4,1,1152,49634,dscw80
0,0,0,0,0,0,0,0,0,0,0,0,0,0,0,0,0,1,1,1,1,1,1,1,1,1,0,2793645,1,0,1152,49634,dscw80
0,0,0,0,0,0,1,1,2,2,2,3,3,3,3,3,3,3,3,3,3,3,3,3,3,3,0,261021,3,0,1173,52590,dscw80
0,0,0,0,0,0,0,0,1,1,1,1,1,1,1,1,1,1,1,1,1,1,1,1,1,1,0,2159,1,0,1151,49634,dscw80
0,0,0,0,0,0,0,0,0,0,1,1,1,1,1,1,1,1,1,1,1,2,2,2,2,2,0,260793,2,0,1173,52590,dscw80
0,1,1,1,1,1,1,1,1,1,1,1,1,1,1,1,1,1,1,1,1,1,1,1,1,1,0,128408,1,1,1152,49634,dscw80
0,0,0,0,1,3,4,5,5,6,6,7,7,7,7,9,10,10,10,10,11,11,11,11,11,11,0,728910,11,1,1152,49634,dscw80
0,0,0,0,0,0,0,0,0,0,0,0,0,0,0,0,0,0,0,0,0,1,1,1,1,2,0,515404,2,0,1151,49440,dscw80
0,0,0,0,0,1,1,2,2,2,2,2,2,2,2,2,2,2,2,2,2,2,2,2,2,2,0,39259370,2,0,1152,49634,dscw80
0,0,0,0,0,0,0,0,0,0,0,0,0,1,1,1,1,1,1,1,1,1,1,1,1,1,0,7142752,1,0,1152,49634,dscw80
0,0,0,0,2,7,15,21,26,30,30,31,36,39,41,41,42,44,44,44,47,51,51,51,51,51,0,138360437,51,1,1152,49634,dscw80
0,0,2,4,8,8,10,11,12,12,12,12,12,12,12,13,13,13,13,13,13,13,13,13,13,13,0,28979808,13,1,1181,53188,dscw80
0,0,0,0,0,0,0,0,0,0,0,0,1,1,1,1,1,1,2,2,2,2,2,2,2,2,0,1594763,2,1,1152,49634,dscw80
0,0,0,0,2,3,5,7,7,9,10,10,12,13,14,14,16,16,16,17,18,18,18,18,18,18,0,21305473,18,1,1152,49634,dscw80
0,0,0,0,0,0,1,2,2,2,2,2,2,2,2,2,2,2,2,2,3,3,3,3,3,3,0,4977432,3,0,1152,49634,dscw80
0,0,0,0,0,0,1,1,1,1,1,1,1,1,1,1,1,1,1,1,1,1,1,1,1,1,0,112973,1,1,1152,49634,dscw80
0,0,0,0,0,0,0,1,1,1,1,1,1,1,1,1,1,1,1,1,1,1,1,1,1,1,0,33237,1,1,1181,49634,dscw80
0,0,0,0,0,0,0,1,1,1,1,1,1,1,1,1,1,1,1,1,2,2,3,3,3,4,0,137785,4,0,1152,49634,dscw80
0,0,2,6,13,20,25,32,37,40,41,44,47,49,50,53,56,56,56,57,63,64,66,66,66,66,0,152558416,66,0,1152,49634,dscw80
0,0,0,0,0,0,0,0,0,0,0,0,0,0,0,0,0,0,0,0,0,1,1,1,1,1,0,257548,1,1,1173,52590,dscw80
0,0,0,0,1,7,14,19,19,21,23,25,26,26,28,28,28,28,29,30,30,30,31,32,32,33,0,112636036,33,1,1152,49634,dscw80
0,0,0,0,0,0,0,0,0,0,0,1,1,1,1,1,1,1,1,1,1,1,1,1,1,1,0,9136323,1,0,1151,49634,dscw80
0,0,0,0,0,0,0,0,0,0,0,1,3,3,3,3,3,3,3,3,3,4,5,5,5,5,0,135113,5,1,1152,49634,dscw80
0,0,0,0,0,0,0,0,0,1,1,1,1,1,1,1,1,1,1,1,1,1,1,1,1,1,0,131348,1,0,1152,49634,dscw80
0,0,0,0,1,1,2,3,3,3,3,3,3,3,3,3,3,3,3,3,3,3,3,4,4,4,0,15473,4,1,1152,49634,dscw80
0,0,0,0,0,0,0,0,0,0,0,0,0,0,0,0,0,0,0,0,1,1,1,1,1,1,0,257473,1,0,1181,49634,dscw80
0,0,0,0,2,3,3,3,3,3,3,3,3,3,3,3,3,3,3,4,4,4,4,4,4,4,0,902689,4,0,1152,49634,dscw80
0,0,1,1,1,3,3,3,3,3,3,3,3,3,3,3,4,4,4,4,4,4,4,4,4,4,0,12073046,4,1,1181,53188,dscw80
0,0,0,0,0,0,0,0,0,0,0,0,0,0,0,0,0,0,0,0,0,0,1,1,1,1,0,128331,1,1,1181,53188,dscw80
0,0,0,0,1,1,1,1,1,1,1,1,1,1,1,1,1,1,1,1,1,1,1,1,1,1,0,2410,1,1,1152,49634,dscw80
0,0,0,1,1,1,1,1,1,1,1,1,1,1,1,1,1,1,1,1,1,1,1,1,1,1,0,195322,1,1,1181,53188,dscw80
0,0,0,0,0,0,1,1,1,1,1,1,1,1,2,2,2,2,2,2,2,2,2,2,2,2,0,1919190,2,0,1151,49440,dscw80
0,0,0,0,0,0,0,0,0,1,1,2,2,2,2,2,2,2,2,2,3,3,3,3,3,4,0,251452,4,1,1152,49634,dscw80
0,0,0,0,0,0,0,0,0,0,0,0,0,1,1,1,1,1,1,1,2,2,2,2,2,2,0,3978144,2,0,1152,49634,dscw80
0,0,2,15,24,27,35,38,42,45,46,51,52,52,52,53,54,57,58,58,62,63,69,72,74,75,0,232926703,75,0,1181,53188,dscw80
0,0,0,0,0,0,0,0,0,0,0,0,0,0,0,0,0,0,0,0,1,1,1,1,1,1,0,6529612,1,0,1173,49634,dscw80
0,0,0,0,1,1,2,2,2,2,2,2,3,3,3,3,3,3,3,3,3,3,3,3,3,3,0,516443,3,1,1152,49634,dscw80
0,0,0,0,0,0,1,1,1,1,1,1,1,1,1,1,1,1,1,1,1,1,1,1,1,1,0,8398650,1,0,1181,53188,dscw80
0,0,0,0,0,0,1,1,1,1,1,1,1,1,1,1,1,1,1,1,1,1,1,1,1,1,0,6537816,1,1,1152,49634,dscw80
0,0,0,0,0,0,1,1,1,1,1,1,1,1,1,1,1,1,1,1,2,2,2,2,2,2,0,295096,2,0,1173,52590,dscw80
0,0,0,0,0,0,0,0,0,0,0,0,0,0,0,0,0,1,1,1,1,1,1,1,1,1,0,1508,1,0,1181,53188,dscw80
0,0,3,4,7,8,8,10,12,13,13,13,13,13,13,13,13,13,13,13,13,13,13,13,13,14,0,56659031,14,1,1181,53188,dscw80
0,0,0,0,1,1,1,1,1,1,1,1,1,1,1,1,1,1,1,1,1,1,1,1,1,1,0,257550,1,1,1181,53188,dscw80
0,0,1,2,2,3,3,3,3,5,5,5,5,5,5,5,5,5,5,6,6,6,6,6,6,6,0,1630026,6,1,1152,49634,dscw80
0,0,0,0,0,0,0,0,0,0,0,0,0,0,0,0,0,0,0,0,0,0,0,1,1,1,0,1348373,1,0,1181,49440,dscw80
0,0,0,1,2,2,3,6,8,10,11,12,14,14,15,16,17,17,18,18,22,23,23,23,23,23,0,54883847,23,0,1152,49634,dscw80
0,0,0,0,0,0,0,0,0,0,0,0,0,0,0,0,0,0,0,0,1,1,1,1,1,1,0,2929,1,1,1173,52590,dscw80
0,0,0,0,0,0,0,0,0,0,0,0,0,0,0,0,0,0,0,0,0,0,0,0,0,1,0,45061,1,1,1152,49634,dscw80
0,0,1,1,2,2,2,2,2,2,2,2,2,2,2,2,2,2,2,2,2,3,3,3,3,3,0,6816,3,1,1152,49634,dscw80
0,0,0,3,3,4,4,5,5,5,5,5,5,5,6,6,6,6,6,6,6,6,6,6,6,6,0,21947404,6,1,1152,49634,dscw80
0,0,0,0,0,0,0,0,0,0,0,0,0,0,0,0,0,0,0,0,1,1,1,1,1,1,0,2528,1,1,1152,49634,dscw80
0,0,1,3,5,9,10,12,15,17,18,18,19,21,21,22,23,23,23,23,27,30,32,32,33,33,0,50477500,33,0,1181,53188,dscw80
0,0,0,0,0,0,0,0,0,0,0,1,1,1,1,1,1,1,1,1,1,1,1,1,1,1,0,165800,1,0,1151,49440,dscw80
0,0,0,0,0,0,0,0,0,0,0,0,1,1,1,1,1,1,1,1,1,1,1,1,1,1,0,1224894,1,1,1152,49634,dscw80
0,0,0,0,0,1,1,1,2,2,2,2,2,2,2,2,2,2,2,2,2,2,2,2,2,2,0,2143159,2,0,1152,49634,dscw80
0,0,0,0,0,1,2,3,3,3,3,3,3,3,3,3,3,3,3,3,3,3,3,3,3,3,0,9135746,3,0,1151,49440,dscw80
0,0,1,1,1,1,1,1,1,1,1,1,1,1,1,1,1,1,1,1,1,1,1,1,1,1,0,64691,1,1,1152,49634,dscw80
0,0,0,0,0,0,0,0,1,1,1,1,1,1,1,1,1,1,1,1,1,1,1,1,1,1,0,257850,1,1,1151,49634,dscw80
0,0,0,0,0,0,2,2,2,3,3,5,5,5,5,5,6,6,6,6,6,6,7,7,7,7,0,2279475,7,1,1152,49634,dscw80
0,0,0,0,1,1,1,1,1,1,1,1,1,2,2,2,2,2,2,2,2,2,2,2,2,2,0,2261186,2,1,1152,49634,dscw80
0,0,0,0,0,0,0,0,0,0,0,0,0,0,0,0,0,0,0,0,1,1,1,1,1,1,0,2045,1,1,1152,49634,dscw80
0,0,0,0,0,0,0,0,0,0,0,0,0,0,0,0,0,0,0,0,1,1,1,1,1,1,0,257778,1,1,1152,49634,dscw80
0,0,0,0,1,1,2,3,3,3,4,4,4,5,5,6,6,6,6,6,7,7,8,8,8,8,0,20582544,8,0,1152,49634,dscw80
0,0,0,3,11,20,32,40,54,68,78,85,91,96,100,101,105,105,107,107,110,117,122,123,123,123,0,391827183,123,0,1152,49634,dscw80
0,0,0,0,0,0,1,1,1,1,1,1,1,1,1,1,1,1,1,1,1,1,1,1,1,1,0,2518,1,1,1181,53188,dscw80
0,0,0,0,0,0,0,0,0,0,0,0,0,0,0,1,1,1,1,1,1,1,1,1,1,1,0,191911,1,0,1181,52590,dscw80
0,0,0,0,0,0,0,0,0,0,0,0,0,0,0,0,1,1,1,1,2,2,3,3,3,3,0,6058529,3,0,1152,49634,dscw80
0,0,0,0,0,0,1,2,3,3,3,3,3,3,3,3,3,3,3,3,3,3,3,3,3,3,0,15651146,3,0,1151,49440,dscw80
0,0,0,1,1,1,1,1,1,1,1,1,1,1,1,1,1,1,1,1,1,1,1,1,1,1,0,9322674,1,1,1152,49634,dscw80
0,0,0,0,0,0,0,1,5,6,8,11,13,13,17,19,22,22,22,23,28,28,28,30,30,30,0,83486305,30,0,1152,49634,dscw80
0,0,0,0,0,0,0,0,0,0,0,0,0,0,0,0,0,0,0,0,0,0,1,1,1,1,0,195041,1,0,1173,49634,dscw80
0,0,2,4,4,6,7,9,9,9,10,10,10,10,10,10,10,10,10,10,10,10,10,10,10,10,0,2065145,10,1,1181,53188,dscw80
0,0,0,0,0,1,1,2,2,2,2,2,2,2,2,2,2,2,2,2,3,3,3,3,3,3,0,2216136,3,0,1181,53188,dscw80
0,0,0,0,1,1,1,1,1,1,1,1,1,1,1,1,1,1,1,1,1,1,1,1,1,1,0,368805,1,1,1181,49634,dscw80
0,0,0,0,0,0,0,2,2,2,2,3,3,3,3,3,3,3,3,3,4,4,4,4,4,4,0,1577374,4,0,1173,52590,dscw80
0,0,0,0,0,0,0,0,0,0,0,0,0,0,0,0,0,0,0,0,0,0,1,1,1,1,0,1849,1,0,1152,49634,dscw80
0,0,0,0,1,1,1,1,1,1,1,2,2,2,2,2,2,2,2,2,2,2,2,2,2,2,0,67216,2,1,1152,49634,dscw80
0,0,0,1,1,1,1,1,1,1,1,1,1,1,1,1,1,1,1,1,1,1,1,1,1,1,0,1871,1,1,1181,53188,dscw80
0,0,0,0,0,0,0,0,1,2,2,2,2,2,3,3,3,4,4,4,4,5,5,5,5,5,0,768967,5,0,1152,49634,dscw80
0,0,0,0,0,0,0,0,1,1,1,2,4,4,4,4,4,4,5,5,5,5,5,5,5,5,0,24551463,5,0,1151,49634,dscw80
0,0,1,1,1,1,1,1,1,1,1,1,1,1,1,1,1,1,1,1,1,1,1,1,1,1,0,66305,1,1,1181,49634,dscw80
0,0,0,1,1,2,2,2,2,2,2,2,2,2,2,2,2,2,3,3,3,3,3,3,3,3,0,774356,3,1,1152,49634,dscw80
0,0,0,0,0,0,1,1,1,1,1,3,3,3,3,4,4,4,4,4,4,4,4,4,4,4,0,22607412,4,0,1152,49634,dscw80
0,0,0,1,1,1,1,1,1,1,1,1,1,1,1,1,1,1,1,1,1,1,1,1,1,1,0,2943,1,1,1173,52590,dscw80
0,0,0,3,10,13,18,27,31,33,37,41,42,46,50,55,57,58,60,62,68,74,76,77,77,77,0,179776386,77,0,1152,49634,dscw80
0,0,2,4,10,12,13,13,14,15,15,15,15,15,15,15,15,15,15,15,16,17,17,17,17,17,0,52213958,17,1,1152,49634,dscw80
0,0,0,0,0,0,0,0,1,1,1,1,1,1,1,1,1,1,1,1,1,1,1,1,1,1,0,257885,1,0,1173,52590,dscw80
0,0,0,1,3,4,4,4,4,4,4,4,5,5,5,5,5,5,5,5,5,5,5,5,5,5,0,7640137,5,1,1152,49634,dscw80
