ttfb_le_5_ms,ttfb_le_10_ms,ttfb_le_15_ms,ttfb_le_20_ms,ttfb_le_25_ms,ttfb_le_30_ms,ttfb_le_35_ms,ttfb_le_40_ms,ttfb_le_45_ms,ttfb_le_50_ms,ttfb_le_55_ms,ttfb_le_60_ms,ttfb_le_65_ms,ttfb_le_70_ms,ttfb_le_75_ms,ttfb_le_80_ms,ttfb_le_85_ms,ttfb_le_90_ms,ttfb_le_95_ms,ttfb_le_100_ms,ttfb_le_150_ms,ttfb_le_200_ms,ttfb_le_300_ms,ttfb_le_400_ms,ttfb_le_500_ms,ttfb_le_1000_ms,ttfb_gt_1000_ms,bytes_sent,requests,is_cache_hit,client_metro,region,maprule
0,0,0,0,0,0,0,0,0,1,1,1,1,1,1,1,1,1,1,1,1,1,1,1,1,1,0,257626,1,1,1152,49634,dscw80
0,0,0,0,0,0,1,1,1,1,1,1,2,3,3,3,3,4,5,5,5,5,6,6,6,6,0,18845328,6,0,1173,52590,dscw80
0,0,0,0,0,0,0,1,1,1,1,1,1,1,1,1,1,1,1,1,1,1,1,1,1,1,0,2859,1,0,1152,49634,dscw80
0,0,0,0,0,1,1,1,1,1,1,1,1,1,1,1,1,1,1,1,1,1,1,1,1,1,0,4413911,1,0,1151,49440,dscw80
0,0,0,0,1,1,1,1,1,1,1,1,1,1,1,1,1,1,1,1,1,1,1,1,1,1,0,4105044,1,0,1151,49440,dscw80
0,0,0,0,0,0,0,0,0,0,0,1,1,1,1,1,1,1,1,1,1,1,1,1,2,2,0,6082118,2,1,1181,53188,dscw80
0,0,0,1,1,1,1,1,1,1,1,1,1,1,1,1,1,1,1,1,1,1,1,1,1,1,0,257414,1,1,1151,49440,dscw80
0,0,0,1,1,1,2,3,3,3,3,3,3,3,3,3,3,3,4,4,4,4,4,4,4,4,0,12725696,4,0,1152,49634,dscw80
0,0,0,0,0,1,1,1,1,1,1,1,1,1,1,1,1,1,1,1,1,1,1,1,1,1,0,131215,1,0,1173,52590,dscw80
0,0,0,0,0,0,0,0,1,1,1,1,1,1,1,1,1,1,1,1,1,1,1,1,1,1,0,6370287,1,0,1173,52590,dscw80
0,0,0,0,0,1,1,1,1,1,1,1,1,1,1,1,1,1,1,1,2,3,3,3,3,3,0,12720292,3,1,1173,52590,dscw80
0,0,0,0,0,0,0,0,0,0,0,0,1,1,1,1,1,1,1,1,1,1,1,1,1,1,0,3751,1,0,1173,49440,dscw80
0,0,0,0,0,0,0,0,0,0,0,0,0,0,0,0,0,0,0,0,0,0,0,0,0,0,1,894,1,0,1152,49634,dscw80
0,0,0,0,0,0,0,0,0,0,0,0,0,1,1,1,1,1,1,1,1,1,1,1,1,1,0,2062909,1,0,1152,49440,dscw80
0,1,1,1,2,2,3,3,3,3,3,3,3,3,3,3,3,3,3,3,3,3,3,3,3,3,0,7482532,3,0,1151,49440,dscw80
0,0,0,0,0,0,0,1,1,1,1,1,1,1,1,1,1,1,1,1,1,1,1,1,1,1,0,2566581,1,1,1151,49440,dscw80
0,0,0,0,0,1,1,1,1,1,1,1,1,1,1,1,1,1,1,1,1,1,2,2,2,2,0,7040136,2,1,1152,49634,dscw80
0,0,0,0,0,0,0,0,0,0,0,0,0,0,1,1,1,1,1,1,1,1,1,1,1,1,0,7633338,1,0,1151,49440,dscw80
0,0,0,0,0,0,0,1,1,1,1,1,1,1,1,1,1,1,1,1,1,1,1,1,1,1,0,2989619,1,0,1173,52590,dscw80
0,0,0,0,0,0,1,1,1,1,1,1,1,1,1,1,1,1,1,1,1,1,2,2,2,2,0,131667,2,1,1151,49440,dscw80
0,0,0,0,0,0,0,0,0,0,0,0,0,1,1,1,1,1,1,1,1,1,1,1,1,1,0,888,1,0,1173,52590,dscw80
0,0,0,0,0,0,0,0,0,0,0,1,1,1,1,1,1,1,1,1,1,1,1,1,1,1,0,6837496,1,1,1181,53188,dscw80
0,0,0,0,0,0,0,0,0,0,0,0,0,0,0,0,0,0,0,0,1,1,1,1,1,1,0,257976,1,1,1151,49440,dscw80
0,0,0,0,0,0,1,1,1,1,1,1,1,1,1,1,1,1,1,1,1,1,1,1,1,1,0,2467,1,1,1152,49634,dscw80
0,0,0,0,0,0,0,0,0,0,1,1,1,1,1,1,1,1,1,1,1,1,1,1,1,1,0,2637807,1,0,1152,49634,dscw80
0,0,0,0,0,0,0,0,0,0,0,0,0,0,0,0,0,0,0,0,0,1,1,1,1,1,0,16683,1,1,1151,49440,dscw80
0,0,0,0,0,0,0,1,1,1,1,1,1,1,1,1,1,1,1,1,1,1,1,1,1,1,0,3213000,1,0,1152,49634,dscw80
0,0,1,1,1,10,15,22,27,27,29,33,35,35,36,37,38,38,39,39,40,40,40,40,40,40,0,94112730,40,1,1152,49634,dscw80
0,0,0,0,1,1,1,1,1,1,1,1,1,1,1,1,1,1,1,1,1,1,1,1,1,1,0,10440828,1,0,1152,49634,dscw80
0,0,0,0,0,1,1,1,1,1,1,1,1,1,1,1,1,1,1,1,1,1,1,1,1,1,0,6240845,1,0,1151,49440,dscw80
0,0,0,0,0,0,0,0,0,0,0,0,0,0,0,0,0,0,1,1,1,1,1,1,1,1,0,257977,1,1,1151,49440,dscw80
0,0,0,0,0,2,3,3,4,4,4,4,4,4,4,4,4,4,4,5,5,5,5,5,5,5,0,7670206,5,0,1152,49634,dscw80
0,0,0,0,1,1,1,1,1,1,1,1,1,1,1,1,1,1,1,1,1,1,1,1,1,1,0,257399,1,1,1181,53188,dscw80
0,0,0,0,0,0,0,0,1,1,1,1,1,1,1,1,1,1,1,1,1,1,1,1,1,1,0,257455,1,0,1151,49440,dscw80
0,0,0,1,3,5,5,5,5,5,5,5,5,5,5,5,5,5,5,5,5,5,5,5,5,7,0,14930817,7,0,1151,49440,dscw80
0,0,0,0,0,0,2,2,2,2,2,2,2,3,3,3,3,3,3,3,3,3,3,3,3,3,0,6518853,3,0,1152,49634,dscw80
0,0,0,0,0,0,0,1,1,1,1,1,1,1,1,1,1,1,1,1,1,1,1,1,1,1,0,257593,1,1,1152,49634,dscw80
0,0,0,0,0,0,1,1,1,1,1,1,1,1,1,1,1,1,1,1,1,1,1,1,1,1,0,9138394,1,0,1152,49634,dscw80
0,0,0,0,1,1,1,1,1,1,1,1,1,1,1,1,1,1,1,1,1,1,1,1,1,1,0,257593,1,0,1173,52590,dscw80
0,0,0,0,0,0,1,1,1,1,1,1,1,1,1,1,1,1,1,1,1,1,1,1,1,1,0,18002,1,1,1151,49440,dscw80
0,0,0,1,1,1,2,2,2,2,2,2,2,2,2,2,2,2,2,2,2,2,2,2,2,2,0,11302,2,1,1151,49440,dscw80
0,0,0,0,0,0,0,0,0,0,0,0,0,0,0,0,0,0,0,0,2,2,2,2,2,2,0,26310788,2,1,1173,52590,dscw80
0,0,0,1,2,11,27,46,67,83,94,108,119,128,139,146,150,150,154,160,178,185,191,195,195,195,0,635258400,195,0,1152,49634,dscw80
0,0,0,0,0,0,0,1,3,3,5,6,9,11,11,11,11,11,12,13,15,15,15,15,15,15,0,37010267,15,0,1152,49634,dscw80
0,0,0,1,1,1,1,1,1,1,1,1,1,1,1,1,1,1,1,1,1,1,1,1,1,1,0,2908,1,1,1152,49634,dscw80
0,0,0,0,0,0,0,0,0,0,0,0,0,0,0,1,1,1,1,1,1,1,1,1,1,1,0,129187,1,0,1173,52590,dscw80
0,0,0,0,0,0,0,0,1,1,1,1,1,1,1,1,1,1,1,1,1,1,1,1,1,1,0,2456,1,0,1152,49440,dscw80
0,0,0,0,0,0,0,0,0,0,1,1,1,1,1,1,1,1,1,1,1,1,1,1,1,1,0,258305,1,1,1152,49634,dscw80
0,0,0,0,0,0,0,1,2,4,8,9,12,13,13,14,15,15,16,16,20,21,22,23,23,23,1,62085525,24,0,1173,52590,dscw80
0,0,1,1,2,2,3,3,3,3,3,3,3,3,3,3,3,3,3,3,3,3,3,3,3,3,0,23839039,3,1,1181,53188,dscw80
0,0,0,0,0,0,0,0,0,0,0,1,1,1,1,1,2,2,2,2,2,2,2,2,2,2,0,14500457,2,1,1173,52590,dscw80
0,0,0,0,1,1,1,1,2,2,2,2,2,2,2,2,2,2,2,2,2,2,2,2,2,2,0,5403118,2,0,1152,49634,dscw80
0,0,0,0,0,0,0,1,1,1,1,1,1,1,1,1,1,1,1,1,1,1,1,1,1,1,0,8867992,1,0,1181,49634,dscw80
0,1,1,1,1,1,1,1,1,1,1,1,1,1,1,1,1,1,1,1,1,1,1,1,1,1,0,43485,1,1,1152,49634,dscw80
0,0,1,2,2,5,6,8,9,10,10,10,10,11,11,11,11,11,11,11,12,12,12,12,12,12,0,35242517,12,0,1181,53188,dscw80
0,0,0,0,0,0,1,1,1,1,1,1,1,1,1,1,1,1,1,1,1,1,1,1,1,1,0,34191,1,1,1152,49634,dscw80
0,0,0,0,0,0,0,0,0,0,0,0,0,0,0,0,0,0,0,0,0,1,1,1,1,1,0,3070968,1,0,1173,52590,dscw80
0,0,0,0,0,0,1,3,3,4,6,7,7,7,8,9,9,9,9,9,9,10,10,10,10,10,0,40931785,10,0,1152,49634,dscw80
0,0,0,0,1,1,1,1,1,1,1,1,1,1,1,1,1,1,1,1,1,1,1,1,1,1,0,128129,1,1,1181,53188,dscw80
0,0,0,0,0,0,1,1,1,1,1,1,2,2,2,2,2,2,2,2,4,4,4,4,4,4,0,2388128,4,0,1173,52590,dscw80
0,0,0,0,0,0,0,0,0,0,1,1,1,1,1,1,1,1,1,1,1,1,1,1,1,1,0,226626,1,1,1151,49440,dscw80
0,0,0,0,0,0,2,2,2,2,2,2,2,2,2,2,2,2,2,2,2,2,2,2,2,2,0,473545,2,1,1151,49634,dscw80
0,0,1,1,2,2,2,2,2,2,2,2,2,2,2,2,2,2,2,2,2,2,2,2,2,2,0,130374,2,1,1151,49440,dscw80
0,0,1,1,1,1,2,2,2,2,2,2,3,3,3,3,3,3,3,3,3,3,3,3,3,3,0,15832499,3,0,1152,49634,dscw80
0,0,0,0,0,0,0,2,2,3,3,4,4,4,4,4,4,4,4,4,4,4,4,4,4,4,0,16881914,4,0,1152,49634,dscw80
0,0,0,1,1,1,1,1,1,1,1,1,1,1,1,1,1,1,1,1,1,1,1,1,1,1,0,129028,1,0,1181,53188,dscw80
0,0,0,0,0,0,0,0,0,0,0,0,0,0,0,0,0,0,0,0,0,0,1,1,1,1,0,1385988,1,1,1152,49634,dscw80
0,0,0,0,0,0,0,1,3,3,4,5,5,5,5,5,5,5,5,5,5,5,5,5,5,5,0,22511971,5,0,1152,49634,dscw80
0,0,1,2,2,3,3,4,5,5,5,5,5,5,5,5,5,5,5,5,5,5,5,5,5,5,0,3940359,5,0,1152,49634,dscw80
0,0,0,0,1,3,3,3,3,3,3,3,3,3,3,3,3,3,3,3,3,3,3,3,3,3,0,263038,3,0,1152,49634,dscw80
0,0,0,0,0,0,0,1,1,1,1,1,1,1,1,2,2,2,2,2,2,2,2,2,2,2,0,5307974,2,0,1152,49634,dscw80
0,0,0,0,0,0,0,0,0,0,0,0,0,0,0,0,0,0,0,0,1,1,2,2,2,2,0,130551,2,0,1181,53188,dscw80
0,0,0,0,0,0,0,0,0,0,0,0,0,0,0,0,0,0,0,0,1,1,1,1,1,1,0,804872,1,0,1151,49440,dscw80
0,0,0,0,2,3,6,7,8,8,8,9,9,10,11,11,12,12,12,12,13,13,13,13,13,13,0,24019347,13,0,1173,52590,dscw80
0,0,0,0,0,0,0,0,0,0,0,0,0,0,0,0,0,0,1,1,1,1,1,1,1,1,0,2651,1,1,1151,49440,dscw80
0,0,0,0,0,0,0,0,0,0,0,0,1,2,2,2,2,2,2,2,2,2,2,2,2,2,0,22117206,2,0,1151,49440,dscw80
0,0,0,0,0,0,0,0,0,0,0,0,0,0,0,0,0,0,0,0,1,1,1,1,1,1,0,119879,1,0,1152,49634,dscw80
0,0,0,0,0,0,0,0,0,0,0,0,0,0,0,0,1,1,1,1,1,1,1,1,1,1,0,1827,1,1,1151,49440,dscw80
0,0,0,0,0,0,0,0,2,2,4,5,5,6,6,6,7,7,7,7,8,9,10,10,10,11,0,40188740,11,0,1151,49440,dscw80
0,0,0,0,0,0,0,0,2,2,2,2,2,2,2,2,2,2,2,2,2,2,2,2,2,2,0,5164770,2,1,1152,49634,dscw80
0,0,0,0,0,0,0,0,0,1,1,1,1,1,1,1,1,1,1,1,1,1,1,1,1,1,0,8581205,1,1,1173,52590,dscw80
0,0,0,0,1,1,1,1,1,2,2,2,2,2,2,2,2,2,2,2,2,2,2,2,2,2,0,7919515,2,0,1181,49440,dscw80
0,0,0,0,0,0,0,1,1,1,1,1,1,1,1,1,1,1,1,1,1,1,1,1,1,1,0,66489,1,1,1152,49634,dscw80
0,0,0,0,0,4,9,13,14,17,19,23,26,26,31,32,33,33,33,33,34,35,35,36,36,36,0,127783881,36,0,1152,49634,dscw80
0,0,0,1,1,1,1,1,1,1,1,1,1,1,1,1,1,1,1,1,1,1,1,1,1,1,0,2606,1,1,1173,52590,dscw80
0,0,0,0,0,0,0,0,0,0,0,1,1,1,1,1,1,1,1,1,1,1,1,1,1,1,0,129202,1,0,1152,49634,dscw80
0,0,0,0,0,0,1,1,1,1,1,1,1,1,1,1,1,1,1,1,1,1,1,1,1,1,0,257577,1,1,1152,49634,dscw80
0,0,0,0,0,0,0,0,0,0,0,0,1,1,1,1,1,1,1,1,1,1,1,1,1,1,0,3445,1,1,1152,49634,dscw80
0,0,0,0,0,0,0,0,0,0,0,0,0,0,0,0,0,0,0,0,2,2,2,2,2,2,0,6673603,2,1,1181,49440,dscw80
0,0,0,0,0,0,0,0,1,1,1,1,1,1,1,1,1,1,1,1,1,1,1,1,1,1,0,14824554,1,0,1151,49634,dscw80
0,0,0,0,0,0,0,0,0,0,0,0,0,0,0,0,0,0,0,0,1,1,1,1,1,1,0,1752,1,1,1152,49634,dscw80
0,0,0,1,1,1,1,1,2,2,2,2,2,2,2,2,2,2,2,2,2,2,2,2,2,2,0,1418310,2,1,1151,49440,dscw80
0,0,0,0,0,0,0,0,1,1,1,1,1,1,1,1,1,1,1,1,1,1,1,1,1,1,0,128166,1,1,1151,49440,dscw80
0,0,0,0,0,2,3,3,3,3,3,3,3,3,3,3,3,3,3,3,3,3,3,3,3,3,0,4392618,3,0,1152,49634,dscw80
0,0,0,1,1,1,1,1,1,1,2,2,2,2,2,2,2,2,2,2,2,2,2,2,2,2,0,463060,2,0,1173,52590,dscw80
0,0,0,0,0,0,0,0,0,0,0,0,0,0,0,0,0,0,0,0,0,0,1,1,1,2,0,2195937,2,0,1151,49440,dscw80
0,0,0,0,0,0,0,0,0,0,0,0,0,0,0,0,0,0,0,0,0,0,1,1,1,1,0,6400673,1,0,1152,49440,dscw80
0,0,1,5,7,9,9,9,9,9,9,9,9,9,9,9,9,9,9,9,9,9,9,9,9,9,0,8839032,9,0,1181,49634,dscw80
0,0,1,6,7,7,10,15,15,15,16,18,19,19,19,19,20,20,20,20,20,20,21,22,22,22,0,55686640,22,0,1152,49634,dscw80
0,0,0,0,0,0,0,0,0,0,1,1,1,1,1,1,1,1,1,1,1,1,1,1,1,1,0,2057,1,1,1152,49634,dscw80
0,0,0,0,0,0,0,0,0,0,0,0,0,0,0,0,0,0,0,0,1,1,1,1,1,1,0,1911,1,1,1173,52590,dscw80
0,0,0,1,2,3,3,4,4,4,4,4,4,4,4,4,4,4,4,4,4,4,4,4,4,4,0,19355979,4,1,1173,52590,dscw80
0,0,0,0,0,0,0,2,3,3,3,3,3,3,3,3,3,3,3,3,4,5,5,5,5,5,0,13752078,5,0,1152,49634,dscw80
0,0,0,0,0,0,0,1,1,2,2,2,2,2,2,2,2,2,2,2,2,2,3,3,3,3,0,17092162,3,0,1152,49634,dscw80
0,0,0,0,0,0,0,0,1,1,1,1,1,1,1,1,1,1,1,1,1,1,1,1,1,1,0,128568,1,1,1173,52590,dscw80
0,0,0,2,2,3,3,5,5,5,5,6,6,6,6,6,6,7,7,7,7,7,7,7,7,7,0,16684321,7,0,1152,49634,dscw80
0,0,0,0,0,0,0,0,0,0,0,0,1,1,1,1,1,1,1,1,1,1,1,1,1,1,0,257542,1,1,1152,49634,dscw80
0,0,0,0,0,0,0,0,0,0,1,1,1,1,1,1,1,1,1,1,1,1,1,1,1,1,0,6518196,1,1,1152,49634,dscw80
0,0,0,0,0,0,0,0,0,0,0,0,0,0,0,0,0,1,1,1,1,1,1,1,1,1,0,9360,1,1,1181,53188,dscw80
0,0,0,0,0,0,0,0,1,2,2,2,2,2,2,2,2,2,3,3,3,3,3,3,3,3,0,4367461,3,0,1151,49440,dscw80
0,0,1,1,1,1,1,1,1,1,1,1,1,1,1,1,1,1,1,1,1,1,1,1,1,1,0,2374,1,0,1151,49440,dscw80
0,0,0,0,0,0,0,0,0,0,0,0,0,1,2,2,2,2,2,2,2,2,2,2,2,3,0,1231240,3,0,1151,49440,dscw80
0,0,0,0,0,0,0,0,0,1,1,1,1,1,1,1,1,1,1,1,1,1,1,1,1,1,0,1417018,1,1,1173,52590,dscw80
0,0,0,0,0,0,0,0,0,0,0,1,1,1,1,1,1,1,1,1,1,1,1,1,1,1,0,43385,1,0,1181,49440,dscw80
0,0,0,0,0,1,2,2,2,2,2,2,2,2,2,2,2,2,2,2,2,2,2,2,2,2,0,257947,2,0,1152,49634,dscw80
0,0,0,0,0,0,0,0,0,0,1,1,1,1,1,1,1,1,1,1,1,1,1,1,1,1,0,4015255,1,0,1152,49634,dscw80
0,0,0,0,0,0,0,0,0,2,2,3,4,4,4,4,4,4,4,5,5,5,5,5,5,5,0,3013664,5,1,1152,49634,dscw80
0,0,0,0,0,0,0,0,0,0,1,1,1,1,1,1,1,1,1,1,1,1,1,1,1,1,1,450481,2,0,1152,49634,dscw80
0,0,0,0,0,0,0,0,0,0,0,0,0,0,0,0,0,0,0,0,1,1,1,1,1,1,0,15323480,1,0,1152,49634,dscw80
0,0,0,0,0,0,0,0,1,1,1,1,1,1,1,1,1,1,1,1,1,1,1,1,1,1,0,257900,1,0,1152,49634,dscw80
0,0,0,0,0,0,0,0,0,0,0,0,0,0,0,0,1,1,1,1,1,1,1,1,1,1,0,1939,1,1,1152,49634,dscw80
0,0,0,1,1,1,1,1,1,1,1,1,1,1,1,1,1,1,1,1,1,1,1,1,1,1,0,259636,1,0,1152,49634,dscw80
0,0,0,2,2,2,4,6,6,6,7,7,7,7,7,7,9,9,10,10,10,10,10,10,10,10,0,10718228,10,0,1152,49634,dscw80
0,0,0,0,1,1,1,1,1,1,1,1,1,2,2,2,2,2,2,2,2,2,2,2,2,2,0,3145259,2,0,1152,49634,dscw80
0,0,0,0,1,1,1,1,1,1,1,1,1,1,1,1,1,1,1,1,1,1,1,1,1,1,0,2356,1,1,1173,52590,dscw80
0,0,0,0,0,0,0,0,0,0,0,0,1,1,1,1,1,1,1,1,1,1,1,1,1,1,0,1857,1,1,1173,52590,dscw80
0,0,0,0,0,1,2,2,2,2,2,2,2,2,2,2,2,2,2,2,2,2,2,2,2,2,0,4112264,2,1,1152,49440,dscw80
0,0,0,0,0,0,0,0,0,0,0,1,1,1,1,1,1,1,1,1,1,1,1,1,1,1,0,257901,1,0,1152,49634,dscw80
0,0,0,0,0,0,0,0,0,0,0,0,0,1,1,1,1,1,1,1,1,1,1,1,1,1,0,129347,1,0,1173,52590,dscw80
0,0,0,0,0,0,0,1,1,1,1,1,1,1,1,1,1,1,1,1,1,1,1,1,1,1,0,257413,1,1,1152,49634,dscw80
0,0,0,0,1,1,1,1,1,1,1,1,1,1,1,1,1,1,1,1,1,1,1,1,1,1,0,2396,1,1,1173,52590,dscw80
0,0,0,0,0,1,1,2,2,3,3,3,3,3,4,4,4,4,4,4,4,5,5,5,5,5,0,3536099,5,0,1152,49634,dscw80
0,0,0,0,0,0,0,0,0,0,0,0,1,1,1,2,2,3,3,3,3,3,3,3,4,4,0,5637830,4,0,1173,52590,dscw80
0,0,0,0,0,2,3,3,3,3,3,5,5,5,5,6,7,7,7,7,8,9,9,9,9,9,0,18300614,9,0,1152,49634,dscw80
0,0,0,0,0,0,0,0,1,1,1,1,1,1,1,1,1,1,1,1,1,1,1,1,1,1,0,257853,1,1,1152,49634,dscw80
0,0,0,0,0,0,0,0,0,0,0,0,1,1,2,2,2,2,2,2,2,2,2,2,2,2,0,259457,2,1,1173,52590,dscw80
0,0,0,0,0,2,4,5,5,6,6,7,7,7,7,7,7,7,7,7,7,7,7,7,7,7,0,41940781,7,1,1152,49634,dscw80
0,0,0,0,1,6,9,15,16,16,18,20,21,21,23,23,24,24,24,24,26,28,30,30,30,30,0,105041377,30,0,1152,49634,dscw80
0,1,1,1,2,2,2,2,2,2,2,2,2,2,2,2,2,3,4,5,5,5,5,5,5,5,0,8410943,5,0,1181,53188,dscw80
0,0,0,0,0,0,0,0,0,1,1,1,1,1,1,1,1,1,1,1,1,1,1,1,1,1,0,257437,1,0,1152,49634,dscw80
0,0,1,1,1,1,1,1,1,1,1,1,1,1,1,1,1,1,1,1,1,1,1,1,1,1,0,2948315,1,1,1152,49634,dscw80
0,0,0,0,0,0,0,0,0,0,0,0,0,0,0,0,0,0,0,0,0,0,0,0,1,1,0,257686,1,0,1181,49634,dscw80
0,0,0,0,1,1,1,1,1,1,1,1,1,1,1,1,1,1,1,1,1,1,1,1,1,1,0,2224,1,1,1173,52590,dscw80
0,0,0,0,0,0,1,2,4,4,4,4,4,4,4,4,4,4,4,4,4,4,4,4,4,4,0,7852019,4,0,1173,52590,dscw80
0,0,0,0,0,0,0,0,0,0,0,0,0,0,0,0,0,0,0,0,0,1,1,1,1,1,0,259602,1,0,1173,49440,dscw80
0,0,0,0,0,0,1,1,1,1,1,1,1,1,1,1,1,1,1,1,1,1,1,1,1,1,0,257617,1,1,1151,49440,dscw80
0,0,0,0,0,1,1,1,1,1,1,1,1,1,1,1,1,1,1,1,1,1,1,1,1,1,0,14128724,1,0,1152,49634,dscw80
0,0,0,0,0,1,1,1,1,1,1,1,1,1,1,1,1,1,1,1,1,1,1,1,1,1,0,2396,1,1,1173,52590,dscw80
0,0,0,0,3,8,10,12,14,14,14,14,15,16,16,16,16,16,16,16,16,16,16,16,16,16,0,50553050,16,1,1151,49440,dscw80
0,0,0,0,0,0,0,0,1,1,1,1,1,1,1,1,1,1,1,1,1,1,1,1,1,1,0,2617,1,1,1152,49634,dscw80
0,0,0,0,0,0,0,0,0,0,0,0,0,0,0,0,0,0,0,0,0,0,0,0,1,1,0,65172,1,1,1181,53188,dscw80
0,2,2,2,2,2,2,2,2,2,2,2,2,2,2,2,2,2,2,2,2,2,2,2,2,2,0,10129758,2,0,1151,49440,dscw80
0,0,0,0,1,1,1,2,2,2,2,2,2,2,2,2,2,2,2,2,2,2,2,2,2,2,0,4505,2,0,1181,53188,dscw80
0,0,0,0,0,0,0,0,0,0,0,0,0,0,0,0,0,0,0,0,0,0,0,0,0,1,0,1767,1,1,1151,49440,dscw80
0,0,0,0,0,1,2,4,5,6,6,6,6,6,6,6,6,6,6,6,6,6,6,6,6,6,0,10280617,6,0,1152,49634,dscw80
0,0,1,1,1,1,1,1,1,1,1,1,1,1,1,1,1,1,1,1,1,1,1,1,1,1,0,2031,1,0,1181,49634,dscw80
0,0,0,0,0,0,0,0,0,0,1,1,1,1,1,1,1,1,1,1,1,1,1,1,1,1,0,64595,1,0,1173,52590,dscw80
0,0,0,0,0,0,0,0,0,0,0,0,0,1,1,1,1,1,1,1,1,1,1,1,1,1,0,128443,1,1,1173,52590,dscw80
0,0,0,0,2,6,6,6,7,7,9,10,11,12,12,12,12,12,12,12,13,13,13,13,13,13,0,34005382,13,0,1152,49634,dscw80
0,0,0,0,0,0,0,0,1,1,1,1,1,1,1,1,1,2,3,3,3,3,3,3,3,3,0,6674631,3,0,1173,52590,dscw80
0,0,0,0,0,0,0,0,0,1,1,1,1,1,1,1,1,1,1,1,1,1,1,1,1,1,0,2492,1,0,1152,49634,dscw80
0,0,0,0,0,0,0,0,0,0,0,0,0,0,0,1,1,1,1,1,1,1,1,1,1,1,0,666205,1,0,1151,49440,dscw80
0,0,0,0,0,0,0,1,1,1,1,1,1,1,1,1,1,1,1,1,1,1,1,1,1,1,0,6373322,1,1,1152,49634,dscw80
0,0,0,0,0,0,0,0,0,0,0,0,0,1,2,2,2,2,2,2,3,3,3,3,3,3,0,9842298,3,0,1181,52590,dscw80
0,0,0,0,0,0,0,0,0,0,0,0,0,0,0,0,0,0,0,0,0,1,1,1,1,1,0,23236,1,0,1152,49634,dscw80
0,0,0,0,0,1,3,14,21,21,24,25,26,28,29,30,31,33,33,33,40,42,42,43,43,43,0,186066844,43,0,1173,52590,dscw80
0,0,0,0,0,0,0,0,0,1,2,2,2,2,2,2,2,2,2,2,2,2,2,2,2,2,0,4387109,2,0,1152,49634,dscw80
0,0,0,0,0,1,1,1,1,1,1,1,1,1,1,1,1,1,1,1,1,1,1,1,1,1,0,257851,1,1,1151,49440,dscw80
0,0,0,0,1,1,1,1,1,1,1,1,1,1,1,1,1,1,1,1,1,1,1,1,1,1,0,5830558,1,0,1151,49440,dscw80
0,0,0,0,0,0,1,1,1,1,1,1,1,1,1,1,1,1,1,1,1,1,1,1,1,1,0,2796341,1,0,1151,49440,dscw80
0,0,0,0,0,0,0,0,0,0,0,1,1,1,1,1,1,1,1,1,1,1,1,1,1,1,0,2068,1,1,1152,49634,dscw80
0,0,0,0,0,0,0,0,0,1,1,1,1,1,1,1,1,1,1,1,1,1,1,1,1,1,0,2562,1,0,1173,52590,dscw80
0,0,0,0,0,0,0,0,0,0,0,0,0,0,0,0,0,0,0,0,0,1,1,1,1,1,0,5474068,1,0,1152,49634,dscw80
0,0,0,0,0,0,0,0,0,0,0,0,0,0,0,0,0,1,1,1,1,1,1,1,1,1,0,257575,1,1,1152,49634,dscw80
0,0,0,0,0,0,0,0,2,2,2,2,2,2,2,2,2,2,2,2,2,2,2,2,2,2,0,515051,2,1,1151,49440,dscw80
0,0,0,0,0,0,0,0,0,0,0,0,0,0,0,0,0,0,0,0,0,1,1,1,1,1,0,258122,1,1,1152,49634,dscw80
0,0,0,0,1,1,1,1,2,2,2,2,2,2,2,2,2,2,2,2,2,2,2,2,2,2,0,12117676,2,1,1152,49634,dscw80
0,1,1,1,1,1,1,1,1,1,1,1,1,1,1,1,1,1,1,1,1,1,1,1,1,1,0,4486921,1,0,1152,49634,dscw80
0,0,0,0,0,0,2,2,2,2,2,2,2,3,3,3,3,3,3,3,4,5,6,6,6,6,1,7906146,7,0,1173,52590,dscw80
0,0,0,0,0,0,0,0,0,0,0,1,1,1,1,1,1,1,1,1,2,2,2,3,3,3,0,2312758,3,0,1152,49634,dscw80
0,0,0,0,0,0,0,1,1,1,1,1,1,1,1,1,1,1,1,1,1,1,1,1,1,1,0,3279340,1,0,1181,49634,dscw80
0,0,0,0,0,0,0,1,1,1,1,1,1,1,1,1,1,1,1,1,1,1,1,1,1,1,0,129529,1,0,1152,49634,dscw80
0,0,0,0,0,1,1,1,1,1,1,1,1,1,1,1,1,1,1,1,1,1,1,1,1,1,0,391371,1,1,1173,52590,dscw80
0,0,0,0,0,0,0,0,1,2,2,2,2,2,2,2,2,3,4,4,5,5,6,6,6,6,0,26407899,6,0,1152,49634,dscw80
0,0,1,1,1,1,1,1,1,1,1,1,1,1,1,1,1,1,1,1,1,1,1,1,1,1,0,1923,1,1,1173,52590,dscw80
0,0,0,0,0,0,0,0,0,0,1,1,1,1,1,1,1,1,1,1,1,1,1,1,1,1,0,12307301,1,1,1152,49634,dscw80
0,0,0,0,0,0,0,0,0,0,0,0,2,2,2,2,3,3,3,3,5,5,5,5,5,5,0,44558737,5,1,1173,52590,dscw80
0,0,0,0,0,0,0,0,1,1,1,1,1,1,1,1,1,1,1,1,1,1,1,1,1,1,0,4977446,1,1,1173,52590,dscw80
0,0,0,0,0,0,0,1,1,1,2,3,3,3,3,3,3,3,3,3,3,3,3,3,3,3,0,1521683,3,1,1173,52590,dscw80
0,0,0,0,0,0,0,0,0,0,0,0,0,0,0,0,0,0,0,0,0,0,1,1,1,1,0,314853,1,0,1173,49440,dscw80
0,0,0,0,0,0,0,0,1,1,1,1,1,1,1,1,1,1,1,1,1,1,1,1,1,1,0,2822750,1,0,1151,49440,dscw80
0,0,0,0,0,0,0,1,1,1,1,1,1,1,1,1,1,1,1,1,2,2,2,2,2,2,0,424199,2,0,1173,52590,dscw80
0,0,0,0,0,2,6,11,15,18,21,23,23,24,27,28,30,30,32,33,35,35,37,37,37,37,1,96226156,38,0,1152,49634,dscw80
0,1,1,1,1,1,1,1,1,1,1,1,1,1,1,1,1,1,1,1,1,1,1,1,1,1,0,257537,1,1,1151,49440,dscw80
0,0,0,0,0,0,1,1,4,7,9,9,11,11,11,11,12,12,12,12,12,12,12,12,12,12,0,48226449,12,0,1151,49634,dscw80
0,0,0,0,0,1,1,1,1,1,1,1,1,1,1,1,1,1,1,1,1,1,1,1,1,1,0,128721,1,0,1151,49440,dscw80
0,0,0,0,0,0,0,0,0,0,0,0,0,0,0,0,0,0,0,0,0,0,0,0,1,2,0,1346285,2,0,1152,49634,dscw80
0,0,0,0,0,2,2,2,2,2,2,2,2,2,2,2,2,2,2,2,2,2,2,2,2,2,0,4408316,2,0,1152,49634,dscw80
0,0,0,0,0,0,1,1,1,1,1,1,1,1,1,1,1,1,1,1,1,1,1,1,1,1,0,1260076,1,1,1181,49440,dscw80
0,0,0,0,2,3,5,5,6,7,7,8,9,9,10,10,10,10,10,11,12,12,12,12,12,12,0,22067479,12,1,1151,49440,dscw80
0,0,0,0,0,0,0,0,1,1,1,1,1,1,1,1,1,1,1,1,1,1,1,1,1,1,0,3529103,1,0,1151,49440,dscw80
0,0,0,0,0,0,0,0,0,1,1,1,1,1,1,1,1,1,1,1,1,1,1,1,1,1,0,128837,1,0,1173,52590,dscw80
0,0,1,1,1,1,2,2,2,2,2,2,2,2,2,2,2,2,2,2,2,2,2,2,2,2,0,515101,2,1,1152,49634,dscw80
0,0,0,0,0,1,1,1,1,1,1,2,2,2,2,2,2,2,2,2,2,2,2,2,2,2,0,5315,2,1,1151,49440,dscw80
0,0,0,0,0,0,0,0,0,0,0,0,0,1,1,1,1,1,1,1,1,1,1,1,1,1,0,10001904,1,1,1152,49634,dscw80
0,0,0,0,0,0,0,0,0,0,0,0,0,0,0,1,1,1,1,1,1,1,1,1,1,1,0,33420,1,1,1173,52590,dscw80
0,0,0,0,1,2,2,2,2,2,3,3,3,3,3,3,3,3,3,3,3,3,3,4,4,4,0,2176780,4,0,1151,49440,dscw80
0,0,0,0,1,1,1,1,1,1,1,1,1,1,1,1,1,1,1,1,1,1,1,1,1,1,0,593999,1,1,1151,49440,dscw80
0,0,0,0,0,0,0,0,0,0,1,1,1,1,1,1,1,1,1,1,1,1,1,1,1,1,0,97642,1,0,1152,49634,dscw80
0,0,0,0,0,0,0,0,0,0,0,0,0,0,0,0,0,0,0,0,0,0,1,1,1,1,0,656964,1,0,1152,49634,dscw80
0,0,0,0,0,0,0,1,1,1,1,1,1,1,1,1,1,1,1,1,1,1,1,1,1,1,0,2068,1,0,1152,49634,dscw80
0,0,0,0,0,0,0,0,0,1,1,1,1,1,1,1,1,1,1,1,1,1,1,1,1,1,0,257466,1,1,1152,49634,dscw80
0,0,0,0,0,0,0,0,0,0,0,0,0,0,0,0,0,0,0,0,0,1,1,1,1,1,0,874768,1,0,1152,49634,dscw80
0,0,0,0,0,1,2,2,3,4,4,4,4,4,4,4,4,4,4,4,5,5,5,5,5,5,0,586796,5,1,1152,49634,dscw80
0,0,0,1,1,1,1,1,1,1,1,1,1,1,1,1,1,1,1,1,1,1,1,1,1,1,0,257768,1,1,1152,49634,dscw80
0,0,1,1,1,1,1,1,1,1,1,1,1,1,1,2,2,2,2,2,2,2,2,2,2,2,0,5637199,2,0,1151,49440,dscw80
0,0,0,0,0,0,0,0,0,0,0,0,0,0,0,0,0,0,0,0,1,1,1,1,1,1,0,257955,1,0,1152,49634,dscw80
0,0,0,0,0,0,0,0,0,0,0,0,0,0,0,0,0,0,0,0,1,1,1,1,1,1,0,2352983,1,0,1173,52590,dscw80
0,0,0,0,0,0,0,0,0,1,1,1,1,1,1,1,1,1,1,1,1,1,1,1,1,1,0,64409,1,0,1181,49634,dscw80
0,0,0,0,0,0,0,0,0,0,0,0,0,0,0,0,0,0,0,0,1,1,1,1,1,1,0,257532,1,1,1152,49634,dscw80
0,0,0,0,0,0,0,0,0,0,0,0,0,0,2,2,2,2,2,2,2,2,2,2,2,2,0,368766,2,0,1152,49634,dscw80
0,0,0,0,0,0,0,0,0,0,1,2,2,4,5,5,5,5,5,5,6,7,7,7,7,7,1,30176702,8,0,1173,52590,dscw80
0,0,0,1,1,1,1,1,1,1,1,1,1,1,1,1,1,1,1,1,1,1,1,1,1,1,0,10105733,1,0,1181,53188,dscw80
0,0,0,0,0,0,0,0,0,0,0,0,0,0,0,0,0,1,1,1,1,2,2,2,2,2,0,1028356,2,0,1152,49634,dscw80
0,0,0,0,1,5,19,35,46,59,68,73,82,87,93,94,98,101,104,106,109,114,120,123,123,125,0,261109645,125,0,1152,49634,dscw80
0,0,1,1,1,1,1,2,2,3,3,3,3,3,3,3,3,3,3,3,3,3,3,3,3,3,0,593961,3,0,1152,49634,dscw80
0,0,0,0,0,0,0,0,0,0,0,0,0,0,1,1,1,1,1,1,1,1,1,1,1,1,0,257655,1,0,1173,49440,dscw80
0,0,0,0,0,0,0,0,0,1,1,1,2,2,2,3,3,3,3,3,3,3,3,3,3,3,0,581453,3,0,1152,49634,dscw80
0,0,0,0,0,0,0,0,1,1,1,1,1,1,1,1,1,1,1,1,1,1,1,1,1,1,0,1909,1,0,1151,49440,dscw80
0,0,1,2,2,2,3,3,4,4,4,4,4,4,4,4,4,4,4,4,4,5,5,5,5,5,0,7214634,5,0,1152,49634,dscw80
0,0,0,2,2,2,2,2,2,2,2,2,2,2,3,3,3,3,3,3,3,3,3,3,3,3,0,4687594,3,0,1151,49440,dscw80
0,0,0,0,0,0,0,0,0,0,0,1,1,1,1,1,1,1,1,1,1,1,1,1,1,1,0,258582,1,0,1173,52590,dscw80
0,0,0,0,2,2,2,3,4,4,4,4,6,6,8,8,8,8,9,9,10,10,10,10,10,10,0,59512833,10,0,1173,52590,dscw80
0,0,0,0,1,1,1,1,1,1,1,1,1,1,1,1,1,1,1,1,1,1,1,1,1,1,0,257632,1,1,1152,49634,dscw80
0,0,1,1,3,3,3,3,3,3,3,4,4,4,4,5,5,5,5,5,5,5,5,5,5,5,0,7635651,5,0,1181,53188,dscw80
0,0,0,0,0,0,0,0,1,1,1,1,1,1,2,2,2,2,2,2,2,2,2,2,2,2,0,12768613,2,1,1173,52590,dscw80
0,0,0,0,0,0,1,1,1,1,1,1,1,1,1,1,1,1,1,1,1,1,1,1,1,1,0,2700,1,0,1173,52590,dscw80
0,0,0,0,0,1,1,1,1,1,1,1,1,1,1,1,1,1,1,1,1,1,1,1,1,1,0,259369,1,1,1152,49634,dscw80
0,0,0,0,0,0,0,0,0,0,0,0,0,0,0,0,0,0,0,1,1,1,2,2,2,2,0,23565934,2,0,1181,53188,dscw80
0,0,0,0,0,1,1,1,1,1,1,1,1,1,1,1,1,1,1,1,1,1,1,1,1,1,0,257563,1,1,1151,49440,dscw80
0,0,0,0,0,0,0,0,1,1,1,1,1,1,1,1,1,1,1,1,1,1,1,1,1,1,0,4213501,1,0,1152,49634,dscw80
0,0,0,0,0,0,1,2,2,2,2,2,2,2,2,2,2,2,2,2,2,2,2,2,2,2,0,259930,2,1,1151,49634,dscw80
0,0,0,0,0,0,1,1,1,1,1,1,1,1,1,1,1,1,1,1,1,1,1,1,1,1,0,257427,1,1,1151,49634,dscw80
0,0,0,0,1,2,2,2,2,3,3,3,3,3,3,3,3,3,3,3,4,4,4,4,4,4,0,36307644,4,0,1151,49440,dscw80
0,0,0,0,0,0,0,0,2,2,3,3,3,3,3,3,3,3,3,3,3,3,3,3,3,3,0,3972415,3,0,1173,52590,dscw80
0,0,0,0,0,0,0,0,0,0,0,0,0,0,0,0,0,0,0,0,0,2,2,2,2,2,0,1667716,2,0,1151,49440,dscw80
0,0,0,0,0,1,2,4,4,4,4,4,4,4,4,4,4,4,4,4,5,5,5,5,5,5,0,7368588,5,1,1152,49634,dscw80
0,0,0,0,0,0,0,0,0,0,0,1,1,1,1,1,1,1,1,1,1,1,1,1,1,1,0,6205583,1,0,1151,49440,dscw80
0,0,0,0,0,0,0,0,1,1,2,2,2,2,2,2,2,2,2,2,2,2,2,2,2,2,0,687886,2,0,1152,49634,dscw80
0,0,0,0,0,0,0,0,0,0,0,0,1,1,1,1,1,1,1,1,1,1,1,1,1,1,0,5348135,1,0,1152,49634,dscw80
0,0,0,0,0,0,0,0,1,1,1,1,1,1,1,1,1,1,1,1,1,1,1,1,1,1,0,1742,1,1,1152,49634,dscw80
0,0,0,0,0,0,0,1,1,1,1,1,1,1,1,1,1,1,1,1,1,1,1,1,1,1,0,3319165,1,1,1151,49440,dscw80
0,0,0,0,1,1,1,1,1,1,1,1,1,1,1,1,1,1,1,1,1,1,1,1,1,1,0,2400,1,1,1181,53188,dscw80
0,0,0,0,0,0,0,0,0,0,0,0,0,0,0,0,0,0,0,0,0,0,0,0,0,0,1,15073,1,1,1151,49440,dscw80
0,0,0,0,0,0,0,0,0,1,1,3,4,4,4,4,4,4,4,5,5,6,6,6,7,8,0,6895540,8,0,1151,49440,dscw80
0,0,0,0,0,0,0,0,0,0,1,1,1,1,1,1,1,1,1,1,1,1,1,1,1,1,0,128564,1,1,1152,49634,dscw80
0,0,0,1,2,2,2,2,2,2,2,2,2,2,2,2,2,2,2,2,2,2,2,2,2,2,0,3398901,2,1,1151,49440,dscw80
0,0,0,0,0,1,1,1,1,1,1,1,1,1,1,1,1,1,1,1,1,1,1,1,1,1,0,8192256,1,0,1152,49634,dscw80
0,0,0,0,0,0,0,0,0,0,0,0,0,0,0,1,1,1,1,1,1,1,1,1,1,1,0,1685880,1,0,1152,49634,dscw80
0,0,0,0,0,0,1,1,1,1,1,1,1,1,1,1,1,1,1,1,1,1,1,1,1,1,0,2090,1,1,1151,49440,dscw80
0,0,0,0,0,0,1,3,3,3,3,3,3,3,3,3,3,3,3,3,3,3,3,4,4,4,0,12160378,4,0,1151,49440,dscw80
0,0,0,0,0,0,1,1,1,1,1,1,1,1,1,1,1,1,1,1,1,1,1,1,1,1,0,2144,1,1,1152,49634,dscw80
0,0,0,0,0,0,0,0,0,1,1,1,1,1,1,1,1,1,1,1,1,1,1,1,1,1,0,5372160,1,0,1173,52590,dscw80
0,0,0,0,0,0,0,0,0,0,0,0,0,0,0,0,0,0,0,0,0,1,1,1,1,1,0,8567395,1,0,1151,49440,dscw80
0,0,0,0,0,0,0,0,0,0,0,0,0,0,0,0,0,0,0,0,1,1,1,1,1,1,0,4135543,1,0,1151,49440,dscw80
0,0,1,1,1,1,1,1,1,1,1,1,1,1,1,1,1,1,1,1,1,1,1,1,1,1,0,2616,1,1,1181,53188,dscw80
0,0,0,0,1,1,1,1,1,1,1,1,1,1,1,1,1,1,1,1,1,1,1,1,1,1,0,257409,1,1,1173,52590,dscw80
0,0,0,0,0,0,1,1,1,1,1,1,1,1,1,1,1,1,1,1,2,2,2,2,2,2,0,193762,2,0,1152,49634,dscw80
0,0,0,0,0,0,0,0,0,0,0,0,0,1,1,1,1,1,1,1,1,1,1,1,1,1,0,65430,1,0,1173,52590,dscw80
0,0,0,0,0,0,0,0,0,0,0,0,0,0,0,0,1,1,1,1,1,1,1,1,1,3,0,514261,3,0,1152,49634,dscw80
0,0,0,0,0,0,1,1,1,2,2,2,2,2,2,3,3,3,3,3,3,3,4,4,4,4,0,5107548,4,0,1152,49634,dscw80
0,0,0,0,0,1,1,1,1,1,1,1,1,1,1,1,1,1,1,1,1,1,1,1,1,2,0,1573625,2,0,1152,49634,dscw80
0,0,0,0,0,0,0,0,0,1,2,2,2,3,3,3,3,3,3,4,4,4,5,5,5,5,0,11338119,5,0,1173,52590,dscw80
0,0,0,0,0,0,0,0,0,0,0,0,0,0,0,0,0,0,0,0,0,2,2,2,2,2,0,301649,2,0,1152,49634,dscw80
0,0,0,0,0,0,0,0,0,1,1,1,1,1,1,1,1,1,1,1,1,1,1,1,1,1,0,258720,1,1,1151,49440,dscw80
0,0,0,0,0,0,0,0,0,1,1,1,1,1,1,1,1,1,1,1,1,1,1,1,1,1,0,3091,1,1,1152,49634,dscw80
0,0,0,0,0,0,0,0,0,0,1,2,2,2,6,10,11,12,13,13,20,22,25,26,28,28,0,131240524,28,0,1173,52590,dscw80
0,0,0,0,1,1,1,1,1,1,1,1,1,1,1,1,1,1,1,1,1,1,1,1,1,1,0,1886393,1,0,1152,49634,dscw80
0,0,0,0,0,0,0,0,0,0,0,0,0,0,0,0,0,0,0,0,0,1,1,1,1,1,0,0,1,0,1181,49440,dscw80
0,0,0,0,0,0,0,1,1,1,1,1,1,1,1,1,1,1,1,1,1,1,1,1,1,1,0,165560,1,0,1152,49634,dscw80
0,1,1,1,1,1,1,1,1,1,1,1,1,1,1,1,1,1,1,1,1,1,1,1,1,1,0,2191,1,1,1151,49440,dscw80
0,2,4,5,5,5,7,7,8,10,12,12,12,12,12,12,12,12,12,13,14,15,16,16,16,16,0,53190146,16,0,1152,49634,dscw80
0,0,0,0,0,0,0,0,0,0,0,0,1,1,1,2,2,2,2,2,2,2,2,2,2,2,0,130569,2,0,1173,49440,dscw80
0,0,0,0,0,0,0,0,0,0,0,0,0,0,1,1,1,1,1,1,1,1,1,1,1,1,0,257564,1,1,1151,49440,dscw80
0,0,0,0,0,0,0,0,0,2,2,2,2,2,2,2,2,2,2,2,2,2,2,2,2,2,0,1787868,2,1,1173,52590,dscw80
0,0,0,0,0,0,0,0,0,0,1,1,1,1,1,1,1,1,1,1,1,1,1,1,1,1,0,566868,1,0,1152,49634,dscw80
0,0,0,0,1,2,2,2,2,2,2,2,2,2,2,2,2,2,2,2,2,2,2,2,2,2,0,15110489,2,1,1173,52590,dscw80
0,0,0,1,1,1,1,1,1,1,1,1,1,1,1,1,1,1,1,1,1,1,1,1,1,1,0,493547,1,0,1152,49634,dscw80
0,0,0,0,1,1,1,1,1,1,1,1,1,1,1,1,1,1,1,1,1,1,1,1,1,1,0,257568,1,0,1152,49634,dscw80
0,0,0,0,0,0,0,0,0,2,4,6,6,6,6,7,7,8,8,8,8,8,8,8,8,8,0,9803904,8,1,1151,49440,dscw80
0,0,0,0,0,1,1,1,1,1,1,1,1,1,1,1,1,1,1,1,1,1,1,1,1,1,0,257543,1,1,1152,49634,dscw80
0,0,0,0,0,0,0,1,1,1,1,1,1,1,1,1,1,1,1,1,1,1,1,1,1,1,0,2923143,1,0,1173,52590,dscw80
0,0,0,0,0,1,1,1,2,2,2,2,2,2,2,2,2,2,2,2,2,2,2,2,2,2,0,176406,2,0,1152,49634,dscw80
0,0,0,0,0,0,0,0,0,0,1,1,1,2,2,2,2,2,2,2,3,3,3,3,3,3,0,14636979,3,0,1151,49440,dscw80
0,0,0,0,1,2,2,2,2,2,3,3,3,3,3,3,3,3,3,3,3,3,3,3,3,3,0,518416,3,0,1151,49440,dscw80
0,0,0,1,2,2,2,2,2,2,2,2,2,2,2,2,2,2,2,2,2,2,2,2,2,2,0,130428,2,1,1173,52590,dscw80
0,0,0,0,0,0,0,1,1,1,1,1,1,1,1,1,1,1,1,1,1,1,1,1,1,1,0,3003,1,1,1151,49440,dscw80
0,0,0,0,0,0,0,0,0,0,0,0,0,0,0,0,0,0,0,0,0,1,1,1,1,1,0,64821,1,0,1173,52590,dscw80
0,0,0,0,0,0,0,0,0,1,1,2,3,3,4,4,6,6,6,6,7,9,9,9,9,11,1,22304016,12,0,1151,49440,dscw80
0,0,0,0,0,0,0,1,1,1,1,1,1,1,1,1,1,1,1,1,1,1,1,1,1,1,0,258786,1,1,1151,49440,dscw80
0,0,0,0,0,2,4,6,8,8,10,11,13,13,14,15,16,16,17,17,17,18,18,20,20,20,0,127963235,20,0,1173,52590,dscw80
0,0,0,0,0,0,2,2,3,3,3,3,3,3,3,3,4,4,4,4,4,4,4,4,4,4,0,9651372,4,0,1152,49634,dscw80
0,0,0,0,0,0,0,0,0,0,0,0,1,1,1,1,1,1,1,1,1,1,1,1,1,1,0,2496,1,1,1173,52590,dscw80
0,0,0,1,1,1,1,1,1,1,1,1,1,1,1,1,1,1,1,1,1,1,1,1,1,1,0,1429,1,1,1181,53188,dscw80
0,0,0,0,0,0,0,0,0,0,0,0,0,1,1,1,1,1,1,1,1,1,1,1,1,1,0,3584521,1,0,1152,49634,dscw80
0,0,0,0,0,0,1,1,1,1,1,1,1,1,1,1,1,1,1,1,1,1,1,1,1,1,0,257955,1,1,1173,52590,dscw80
0,0,0,0,0,0,0,2,3,3,4,5,5,5,6,7,7,7,7,7,7,7,8,8,8,9,1,35084183,10,0,1173,52590,dscw80
0,0,0,0,0,0,1,1,1,1,1,1,1,2,2,2,2,2,2,2,2,2,2,2,2,2,0,8562667,2,0,1173,52590,dscw80
0,0,0,0,0,0,0,0,0,0,2,2,2,2,2,2,2,2,2,2,2,2,2,2,2,2,0,2435501,2,0,1152,49634,dscw80
0,0,0,0,0,1,2,2,2,2,2,2,2,2,2,2,2,2,2,2,2,2,2,2,2,2,0,8730765,2,1,1152,49634,dscw80
0,0,0,0,0,0,0,0,1,1,1,1,1,1,1,1,1,1,1,1,1,1,1,1,1,1,0,7659248,1,0,1152,49634,dscw80
0,0,0,0,0,1,2,2,2,2,2,2,3,3,3,3,3,3,3,3,3,5,6,6,7,7,0,40313131,7,0,1181,49634,dscw80
0,0,0,0,0,0,0,0,0,0,0,0,0,0,0,0,0,0,0,0,1,1,1,1,1,1,0,43415,1,0,1151,49440,dscw80
0,0,0,1,1,1,1,1,1,1,1,1,1,1,1,1,1,1,1,1,1,1,1,1,1,1,0,1213,1,1,1152,49634,dscw80
0,0,0,0,0,0,0,0,0,0,0,0,0,0,0,0,0,0,0,0,0,0,1,1,1,1,0,257933,1,0,1152,49634,dscw80
0,0,0,0,0,0,0,0,0,0,0,0,0,0,0,0,0,0,0,0,2,2,3,4,4,4,0,14061804,4,0,1173,52590,dscw80
0,0,0,2,4,5,8,9,15,18,18,20,22,22,24,25,25,25,27,28,30,31,31,32,32,32,1,79579011,33,0,1152,49634,dscw80
0,0,0,0,0,0,0,0,0,0,1,1,1,1,1,1,1,1,1,1,1,1,1,1,1,1,0,3679930,1,0,1152,49634,dscw80
0,0,0,0,0,0,0,0,0,0,0,0,0,0,1,1,1,1,1,1,1,1,1,1,1,1,0,64928,1,1,1152,49634,dscw80
0,0,0,0,0,0,0,0,1,1,2,2,2,2,2,2,2,2,2,2,2,2,2,2,2,2,0,4327049,2,1,1151,49440,dscw80
0,0,0,1,1,1,1,1,1,1,1,1,1,1,1,1,1,1,1,1,1,1,1,1,1,1,0,4081771,1,0,1151,49440,dscw80
0,0,0,0,0,0,0,0,1,1,1,1,1,1,1,1,1,1,1,1,1,1,1,1,1,1,0,10001986,1,0,1173,52590,dscw80
0,0,0,0,0,0,0,0,1,1,1,1,1,1,2,2,2,2,2,2,2,2,2,2,2,2,0,7977336,2,1,1152,49634,dscw80
0,0,0,0,1,2,2,2,3,3,3,3,4,4,4,4,4,4,4,5,5,5,5,5,5,5,0,1577384,5,0,1152,49634,dscw80
0,0,0,0,0,0,1,1,3,5,6,6,7,7,7,7,7,7,7,7,7,7,7,7,7,7,0,1164383,7,1,1173,52590,dscw80
0,0,0,0,0,0,6,11,12,13,14,15,15,15,15,15,15,15,15,15,15,15,15,15,15,15,0,23527655,15,0,1152,49634,dscw80
0,0,0,0,1,1,1,1,1,1,1,1,1,1,1,1,1,1,1,1,1,1,1,1,1,1,0,64681,1,1,1151,49440,dscw80
0,0,0,0,0,0,0,0,0,2,2,2,2,2,2,2,2,2,2,2,2,2,2,2,2,2,0,130168,2,0,1173,52590,dscw80
0,0,0,0,0,0,0,0,0,0,0,0,0,0,0,0,0,0,0,0,0,1,1,1,1,1,0,1665446,1,1,1173,52590,dscw80
0,0,0,0,0,0,0,0,0,0,0,0,0,0,0,0,0,0,0,0,1,1,1,1,1,1,0,8802,1,1,1151,49634,dscw80
0,0,0,0,0,0,0,0,0,1,1,1,1,1,1,1,1,1,1,1,1,1,1,1,1,1,0,3722394,1,0,1151,49440,dscw80
0,0,0,0,0,0,0,0,0,0,0,1,1,1,1,1,1,1,1,1,1,1,1,1,1,1,0,4803892,1,1,1152,49634,dscw80
0,0,0,0,0,0,1,1,1,1,1,1,1,1,1,1,1,1,1,1,2,2,2,2,2,2,0,6204645,2,0,1151,49440,dscw80
0,0,0,0,0,0,0,0,0,0,0,0,0,0,0,0,0,0,0,0,1,1,1,1,1,1,0,258197,1,0,1152,49634,dscw80
0,0,0,0,0,0,0,0,0,2,2,2,2,2,3,3,3,3,3,3,3,3,3,3,3,3,0,10519433,3,0,1152,49634,dscw80
0,0,0,0,0,0,0,0,0,0,0,0,0,0,0,0,0,0,0,0,1,1,1,1,1,1,0,196320,1,1,1173,49440,dscw80
0,0,0,0,0,0,0,1,1,1,1,1,1,1,1,1,1,1,1,1,1,1,1,1,1,1,0,257547,1,1,1173,52590,dscw80
0,0,0,0,0,0,0,0,0,0,0,0,0,0,0,1,1,1,1,1,1,1,1,1,1,1,0,2405,1,1,1173,52590,dscw80
0,0,0,0,0,0,0,0,1,1,1,1,1,1,1,1,1,1,1,1,1,1,1,1,1,1,0,1933,1,1,1151,49440,dscw80
0,0,0,1,1,1,1,1,1,1,1,1,1,1,1,1,1,1,1,1,1,1,1,1,1,1,0,257562,1,1,1152,49634,dscw80
0,0,0,0,0,0,0,0,0,0,0,0,0,0,0,0,0,1,1,1,1,1,1,1,1,1,0,257619,1,0,1151,49440,dscw80
0,0,1,1,1,1,1,1,1,1,1,1,1,1,1,1,1,1,1,1,1,1,1,1,1,1,0,6405972,1,0,1152,49634,dscw80
0,0,0,0,0,0,0,0,0,0,0,0,0,0,0,0,0,0,0,0,1,1,1,1,1,1,0,6706488,1,0,1152,49634,dscw80
0,0,0,0,0,0,0,0,0,0,0,0,0,0,1,1,1,1,1,1,1,1,2,2,2,2,0,258119,2,0,1181,53188,dscw80
0,0,0,0,0,2,3,3,3,3,4,4,4,4,4,4,4,4,4,4,4,6,6,6,6,6,0,5738512,6,0,1152,49634,dscw80
0,0,0,0,0,0,0,0,0,0,0,1,1,1,1,2,2,2,2,2,2,2,2,2,2,2,0,3393480,2,0,1152,49634,dscw80
0,0,0,0,0,0,1,2,2,2,2,2,2,2,2,2,2,2,2,2,2,2,2,2,2,2,0,5724916,2,0,1151,49440,dscw80
0,0,1,3,4,5,8,9,9,9,9,9,9,9,9,9,9,9,9,9,9,9,11,11,11,11,0,31663039,11,0,1152,49634,dscw80
0,0,0,1,1,1,1,1,1,1,1,1,1,1,1,1,1,1,1,1,1,1,1,1,1,1,0,33262,1,1,1181,49634,dscw80
0,0,0,0,0,0,0,0,0,0,0,0,0,0,0,0,0,0,0,0,1,1,2,2,3,3,0,8465987,3,0,1151,49440,dscw80
0,0,0,0,0,0,0,0,1,1,1,1,1,1,1,1,1,1,1,1,1,1,1,1,1,1,0,3825,1,1,1173,52590,dscw80
0,0,0,0,0,0,0,0,0,1,1,1,1,1,1,1,1,1,1,1,1,1,1,1,1,1,0,8789644,1,1,1151,49440,dscw80
0,0,0,0,1,1,1,1,1,1,1,1,1,1,1,1,1,1,1,1,1,1,1,1,1,1,0,3231486,1,0,1152,49634,dscw80
0,0,0,0,0,0,1,1,1,1,2,2,2,2,2,2,2,2,2,2,2,2,2,2,2,2,0,9180694,2,0,1152,49634,dscw80
0,0,0,0,1,1,2,2,2,2,2,2,2,2,2,2,2,2,2,2,2,2,2,2,2,2,0,1908256,2,1,1152,49634,dscw80
0,0,0,0,0,0,0,0,0,0,0,0,0,0,1,1,1,1,1,1,1,1,1,1,1,1,0,4105,1,0,1152,49634,dscw80
0,0,0,0,1,1,1,1,1,2,2,2,3,4,4,4,4,4,4,4,5,6,6,6,6,6,0,13410342,6,0,1152,49634,dscw80
0,0,0,0,2,7,16,19,26,27,33,34,35,37,38,40,40,41,42,42,42,42,42,42,42,42,0,125187112,42,0,1151,49440,dscw80
0,0,0,0,0,0,0,0,1,1,2,2,2,2,2,2,2,2,2,2,2,2,2,2,2,2,0,130621,2,1,1173,52590,dscw80
0,0,0,0,0,0,0,0,0,0,1,1,1,1,1,1,1,1,1,1,1,1,1,1,1,1,0,2173,1,1,1181,49634,dscw80
0,0,0,0,0,0,0,0,0,0,2,2,2,2,2,2,2,2,2,2,2,2,2,2,2,2,0,7903500,2,1,1173,52590,dscw80
0,0,0,0,0,0,0,1,1,1,1,1,1,1,1,1,1,1,2,2,3,3,3,3,3,3,0,22093735,3,0,1151,49440,dscw80
0,0,0,0,0,0,0,0,0,0,1,1,1,1,1,1,1,1,1,1,1,1,1,1,1,1,0,3426788,1,0,1152,49634,dscw80
0,0,1,1,1,1,1,1,1,1,1,1,1,1,1,1,1,1,1,1,1,1,1,1,1,1,0,127913,1,1,1151,49440,dscw80
0,0,0,0,0,0,0,0,0,0,0,0,0,0,0,0,0,0,0,0,0,0,1,1,1,1,0,128557,1,0,1152,49634,dscw80
0,0,0,0,0,0,0,0,0,0,0,0,0,0,0,0,0,0,0,0,0,0,1,1,1,1,0,9310,1,0,1151,49440,dscw80
0,1,1,1,1,1,1,1,1,1,1,1,1,1,1,1,1,1,1,1,1,1,1,1,1,1,0,128569,1,1,1151,49440,dscw80
0,0,0,0,0,1,1,1,1,1,1,1,1,1,1,1,1,1,1,1,1,1,1,1,1,1,0,257316,1,1,1151,49440,dscw80
0,0,0,0,1,1,1,1,1,1,1,1,1,1,1,1,1,1,1,1,1,1,1,1,1,1,0,129324,1,0,1173,52590,dscw80
0,0,0,0,0,0,0,0,0,0,0,0,0,0,0,0,0,0,0,0,0,0,0,0,0,1,0,1982746,1,0,1173,52590,dscw80
0,0,0,0,0,0,0,0,1,1,2,2,2,2,2,2,3,3,3,3,3,3,3,3,3,4,1,264802,5,1,1151,49440,dscw80
0,0,0,0,0,0,0,0,0,1,1,1,1,1,1,1,1,1,1,1,1,1,1,1,1,1,0,262237,1,1,1152,49634,dscw80
0,0,0,1,1,2,3,3,3,3,3,3,3,3,3,3,3,3,3,3,3,3,3,3,3,3,0,19466246,3,0,1152,49634,dscw80
0,0,0,0,0,0,0,0,0,0,1,1,1,1,1,1,1,1,1,1,1,1,1,1,1,1,0,2759,1,0,1181,53188,dscw80
0,0,0,0,0,0,0,0,0,0,0,0,0,0,0,0,0,0,0,0,1,1,1,1,1,1,0,3825829,1,0,1152,49634,dscw80
0,0,0,0,0,0,0,0,0,0,0,0,0,0,0,0,0,0,0,0,1,1,1,1,1,1,0,258714,1,1,1173,52590,dscw80
0,0,0,0,0,0,0,0,0,1,1,1,1,1,1,1,1,1,1,1,1,1,1,1,1,1,0,257401,1,1,1151,49440,dscw80
0,0,0,0,0,0,0,1,1,2,2,2,2,2,2,2,2,2,2,2,2,2,2,2,2,2,0,12231,2,1,1173,52590,dscw80
0,0,0,0,0,0,0,1,1,1,1,1,1,1,1,1,1,1,1,1,1,1,1,1,1,1,0,9978424,1,0,1151,49440,dscw80
0,0,0,0,0,0,0,0,1,1,1,1,1,1,1,1,1,1,1,1,1,1,1,1,1,1,0,890536,1,0,1152,49634,dscw80
0,0,0,0,0,0,0,0,0,0,1,1,1,1,1,1,1,1,1,1,1,1,1,1,1,1,0,128366,1,0,1151,49440,dscw80
0,0,0,0,0,0,0,1,1,1,1,1,1,1,1,1,1,1,1,1,1,1,1,1,1,1,0,9510081,1,1,1152,49634,dscw80
0,0,0,0,0,2,3,5,5,5,6,6,6,6,6,6,6,6,6,6,7,7,7,7,7,7,0,25207737,7,0,1152,49634,dscw80
0,0,0,0,0,0,0,0,0,1,1,1,1,1,2,2,2,2,2,2,2,2,2,2,2,2,0,2976416,2,0,1152,49634,dscw80
0,0,0,0,0,0,0,0,1,1,1,1,1,1,1,1,1,2,2,2,2,2,2,2,2,2,0,130865,2,1,1152,49634,dscw80
0,0,0,0,0,0,0,0,0,0,0,0,1,1,2,2,2,2,2,2,2,2,2,2,2,2,0,2673402,2,0,1173,52590,dscw80
0,0,0,0,0,0,0,0,0,0,0,0,0,0,0,0,0,1,1,1,1,1,1,1,1,1,0,257279,1,1,1151,49440,dscw80
0,0,0,0,0,0,0,0,0,0,0,0,0,0,0,0,0,0,0,0,1,1,1,1,1,1,0,3716368,1,0,1173,52590,dscw80
0,0,0,0,2,2,2,2,2,3,3,3,3,3,3,3,3,3,3,3,6,6,6,6,6,6,0,8416101,6,0,1152,49634,dscw80
0,0,0,0,1,1,1,1,1,1,1,1,1,1,1,1,1,1,1,1,1,1,1,1,1,1,0,160671,1,1,1152,49634,dscw80
0,0,0,0,0,0,0,1,1,1,3,3,3,3,4,4,5,7,7,7,8,8,8,8,8,8,0,10491033,8,0,1173,52590,dscw80
0,0,0,0,1,1,1,1,1,1,1,1,1,1,1,1,1,1,1,1,1,1,1,1,1,1,0,5013062,1,1,1152,49634,dscw80
0,0,0,0,0,4,4,6,8,8,9,9,9,10,10,10,10,10,10,10,10,10,10,10,10,11,0,7348080,11,1,1152,49634,dscw80
0,0,0,0,1,2,3,3,3,3,3,3,3,3,3,3,3,3,3,3,3,3,3,3,3,3,0,774097,3,1,1181,49634,dscw80
0,0,0,0,0,0,1,1,2,2,3,3,3,3,3,3,3,3,3,3,3,3,3,3,3,3,0,3533299,3,1,1151,49440,dscw80
0,1,1,1,1,1,1,1,1,1,1,1,1,1,1,1,1,1,1,1,1,1,1,1,1,1,0,258362,1,0,1151,49440,dscw80
0,0,0,0,0,0,0,0,1,1,1,1,1,1,1,1,1,1,1,1,2,2,2,2,2,2,0,421876,2,1,1151,49634,dscw80
0,0,0,0,1,11,19,27,41,54,64,67,79,83,86,88,91,92,96,97,104,109,111,112,112,112,0,269057091,112,0,1152,49634,dscw80
0,0,0,0,0,0,1,1,1,1,1,2,2,2,2,2,2,2,2,2,2,2,2,2,2,2,0,6379679,2,0,1152,49634,dscw80
0,0,0,0,0,0,0,1,2,3,3,3,4,5,5,5,6,6,6,6,7,7,10,11,12,12,0,22661110,12,0,1152,49634,dscw80
0,0,0,0,0,0,0,0,0,0,0,0,0,0,1,1,1,1,1,1,1,1,2,2,2,2,0,515966,2,1,1173,52590,dscw80
0,0,0,0,0,0,0,0,0,0,1,1,1,1,1,1,1,1,1,1,1,1,1,1,1,1,0,1129069,1,1,1151,49440,dscw80
0,0,0,0,0,0,1,3,3,4,5,5,6,7,7,7,7,7,7,7,7,7,7,7,7,7,0,11700380,7,0,1152,49634,dscw80
0,0,1,1,1,1,1,1,1,1,1,1,1,1,1,1,1,1,1,1,1,1,1,1,1,1,0,128403,1,1,1152,49634,dscw80
0,1,1,1,1,1,1,1,1,1,1,1,1,1,1,1,1,1,1,1,1,1,1,1,1,1,0,128899,1,0,1152,49634,dscw80
0,0,0,0,0,0,0,0,1,1,1,1,1,1,1,1,1,1,1,1,1,1,1,1,1,1,0,2667,1,1,1151,49440,dscw80
0,0,0,0,0,0,0,0,0,0,0,0,0,0,0,0,0,0,0,0,0,0,0,0,0,1,0,129549,1,0,1152,49634,dscw80
0,0,0,0,0,0,1,1,1,1,2,2,2,2,2,2,2,2,2,2,2,2,2,2,2,2,0,17990304,2,1,1151,49440,dscw80
0,0,0,1,1,1,1,1,1,3,4,4,4,4,4,4,4,4,4,4,4,4,4,4,4,4,0,3984735,4,0,1173,52590,dscw80
0,0,0,0,0,0,0,0,0,1,3,4,5,5,5,5,6,7,7,7,9,9,10,10,10,10,0,15713821,10,1,1151,49440,dscw80
0,0,0,0,0,0,0,0,0,0,1,1,1,1,1,1,1,1,1,1,1,3,3,3,3,3,0,5742718,3,0,1152,49440,dscw80
0,0,1,1,1,1,1,1,1,1,1,1,1,1,1,1,1,1,1,1,1,1,1,1,1,1,0,9543,1,1,1181,53188,dscw80
0,0,0,0,0,0,0,0,0,0,0,0,0,0,1,2,2,2,2,2,3,3,3,3,3,3,0,2959166,3,0,1151,49440,dscw80
0,0,1,2,2,2,2,2,2,2,2,2,2,2,2,2,2,2,2,2,2,2,2,2,2,2,0,356721,2,0,1151,49440,dscw80
0,0,0,0,1,1,1,2,2,3,3,3,3,4,4,6,6,6,6,6,6,6,6,6,6,6,0,22373089,6,1,1151,49440,dscw80
0,0,0,0,0,0,0,0,0,2,2,2,2,2,2,2,2,2,2,2,2,2,2,2,2,2,0,9930,2,1,1151,49440,dscw80
0,0,0,0,0,1,1,1,1,1,1,1,1,1,1,1,1,1,1,1,1,1,1,1,1,1,0,104870,1,0,1152,49634,dscw80
0,0,0,0,1,1,1,2,2,2,3,3,3,4,4,4,4,4,4,4,4,5,5,5,5,5,0,3410483,5,0,1152,49634,dscw80
0,0,0,0,0,0,0,0,0,0,0,0,0,0,0,0,0,0,0,0,1,1,1,1,1,1,0,257794,1,0,1152,49634,dscw80
0,0,0,0,0,0,0,0,0,0,0,1,1,1,1,1,1,1,1,1,1,1,1,1,1,1,0,98071,1,1,1152,49634,dscw80
0,0,0,0,0,1,1,1,1,1,1,1,1,1,1,1,1,1,1,1,1,1,1,1,1,1,0,6101525,1,0,1152,49634,dscw80
0,0,0,0,0,0,0,0,0,0,1,1,1,1,1,1,1,1,2,2,2,2,2,2,2,2,0,1771650,2,0,1152,49634,dscw80
0,0,0,0,0,0,0,0,1,1,2,2,2,2,2,2,2,2,2,2,3,3,3,3,3,3,0,10000530,3,0,1152,49634,dscw80
0,0,0,0,1,1,1,1,1,1,1,1,1,1,1,1,1,1,1,1,1,1,1,1,1,1,0,1205,1,1,1173,52590,dscw80
0,0,0,0,0,0,0,0,0,0,0,0,0,0,0,0,0,0,0,0,1,1,2,2,2,2,0,10829340,2,0,1173,52590,dscw80
0,0,0,0,0,0,0,0,2,2,3,3,3,3,3,3,3,3,3,3,3,3,3,3,3,3,0,682151,3,1,1152,49634,dscw80
0,0,0,0,0,0,1,2,2,2,2,2,2,2,2,2,2,2,2,2,3,3,4,4,4,4,0,4543027,4,0,1181,49440,dscw80
0,0,0,0,0,0,0,0,0,0,0,0,0,0,1,2,2,2,2,2,2,2,2,2,2,2,0,3855157,2,0,1181,52590,dscw80
0,0,0,0,0,0,0,1,1,1,1,1,1,1,2,2,2,2,2,2,3,3,4,4,4,4,0,1076701,4,0,1173,52590,dscw80
0,0,0,0,0,0,0,0,0,2,2,2,2,2,2,2,2,2,2,2,2,2,2,2,2,2,0,301187,2,0,1152,49634,dscw80
0,0,0,0,0,0,0,0,1,1,1,1,1,1,1,1,1,1,1,1,1,1,1,1,1,1,0,1222443,1,0,1151,49440,dscw80
0,0,0,0,0,0,0,0,0,1,1,1,1,1,1,1,1,2,2,2,3,3,4,5,5,5,0,4712685,5,0,1152,49634,dscw80
0,0,0,0,0,0,0,0,1,1,1,1,1,1,1,1,1,1,1,1,1,1,1,1,1,1,0,1782,1,0,1152,49634,dscw80
0,0,0,0,0,0,1,3,3,4,5,6,6,6,6,6,6,6,6,6,6,6,7,7,7,7,0,27687284,7,0,1152,49634,dscw80
0,0,0,0,1,2,2,2,2,2,2,2,2,2,2,2,2,2,2,2,2,2,2,2,3,3,0,196288,3,0,1151,49440,dscw80
0,0,0,0,0,0,0,0,0,0,0,1,1,3,4,5,5,5,5,5,5,5,5,5,5,5,0,4982969,5,0,1152,49634,dscw80
0,0,2,2,2,2,2,2,2,2,2,2,2,2,2,2,2,2,2,2,2,2,2,2,2,2,0,596396,2,1,1181,49634,dscw80
0,0,0,0,0,1,1,1,1,1,1,1,1,1,1,1,1,1,1,1,1,1,1,1,1,1,0,257504,1,0,1152,49634,dscw80
0,0,2,2,2,2,3,3,3,4,4,4,4,4,4,4,4,4,4,4,4,4,5,5,5,5,0,22435970,5,0,1181,53188,dscw80
0,1,1,1,1,1,1,1,1,1,1,1,1,1,1,1,1,1,1,1,1,1,1,1,1,1,0,2367458,1,0,1181,53188,dscw80
0,0,0,0,1,1,1,1,1,1,1,1,1,1,1,1,1,1,1,1,1,1,1,1,1,1,0,1947,1,1,1152,49634,dscw80
0,0,0,0,0,0,1,1,3,5,5,7,8,9,9,10,11,11,11,11,14,17,17,17,17,17,0,45269866,17,0,1152,49634,dscw80
0,0,0,0,0,0,0,0,0,0,0,0,0,0,0,0,0,0,0,0,1,1,1,1,1,1,0,428142,1,1,1151,49440,dscw80
0,0,0,0,0,0,1,2,2,2,3,3,4,4,6,6,6,6,6,6,7,7,7,7,7,7,0,6701384,7,1,1151,49440,dscw80
0,0,0,0,0,2,2,2,3,3,5,5,5,5,5,5,5,5,5,5,7,7,7,7,7,7,0,59008378,7,1,1151,49440,dscw80
0,0,0,0,0,0,0,0,1,1,1,1,1,1,1,1,1,1,1,1,1,2,2,2,2,2,0,2983,2,1,1152,49634,dscw80
0,0,0,0,0,0,0,1,1,1,1,1,1,1,1,1,1,1,1,1,2,2,2,2,2,2,0,260186,2,1,1151,49440,dscw80
0,1,2,2,2,2,2,2,2,2,2,2,2,2,2,2,2,2,2,2,3,3,3,3,3,3,0,5944541,3,1,1152,49634,dscw80
0,0,0,0,0,0,0,0,0,0,0,0,0,0,0,0,0,0,1,1,1,1,1,1,1,1,0,1922,1,0,1152,49634,dscw80
0,0,0,2,2,2,2,2,2,3,3,3,3,3,3,3,3,3,3,3,3,3,3,3,3,3,0,773043,3,1,1173,52590,dscw80
0,0,0,0,0,0,0,0,1,1,1,1,1,1,1,1,1,1,1,1,1,1,1,1,1,1,0,2856,1,1,1152,49634,dscw80
0,0,0,0,0,0,0,0,0,0,0,0,0,1,1,1,1,1,1,1,1,2,2,2,2,3,0,6586831,3,0,1173,52590,dscw80
0,0,0,0,0,1,1,1,1,1,2,2,2,2,2,2,2,2,2,2,2,3,3,3,3,3,0,25459903,3,0,1152,49634,dscw80
0,0,0,0,0,0,0,0,0,0,0,0,0,0,0,0,0,0,0,0,0,0,0,0,0,1,0,64700,1,0,1173,52590,dscw80
0,0,0,0,0,1,1,3,3,3,4,4,4,5,6,6,6,6,6,6,6,7,8,8,8,8,0,16602433,8,0,1173,52590,dscw80
0,0,0,0,0,0,0,0,0,0,0,1,1,1,1,1,1,1,1,1,1,1,1,1,1,1,0,128678,1,1,1173,52590,dscw80
0,0,0,0,1,1,2,2,3,3,3,3,3,3,3,3,3,3,3,3,3,3,3,3,3,3,0,6696,3,1,1152,49634,dscw80
0,0,0,0,1,7,11,12,12,12,13,13,13,13,13,13,13,13,13,13,14,14,14,14,14,14,0,562788,14,1,1152,49634,dscw80
0,0,0,0,0,0,0,0,1,1,1,1,1,1,1,1,1,1,1,1,1,1,1,1,1,1,0,257929,1,1,1173,52590,dscw80
0,0,0,0,0,0,0,1,1,1,1,2,2,2,2,2,2,2,2,2,3,3,3,3,3,3,0,1019101,3,1,1152,49634,dscw80
0,0,0,0,0,0,0,0,0,0,0,0,0,0,0,0,0,0,0,0,0,0,1,1,1,1,0,2190,1,1,1173,52590,dscw80
0,0,0,0,0,0,0,0,0,0,0,0,0,0,0,0,1,1,1,1,1,2,2,2,2,2,0,1776998,2,0,1151,49440,dscw80
0,0,0,0,1,2,2,2,2,2,2,2,2,2,2,2,2,2,2,2,2,2,2,2,2,2,0,8217972,2,0,1151,49440,dscw80
0,0,0,1,1,1,1,1,1,1,1,1,1,1,1,1,1,1,1,1,1,1,1,1,1,1,0,2035,1,0,1151,49440,dscw80
0,0,0,0,0,0,0,0,0,0,0,0,0,0,0,0,0,0,0,0,0,0,0,1,1,1,0,570993,1,0,1151,49634,dscw80
0,0,0,0,0,0,0,1,1,1,1,1,1,1,1,1,1,1,1,1,1,1,1,1,1,1,0,128154,1,1,1173,52590,dscw80
0,0,0,0,0,0,0,0,0,0,0,0,0,0,0,0,1,1,1,1,2,2,3,3,3,3,0,9135413,3,0,1151,49440,dscw80
0,0,0,0,0,1,2,2,4,4,4,4,4,4,5,5,5,5,5,5,6,6,6,6,6,6,0,148248,6,1,1152,49634,dscw80
0,0,0,0,0,0,0,0,0,0,0,1,1,1,1,1,1,1,1,1,1,1,1,1,1,1,0,713518,1,0,1152,49634,dscw80
0,0,0,0,0,0,0,0,1,1,1,1,1,1,1,1,1,1,1,1,1,1,1,1,1,1,0,1749399,1,0,1181,49634,dscw80
0,0,0,1,1,1,1,1,1,1,1,1,1,1,1,1,1,1,1,1,1,1,1,1,1,1,0,4120414,1,0,1151,49440,dscw80
0,0,0,0,0,0,0,0,1,1,2,3,3,3,3,3,3,3,4,4,4,4,4,4,4,4,0,19674957,4,0,1173,52590,dscw80
0,0,0,0,0,1,1,1,2,2,2,2,2,2,2,2,2,2,2,2,3,3,3,3,3,3,0,8899937,3,0,1173,52590,dscw80
0,0,0,0,0,7,14,16,21,23,26,28,28,29,29,30,30,30,30,31,33,33,33,33,33,33,0,130908256,33,1,1152,49634,dscw80
0,0,0,0,0,0,0,0,0,0,0,0,0,0,0,0,0,0,1,1,1,1,1,1,1,1,0,257972,1,1,1173,52590,dscw80
0,0,0,0,0,0,1,1,1,1,1,3,3,3,3,3,3,3,3,3,3,3,3,3,3,4,0,4934965,4,0,1151,49440,dscw80
0,0,0,0,0,0,0,0,0,0,0,0,0,0,0,0,0,0,0,0,0,0,0,1,1,2,0,99309,2,1,1151,49440,dscw80
0,0,0,0,0,0,0,1,2,3,3,4,7,7,7,7,7,7,8,8,10,10,11,11,11,11,1,4600695,12,0,1152,49634,dscw80
0,0,0,0,0,0,0,0,0,0,0,0,0,0,0,0,0,0,1,1,1,1,1,1,1,1,0,2875448,1,0,1152,49634,dscw80
0,0,0,0,0,0,0,0,0,1,1,1,1,1,1,1,1,1,1,1,1,1,1,1,1,1,0,7012868,1,0,1152,49634,dscw80
0,0,0,0,0,0,0,1,1,1,1,1,1,1,1,1,1,1,1,1,1,1,1,1,1,1,0,2135,1,1,1151,49440,dscw80
0,0,0,0,1,1,2,3,4,4,5,5,5,6,6,6,6,6,6,6,6,6,6,6,6,6,0,9563424,6,0,1152,49634,dscw80
0,0,0,0,0,0,0,0,1,1,1,1,1,1,1,1,1,1,1,2,2,3,3,4,5,6,0,17561602,6,0,1173,52590,dscw80
0,0,0,0,0,0,0,0,0,0,0,0,0,0,0,0,0,0,0,0,1,1,1,1,1,1,0,259643,1,0,1152,49634,dscw80
0,0,0,0,0,0,0,0,1,1,1,1,1,1,1,1,1,1,1,2,2,2,2,3,3,4,1,2993398,5,0,1151,49440,dscw80
0,0,0,1,4,5,10,12,16,19,22,23,24,25,25,25,25,26,26,27,29,29,33,35,35,35,0,150667551,35,0,1151,49440,dscw80
0,0,0,1,1,1,1,1,1,1,1,1,1,1,1,1,1,1,1,1,1,1,2,2,2,2,0,260472,2,0,1152,49634,dscw80
0,0,0,0,0,0,0,0,0,0,0,0,0,0,0,0,0,0,1,1,1,1,1,1,1,1,0,2069,1,0,1151,49440,dscw80
0,0,1,2,2,2,2,2,2,2,2,2,2,2,2,2,2,2,2,2,2,2,2,2,2,2,0,515775,2,1,1152,49634,dscw80
0,0,0,0,0,0,0,0,0,0,1,1,1,1,1,1,1,1,1,1,1,1,1,1,1,1,0,3129379,1,1,1152,49634,dscw80
0,0,0,0,0,0,0,0,0,0,0,0,0,0,0,0,0,0,0,0,2,3,3,4,5,5,0,4750132,5,0,1152,49634,dscw80
0,0,0,0,0,0,0,0,0,0,0,0,0,1,1,1,1,1,1,1,1,1,1,1,1,1,0,1651923,1,0,1173,52590,dscw80
0,0,0,0,0,0,0,0,0,0,0,0,0,0,0,0,0,1,1,1,1,1,1,1,1,1,0,5638664,1,0,1152,49634,dscw80
0,0,0,1,1,1,1,1,1,1,1,1,1,1,1,1,1,1,1,1,1,1,1,1,1,1,0,257628,1,0,1152,49634,dscw80
0,0,0,0,0,0,0,0,0,0,0,0,0,0,0,0,0,0,0,0,0,0,0,0,1,1,0,128418,1,0,1173,52590,dscw80
0,0,1,1,1,1,1,1,1,1,1,1,1,1,1,1,1,1,1,1,1,1,1,1,1,1,0,259560,1,0,1151,49440,dscw80
0,0,0,0,0,0,0,0,0,2,3,3,3,3,3,3,3,3,3,3,3,3,3,3,3,3,0,514450,3,0,1152,49634,dscw80
0,0,0,0,0,1,1,1,1,1,1,2,2,2,2,2,2,2,3,3,3,3,3,3,3,3,0,5527875,3,0,1152,49634,dscw80
0,0,0,0,0,0,0,0,0,0,0,0,0,0,0,0,0,0,0,0,0,1,1,1,1,2,0,7240352,2,1,1173,52590,dscw80
0,0,0,0,0,1,1,1,1,1,1,1,1,1,1,1,1,1,1,1,1,1,1,1,1,1,0,2407,1,1,1152,49634,dscw80
0,0,0,0,0,0,0,0,1,1,1,1,1,1,1,1,1,1,1,1,1,1,1,1,1,1,0,257467,1,0,1151,49634,dscw80
0,0,0,0,0,0,0,0,1,1,1,1,1,1,1,1,1,1,1,1,1,1,1,1,1,1,0,11113,1,1,1152,49634,dscw80
0,0,0,0,1,1,1,1,1,1,3,3,3,3,3,3,3,3,3,3,3,3,3,3,3,3,0,6000755,3,0,1173,52590,dscw80
0,0,0,1,1,1,1,1,1,1,1,1,1,1,1,1,1,1,1,1,1,1,1,1,1,1,0,2897,1,1,1152,49634,dscw80
0,0,0,0,0,0,0,0,0,0,0,1,1,1,1,1,1,1,1,1,1,1,1,1,1,1,0,128654,1,1,1152,49634,dscw80
0,0,0,0,0,0,0,1,2,2,2,2,2,2,2,2,2,2,2,2,2,2,2,2,2,2,0,440446,2,1,1152,49634,dscw80
0,0,0,0,0,1,2,2,2,2,2,2,2,2,2,2,2,2,2,2,3,3,3,3,3,3,0,644308,3,1,1152,49634,dscw80
0,0,0,0,0,0,0,0,0,0,0,0,0,0,0,0,0,0,0,0,0,1,1,1,1,1,0,953060,1,0,1151,49440,dscw80
0,0,0,0,0,1,1,1,1,2,2,2,2,2,2,2,2,2,2,2,2,2,2,2,2,2,0,14186970,2,0,1181,49634,dscw80
0,0,1,1,1,1,2,2,2,2,2,2,2,2,2,2,2,2,2,2,2,2,2,2,2,2,0,4950,2,1,1151,49440,dscw80
0,0,0,0,0,0,0,1,1,1,1,1,1,1,1,1,1,1,1,1,1,1,2,2,2,2,0,519166,2,0,1152,49634,dscw80
0,0,0,2,2,3,4,4,4,4,4,4,4,4,4,5,5,5,5,5,5,5,5,5,5,5,0,38590265,5,0,1151,49440,dscw80
0,0,0,0,0,0,1,1,1,1,1,2,2,2,2,2,2,2,2,2,2,2,2,2,2,2,0,260449,2,1,1152,49634,dscw80
0,0,0,0,1,1,1,1,1,1,1,1,1,1,1,2,2,2,2,2,2,2,2,2,2,2,0,514929,2,1,1152,49634,dscw80
0,0,0,0,0,0,0,2,2,3,3,3,3,4,4,4,4,4,4,4,4,4,4,4,4,4,0,40619442,4,1,1152,49634,dscw80
0,0,0,0,0,0,0,0,0,0,0,0,0,0,0,0,0,1,1,1,5,5,5,6,6,6,0,13000920,6,0,1151,49440,dscw80
0,0,0,0,0,0,0,0,0,0,0,0,0,0,1,1,1,1,1,1,1,1,1,1,1,1,0,5131110,1,1,1152,49634,dscw80
0,0,0,0,0,0,1,1,1,1,1,1,1,2,2,2,2,2,2,2,2,3,4,4,4,4,0,18518368,4,0,1151,49440,dscw80
0,0,0,0,1,1,1,1,1,1,1,1,1,1,1,1,1,1,1,1,1,1,1,1,1,1,0,1919,1,1,1151,49440,dscw80
0,0,0,0,0,0,0,0,0,1,1,1,1,1,1,1,1,1,1,1,1,1,1,1,1,1,0,128878,1,1,1151,49440,dscw80
0,0,0,0,0,0,0,0,0,0,0,0,2,2,4,4,5,5,5,6,10,12,12,12,12,12,0,41297336,12,0,1173,52590,dscw80
0,0,0,1,1,1,1,1,1,1,1,1,1,1,1,1,1,1,1,1,1,1,1,1,1,1,0,166681,1,1,1173,52590,dscw80
0,0,0,0,0,0,0,0,0,0,0,0,1,1,1,1,1,1,1,1,1,1,1,1,1,1,0,1829,1,1,1152,49634,dscw80
0,0,0,0,0,0,0,0,0,0,0,0,0,0,0,1,1,1,1,1,1,1,1,1,1,1,0,2901,1,0,1173,49440,dscw80
0,0,0,0,0,0,1,1,1,1,2,2,2,2,2,2,2,2,2,2,2,2,2,2,2,2,0,2754044,2,0,1152,49634,dscw80
0,0,0,0,0,1,1,1,1,1,1,1,1,1,1,1,1,1,1,1,1,1,1,1,1,1,0,5663341,1,0,1173,52590,dscw80
0,0,0,1,1,1,1,1,1,1,1,1,1,1,1,1,1,1,1,1,1,1,1,1,1,1,0,4098671,1,1,1152,49634,dscw80
0,0,0,1,5,9,11,13,13,13,13,14,15,17,17,17,17,17,17,17,19,20,21,22,22,22,0,48938890,22,0,1152,49634,dscw80
0,0,0,0,0,0,0,0,4,4,4,4,4,4,5,5,6,6,6,6,6,6,6,6,6,7,0,32360711,7,1,1151,49440,dscw80
0,0,0,0,0,0,0,1,1,1,1,1,1,1,1,1,1,1,1,1,1,1,1,1,1,1,0,1313296,1,1,1173,52590,dscw80
0,0,1,1,1,1,1,1,1,1,1,1,1,1,1,1,1,1,1,1,1,1,1,1,1,1,0,131641,1,1,1151,49440,dscw80
0,0,0,0,0,1,1,2,2,2,2,2,2,2,2,2,2,2,2,2,2,2,2,2,2,2,0,27537488,2,0,1151,49440,dscw80
0,0,0,0,0,0,1,1,1,1,1,2,2,2,2,3,3,3,3,3,4,4,4,5,5,7,0,11587971,7,0,1151,49440,dscw80
0,0,0,0,0,0,0,0,0,1,1,1,1,1,1,1,1,1,1,1,1,1,1,1,1,1,0,4664647,1,0,1173,52590,dscw80
0,0,0,0,1,2,2,2,2,3,3,4,4,4,4,4,4,4,4,4,4,4,5,5,5,5,0,262329,5,1,1151,49440,dscw80
0,0,0,0,0,0,0,0,0,0,0,0,0,0,1,1,1,1,1,1,1,1,1,1,1,1,0,2172,1,1,1151,49634,dscw80
0,0,0,0,0,0,0,0,0,0,1,1,1,1,1,1,1,1,1,1,1,1,1,1,1,1,0,6960985,1,0,1173,52590,dscw80
0,0,0,0,0,1,2,2,3,3,3,6,6,7,8,8,10,10,10,10,12,12,12,12,12,12,0,21674589,12,0,1152,49634,dscw80
0,0,0,0,0,0,0,0,0,0,0,1,1,1,1,1,1,1,1,1,1,1,1,1,1,1,0,1917377,1,0,1152,49634,dscw80
0,0,0,0,0,0,0,0,1,1,1,1,1,1,1,1,1,1,1,1,1,1,1,1,1,1,0,2836,1,1,1151,49440,dscw80
0,0,0,0,0,0,0,0,0,0,0,0,0,0,0,0,0,1,1,1,1,1,1,1,1,1,0,128813,1,0,1181,49440,dscw80
0,0,0,0,0,0,0,0,0,0,0,0,0,0,0,0,0,0,1,1,1,1,1,1,1,1,0,122299,1,0,1152,49634,dscw80
0,0,0,0,0,0,0,0,0,0,0,0,0,0,0,1,1,1,1,1,1,1,1,1,1,2,0,6335043,2,0,1151,49440,dscw80
0,0,0,0,0,1,1,1,1,1,1,1,1,2,2,2,2,2,2,2,2,2,2,2,2,2,0,4387556,2,0,1151,49440,dscw80
0,0,0,0,0,0,0,0,0,0,0,0,0,0,0,0,0,0,0,0,0,1,1,1,2,2,0,6883985,2,0,1173,52590,dscw80
0,0,0,0,0,0,0,0,0,0,0,1,1,1,1,1,1,1,2,2,2,2,2,2,2,2,0,6871801,2,1,1151,49440,dscw80
0,0,1,2,2,2,2,2,2,2,2,2,2,2,2,2,2,2,2,2,2,2,2,2,2,2,0,517091,2,1,1152,49634,dscw80
0,0,0,0,0,0,0,1,1,1,1,1,1,1,1,1,1,1,1,1,1,1,1,1,1,1,0,203438,1,0,1152,49634,dscw80
0,0,0,0,0,0,0,1,2,2,2,2,2,2,2,2,2,2,2,2,2,2,2,2,2,2,0,3694680,2,0,1173,52590,dscw80
0,0,0,0,0,0,1,1,1,1,1,1,1,1,1,1,1,1,1,1,1,1,1,1,1,1,0,10974036,1,1,1151,49634,dscw80
0,0,0,0,0,0,0,0,0,0,0,0,0,0,0,0,0,0,0,0,0,1,1,1,1,1,0,6749886,1,0,1152,49634,dscw80
0,0,0,0,0,0,0,0,0,0,0,0,0,0,0,1,1,1,1,1,1,1,1,1,1,1,0,4538456,1,1,1151,49440,dscw80
0,0,0,0,1,1,1,1,2,2,2,2,2,2,2,2,2,2,2,2,2,2,2,2,2,2,0,3062888,2,0,1173,52590,dscw80
0,0,0,0,0,0,0,0,0,0,0,0,0,0,0,0,0,0,0,0,0,0,1,1,1,1,0,64246,1,0,1152,49634,dscw80
0,0,0,0,0,0,0,0,0,0,0,0,0,0,0,0,0,0,0,0,0,1,1,1,1,1,0,891546,1,0,1152,49634,dscw80
0,0,0,0,0,0,0,0,0,0,1,1,1,1,1,1,1,1,1,1,1,1,1,1,1,1,0,4089,1,1,1152,49634,dscw80
0,0,0,0,0,0,0,0,1,1,1,1,1,1,1,1,1,1,1,1,1,1,1,1,1,1,0,5417567,1,0,1152,49634,dscw80
0,0,0,0,0,0,0,0,1,1,1,1,1,1,1,1,1,1,1,1,1,1,1,1,1,1,0,257840,1,1,1151,49440,dscw80
0,0,0,0,0,0,0,0,0,0,0,0,0,0,0,0,0,0,0,0,0,0,1,1,1,1,0,3193968,1,1,1151,49440,dscw80
0,0,0,0,0,0,0,0,0,1,1,1,1,1,1,1,1,1,1,1,1,1,1,1,1,1,0,257543,1,1,1181,53188,dscw80
0,0,0,0,0,1,1,1,1,1,1,2,2,2,2,2,2,2,2,2,2,2,2,2,2,2,0,134775,2,1,1151,49440,dscw80
0,0,0,1,1,1,1,2,3,4,4,4,4,4,4,4,4,4,4,4,4,4,4,4,4,4,0,2092438,4,0,1152,49634,dscw80
0,0,0,1,1,1,1,1,1,1,1,1,1,1,1,1,1,1,1,1,1,1,1,1,1,1,0,7253948,1,0,1181,53188,dscw80
0,0,0,0,0,0,0,0,0,0,0,0,0,0,1,1,1,1,1,1,1,2,2,2,2,2,0,3535966,2,0,1173,52590,dscw80
0,0,0,0,0,0,1,2,3,3,4,5,5,5,6,6,6,6,6,6,6,6,6,6,6,6,0,7837,6,1,1151,49440,dscw80
0,0,0,2,2,2,2,2,3,3,3,3,3,3,3,3,4,4,4,4,4,4,4,4,4,4,0,3324349,4,0,1173,52590,dscw80
0,0,0,0,0,0,1,1,1,1,1,1,1,1,1,1,1,1,1,1,1,1,1,1,1,1,0,2977292,1,1,1152,49634,dscw80
0,0,0,0,0,0,0,0,0,0,0,0,0,0,0,0,0,1,1,1,1,1,1,1,1,1,0,3715879,1,0,1181,53188,dscw80
0,0,0,0,0,0,0,0,1,1,1,1,1,1,1,1,1,1,1,1,1,1,1,1,1,1,0,1328473,1,1,1152,49634,dscw80
0,0,0,0,0,1,4,6,8,9,11,13,14,16,16,18,18,18,19,19,19,19,19,19,19,19,0,48274275,19,0,1152,49634,dscw80
0,0,0,0,0,1,1,1,1,1,1,1,1,1,1,1,1,1,1,1,1,1,1,1,1,1,0,34188,1,1,1181,49634,dscw80
0,0,0,1,1,1,1,1,1,1,1,1,1,1,1,1,1,1,1,1,1,2,2,2,2,2,0,2716,2,1,1181,53188,dscw80
0,0,0,0,0,1,1,1,1,1,1,1,1,1,2,2,2,2,2,2,2,2,2,2,2,2,0,3721701,2,0,1151,49440,dscw80
0,0,0,0,1,2,3,4,4,5,5,5,5,6,6,6,6,6,6,6,6,6,6,6,6,6,0,251750,6,1,1152,49634,dscw80
0,0,0,0,0,0,0,0,0,0,0,0,0,0,0,0,0,0,0,0,1,1,1,1,1,1,0,6228014,1,0,1151,49634,dscw80
0,0,0,0,1,2,2,3,3,3,3,3,3,3,3,3,3,3,4,4,4,4,5,5,5,5,0,2307937,5,1,1173,52590,dscw80
0,0,0,0,0,0,0,0,0,0,0,0,0,0,0,0,0,1,1,1,1,1,1,1,1,1,0,3045,1,1,1151,49634,dscw80
0,0,0,1,1,1,1,1,1,1,1,3,4,4,4,4,4,4,4,4,4,4,5,5,5,5,0,19338652,5,0,1173,52590,dscw80
0,0,0,0,0,0,0,0,0,0,0,0,0,0,1,1,1,1,2,2,2,2,2,2,2,2,0,2847446,2,0,1152,49634,dscw80
0,0,0,0,1,1,1,1,1,1,1,1,1,1,1,1,1,1,1,1,1,1,1,1,1,1,0,4692671,1,1,1181,53188,dscw80
0,0,0,2,2,2,2,2,2,2,2,2,2,2,2,2,2,2,2,2,2,2,2,2,2,2,0,34841,2,1,1181,49634,dscw80
0,0,0,0,0,0,0,0,0,1,1,1,1,1,1,1,1,1,1,1,1,1,1,1,1,1,0,7671809,1,0,1152,49634,dscw80
0,0,0,0,0,0,0,0,0,0,0,0,0,0,0,0,0,0,0,0,1,1,2,2,2,2,0,515045,2,1,1152,49440,dscw80
0,0,0,0,0,0,1,2,2,2,2,2,2,2,2,2,2,2,2,2,2,2,2,2,2,2,0,330658,2,0,1151,49440,dscw80
0,0,0,0,0,0,0,0,0,1,1,1,1,1,1,1,1,1,1,1,1,1,1,1,1,1,0,5012458,1,0,1152,49634,dscw80
0,0,0,0,0,0,0,0,0,0,0,0,0,0,0,0,0,1,1,1,1,1,1,1,1,1,0,7649141,1,0,1152,49634,dscw80
0,0,0,0,0,0,0,0,0,0,0,0,0,0,0,0,1,1,1,1,1,1,1,1,1,1,0,3081880,1,0,1173,52590,dscw80
0,0,0,0,0,0,0,1,1,1,1,1,1,1,1,1,1,1,1,1,1,1,1,1,1,1,0,7148226,1,1,1152,49634,dscw80
0,0,0,0,0,1,1,2,2,2,2,2,2,2,2,2,2,2,2,2,3,3,3,3,3,3,0,14929859,3,0,1152,49634,dscw80
0,0,0,0,0,0,0,0,0,0,0,0,0,0,0,1,1,1,1,1,1,1,1,1,1,1,0,1373,1,1,1173,52590,dscw80
0,0,0,0,0,0,0,0,0,0,0,0,0,0,0,0,0,0,0,0,0,1,1,1,1,1,1,227303,2,0,1173,52590,dscw80
0,0,0,0,0,0,0,1,1,1,1,1,1,1,1,1,1,1,1,1,1,1,1,1,1,1,0,290270,1,0,1181,49634,dscw80
0,0,1,1,1,1,1,1,2,2,2,2,2,2,2,2,2,2,2,2,2,2,2,2,2,2,0,322816,2,0,1181,53188,dscw80
0,0,0,0,1,4,4,5,6,6,7,7,7,8,8,8,8,8,8,8,8,8,8,8,8,8,0,10788821,8,1,1151,49440,dscw80
0,0,0,0,0,0,0,0,0,0,0,0,0,1,1,1,1,1,1,1,2,2,2,2,2,2,0,729661,2,0,1173,52590,dscw80
0,0,0,0,0,0,1,2,4,6,11,11,12,15,16,17,22,23,23,23,28,32,36,39,39,44,1,60309168,45,0,1151,49440,dscw80
0,0,0,0,0,0,0,0,0,0,0,0,0,0,0,0,0,0,0,0,0,1,1,1,1,1,0,10266649,1,0,1152,49634,dscw80
0,0,0,0,0,0,0,0,0,0,0,0,0,0,0,0,0,0,0,0,0,0,0,1,1,1,0,257531,1,0,1152,49634,dscw80
0,1,2,2,2,2,2,2,2,2,2,2,2,2,2,2,2,2,2,2,2,2,2,2,2,2,0,4215511,2,1,1173,52590,dscw80
0,0,0,0,0,0,0,0,0,0,0,1,1,1,1,1,1,1,1,1,1,1,1,1,1,1,0,257413,1,1,1152,49634,dscw80
0,0,0,0,0,0,0,0,0,0,0,0,0,0,0,0,0,0,0,0,3,5,5,5,5,5,1,23303,6,1,1151,49440,dscw80
0,0,0,0,0,2,2,2,2,2,2,2,2,2,2,2,2,2,2,2,2,2,2,2,2,2,0,150390,2,0,1151,49634,dscw80
0,0,0,0,0,1,3,6,8,13,17,23,25,26,28,28,31,31,31,33,39,39,41,42,42,42,0,100035783,42,0,1152,49634,dscw80
0,0,0,0,0,0,0,0,0,0,1,1,1,1,1,1,1,1,1,1,1,1,1,1,1,1,0,128675,1,0,1152,49634,dscw80
0,0,0,0,1,1,1,1,1,1,1,1,1,1,1,1,1,1,1,1,1,1,1,1,1,1,0,4479098,1,0,1152,49634,dscw80
0,0,1,1,2,2,2,2,2,2,2,2,2,2,4,4,5,5,5,5,5,5,5,5,5,5,0,4688510,5,0,1152,49634,dscw80
0,0,0,0,0,1,1,1,1,1,1,1,2,2,2,2,3,3,3,3,3,3,3,3,3,3,0,772653,3,0,1173,52590,dscw80
0,0,0,0,0,0,0,0,0,0,1,1,1,1,1,1,1,1,1,1,1,1,1,1,1,1,0,42788,1,0,1152,49634,dscw80
0,0,0,0,0,0,0,0,1,1,1,1,1,1,1,1,1,1,1,1,1,1,2,2,2,2,0,256562,2,1,1152,49634,dscw80
0,0,0,0,0,0,0,0,0,0,0,0,0,0,0,0,0,0,0,0,1,1,1,1,1,1,0,1601137,1,0,1152,49634,dscw80
0,0,0,0,0,0,0,0,0,1,1,1,2,2,3,4,4,4,4,4,4,4,4,4,4,4,0,782327,4,1,1173,52590,dscw80
0,0,0,0,0,0,0,0,0,0,0,0,0,0,0,0,0,0,0,1,1,1,1,1,1,1,0,195099,1,0,1173,52590,dscw80
0,0,0,0,0,0,0,0,0,0,0,0,0,0,0,0,0,0,0,0,1,1,1,1,1,1,0,257552,1,1,1151,49440,dscw80
0,0,0,0,0,2,3,8,10,12,13,15,16,16,16,16,17,17,18,19,20,21,22,24,24,24,0,84158900,24,0,1173,52590,dscw80
0,0,0,0,0,0,0,1,1,1,1,1,1,1,1,1,1,1,1,1,1,1,1,1,1,1,0,95872,1,0,1151,49440,dscw80
0,0,0,0,1,1,1,1,1,1,1,1,1,1,1,1,1,1,1,1,1,1,1,1,1,1,0,2105,1,1,1151,49440,dscw80
0,0,0,0,0,0,1,1,1,1,1,1,1,1,1,1,1,1,1,1,1,1,1,1,1,1,0,1964,1,1,1173,52590,dscw80
0,0,1,1,1,1,1,1,1,1,1,1,1,1,1,1,1,1,1,1,1,1,1,1,1,1,0,33182,1,1,1181,49634,dscw80
0,0,0,0,0,0,0,0,0,0,0,0,0,0,0,0,0,0,0,0,0,1,1,1,1,1,0,1900450,1,1,1151,49440,dscw80
0,0,0,0,0,0,0,0,1,2,2,2,2,2,2,2,2,2,2,2,2,3,3,3,3,3,0,7528121,3,1,1173,52590,dscw80
0,0,0,0,0,0,0,1,2,2,2,2,2,2,2,2,2,2,2,2,2,2,2,2,2,2,0,12227174,2,0,1151,49634,dscw80
0,0,0,0,0,1,1,1,1,1,1,1,1,1,1,1,1,1,1,1,1,1,1,1,1,1,0,35293,1,1,1152,49634,dscw80
0,0,0,0,0,0,0,0,0,0,0,0,0,0,0,0,0,0,0,1,1,1,1,1,1,1,0,2804923,1,0,1173,52590,dscw80
0,0,0,0,0,0,0,0,0,0,0,1,1,1,1,1,1,1,1,1,1,1,1,1,1,1,0,1307859,1,0,1173,52590,dscw80
0,0,0,0,1,4,6,13,16,20,20,20,22,24,24,24,25,25,26,26,26,26,28,28,29,29,0,66448204,29,0,1152,49634,dscw80
0,0,0,0,0,0,0,0,0,0,0,0,1,1,1,1,1,1,1,1,1,1,1,1,1,1,0,257349,1,1,1152,49634,dscw80
0,0,0,0,0,1,1,1,1,1,1,2,2,2,2,2,2,2,3,3,3,3,3,3,3,3,0,6242,3,1,1152,49634,dscw80
0,0,0,0,0,0,1,1,2,2,2,2,2,2,2,2,2,2,2,2,2,2,2,2,2,2,0,515211,2,1,1173,52590,dscw80
0,0,0,0,0,0,0,0,0,0,0,0,0,1,1,1,1,1,1,1,1,1,1,1,1,1,0,128020,1,0,1152,49634,dscw80
0,0,0,1,1,1,1,1,1,1,1,1,1,1,1,1,1,1,1,1,1,1,1,1,1,1,0,128676,1,0,1151,49440,dscw80
0,0,0,0,0,0,0,1,1,1,1,1,1,1,1,1,1,1,1,1,1,1,1,1,1,1,0,257821,1,0,1152,49634,dscw80
0,0,0,0,0,0,0,0,0,0,0,0,0,0,1,1,1,1,1,1,1,1,1,1,1,1,0,1156659,1,0,1151,49440,dscw80
0,0,0,0,0,0,0,0,0,0,1,1,1,1,1,1,1,1,1,1,1,1,1,1,1,1,0,1976,1,0,1173,49440,dscw80
0,0,0,0,0,0,0,2,2,2,2,2,2,2,2,2,2,2,2,2,2,2,2,2,2,2,0,516049,2,1,1173,52590,dscw80
0,0,0,0,0,0,0,1,1,1,1,1,1,1,1,1,1,1,1,1,1,1,1,1,1,1,0,66138,1,1,1152,49634,dscw80
0,0,0,0,0,0,0,1,1,1,1,1,1,1,1,1,1,1,1,1,1,1,1,1,1,1,0,3583,1,0,1152,49634,dscw80
0,0,0,0,0,0,0,0,0,0,0,0,0,0,0,0,0,0,0,0,0,1,1,1,1,1,0,1838,1,1,1173,52590,dscw80
0,0,0,0,0,0,2,2,2,2,3,3,4,4,4,4,4,4,4,4,4,4,4,4,4,4,0,640273,4,0,1152,49634,dscw80
0,0,0,0,0,0,0,0,0,0,0,0,0,0,0,0,0,0,0,0,1,1,1,1,1,1,0,17171860,1,0,1151,49634,dscw80
0,0,0,0,0,0,0,0,1,1,1,1,1,1,1,1,1,1,1,1,1,1,1,1,1,1,0,165799,1,0,1181,49440,dscw80
0,0,0,0,0,0,0,0,1,1,1,2,2,2,2,2,2,2,3,3,3,3,3,3,3,3,0,3874440,3,0,1151,49440,dscw80
0,0,0,1,1,1,1,1,1,1,1,1,1,1,1,1,1,1,1,1,1,1,1,1,1,1,0,3353484,1,0,1152,49634,dscw80
0,0,0,0,0,0,0,0,1,1,1,1,1,1,1,1,1,2,2,2,2,2,2,2,2,2,0,2699332,2,0,1152,49634,dscw80
0,0,0,1,1,1,1,1,1,1,1,1,1,1,1,1,1,1,1,1,1,2,2,2,2,2,0,252034,2,0,1181,53188,dscw80
0,0,0,0,0,0,0,0,0,0,0,0,0,0,0,0,0,0,0,0,1,1,1,1,1,1,0,257563,1,1,1151,49440,dscw80
0,0,0,0,0,1,1,1,1,1,1,1,1,1,1,1,1,1,1,1,1,1,1,1,1,1,0,1800,1,1,1152,49634,dscw80
0,0,0,0,1,1,1,1,1,1,1,1,1,1,2,2,2,2,2,2,2,2,2,2,2,2,0,5284163,2,0,1151,49440,dscw80
0,0,0,0,0,0,0,0,0,0,0,0,0,0,0,0,0,0,0,0,1,1,2,2,2,2,0,773584,2,0,1173,52590,dscw80
0,0,0,0,0,1,1,1,1,1,2,3,3,3,3,4,5,5,5,5,5,5,7,7,7,8,0,31719858,8,0,1151,49440,dscw80
0,0,0,0,0,0,0,0,0,0,0,0,0,0,0,0,0,0,0,0,2,2,2,2,2,2,0,3084130,2,0,1173,52590,dscw80
0,0,0,0,0,0,0,0,1,2,4,5,5,5,6,6,6,6,7,7,7,7,7,7,7,7,0,13463699,7,0,1152,49634,dscw80
0,0,0,0,0,0,0,0,0,0,0,0,0,0,0,0,0,0,0,0,0,0,1,1,1,1,0,1889168,1,0,1181,53188,dscw80
0,0,0,0,0,0,0,0,0,1,1,1,1,1,1,1,1,1,1,1,1,1,1,1,1,1,0,97955,1,0,1152,49634,dscw80
0,0,0,0,0,0,0,0,0,0,1,1,1,1,1,1,1,1,1,1,1,1,1,1,1,1,0,257832,1,0,1173,52590,dscw80
0,0,0,0,0,0,0,0,0,0,1,1,1,1,1,1,1,1,1,1,1,1,1,1,1,1,0,3341689,1,1,1151,49440,dscw80
0,0,0,0,0,0,1,1,1,1,1,1,1,1,1,1,1,1,1,1,1,1,1,1,1,1,0,6315234,1,0,1173,52590,dscw80
0,0,0,0,0,0,0,0,0,0,0,1,1,1,1,1,1,1,1,1,1,1,1,1,1,1,0,1906,1,1,1151,49440,dscw80
0,0,2,2,3,3,4,4,4,5,5,5,5,6,6,6,6,6,6,6,6,6,6,6,6,6,0,11633295,6,1,1152,49634,dscw80
0,0,0,0,0,0,0,0,0,0,0,0,0,0,0,0,0,0,0,0,1,1,1,1,1,1,0,1909,1,1,1181,53188,dscw80
0,0,0,0,0,0,0,0,0,0,0,1,1,1,1,1,1,1,1,1,1,1,1,1,1,1,0,2656,1,1,1173,52590,dscw80
0,0,0,0,0,0,0,0,0,0,1,1,1,1,1,1,1,1,1,1,1,1,1,1,1,1,0,2642,1,1,1151,49440,dscw80
0,0,1,1,1,1,1,1,1,1,2,2,2,2,2,3,3,3,3,3,3,3,3,3,3,3,0,2751803,3,1,1152,49634,dscw80
0,0,0,0,0,1,1,1,1,1,1,1,1,1,1,1,1,1,1,1,1,1,2,2,2,2,0,781977,2,0,1152,49634,dscw80
0,0,0,0,0,0,2,2,3,4,4,4,5,5,5,5,5,5,5,5,5,6,7,8,8,9,1,8104111,10,0,1173,52590,dscw80
0,0,0,5,10,16,17,19,21,24,30,31,35,35,36,37,38,38,38,40,44,44,45,45,45,45,0,172065966,45,0,1152,49634,dscw80
0,0,0,0,0,0,0,0,0,0,0,1,1,1,1,1,1,1,1,1,1,1,1,1,1,1,0,9850856,1,1,1151,49440,dscw80
0,0,0,0,0,0,0,0,0,0,0,0,0,0,0,0,0,0,1,1,1,1,1,1,1,1,0,1716727,1,0,1173,52590,dscw80
0,0,0,0,0,0,0,3,3,3,3,3,3,3,3,3,3,3,3,3,3,3,3,3,3,3,0,21443,3,1,1152,49634,dscw80
0,0,0,0,1,2,2,2,2,2,2,2,2,2,2,2,2,2,2,2,2,2,2,2,2,2,0,3204609,2,1,1152,49634,dscw80
0,0,0,0,1,1,1,1,1,1,1,1,1,1,1,1,1,1,1,1,1,1,1,1,1,1,0,1935,1,1,1152,49634,dscw80
0,0,0,0,0,0,0,0,0,0,0,0,0,1,1,1,1,1,1,1,1,1,1,1,1,1,0,6392175,1,1,1173,52590,dscw80
0,0,0,0,0,3,4,4,4,4,4,4,5,5,5,5,5,5,5,5,5,6,6,6,6,6,0,3336152,6,0,1152,49634,dscw80
0,0,0,0,0,0,0,1,1,1,1,1,1,1,1,1,1,1,1,1,1,1,1,1,1,1,0,1704,1,0,1181,52590,dscw80
0,0,0,0,0,0,0,1,1,1,1,1,1,1,1,1,1,1,1,1,1,1,1,1,1,1,0,1912,1,1,1173,52590,dscw80
0,0,0,0,0,1,1,1,1,1,1,1,1,1,1,1,1,1,1,1,2,2,2,2,2,2,0,130473,2,0,1152,49634,dscw80
0,0,0,0,0,1,1,1,1,1,1,1,1,1,1,1,1,1,1,1,1,1,1,1,1,1,0,258162,1,0,1152,49634,dscw80
0,0,1,1,1,1,1,1,1,1,1,1,1,1,1,1,1,1,1,1,1,1,1,1,1,1,0,2467,1,0,1152,49634,dscw80
0,0,0,0,0,1,1,1,1,1,1,1,1,1,1,1,1,1,1,1,1,1,1,1,1,1,0,258015,1,1,1152,49634,dscw80
0,0,0,0,0,0,1,1,1,3,3,4,4,5,5,5,5,5,6,6,7,8,8,8,8,8,2,1039530,10,1,1151,49440,dscw80
0,0,0,0,1,1,1,1,1,1,1,1,1,1,1,1,1,1,1,1,1,1,1,1,1,1,0,258117,1,1,1152,49634,dscw80
0,0,0,0,0,0,0,0,0,0,0,0,0,0,0,0,0,0,0,0,0,0,0,0,0,1,0,719584,1,0,1173,52590,dscw80
0,0,0,0,0,0,0,0,0,0,1,1,1,1,1,1,1,1,1,1,1,1,1,1,1,1,0,128321,1,0,1152,49634,dscw80
0,0,0,0,0,0,0,0,1,2,2,2,2,2,2,2,2,2,2,2,2,2,2,2,2,2,0,2616,2,1,1151,49440,dscw80
0,0,0,0,0,0,0,0,0,1,1,1,1,1,1,1,1,1,1,1,1,1,1,1,1,1,0,98308,1,1,1152,49634,dscw80
0,0,0,0,0,0,0,0,0,0,0,0,0,1,1,2,2,2,2,2,2,2,2,2,2,2,0,114841,2,1,1152,49634,dscw80
0,0,0,0,0,0,1,2,2,2,2,2,2,2,2,2,2,2,2,2,2,2,2,2,2,2,0,515190,2,1,1173,52590,dscw80
0,0,0,0,0,0,1,1,1,1,1,1,1,1,1,1,1,1,1,1,1,1,1,1,1,1,0,258157,1,1,1152,49634,dscw80
0,0,0,0,1,1,1,1,1,2,2,2,2,2,2,2,2,2,2,2,2,2,2,2,2,2,0,1776922,2,1,1152,49634,dscw80
0,0,0,0,0,0,0,0,0,1,1,1,1,1,1,1,1,1,1,1,1,1,1,1,1,1,0,2730,1,1,1173,52590,dscw80
0,0,0,0,0,0,0,0,0,0,0,0,0,0,0,0,0,0,0,0,1,1,1,1,1,1,0,765025,1,0,1151,49440,dscw80
0,0,0,0,0,0,0,0,0,0,0,0,0,0,1,1,1,1,1,1,1,1,1,1,1,1,0,257553,1,1,1181,52590,dscw80
0,0,0,0,1,1,1,1,1,1,1,1,1,1,1,1,1,1,1,1,1,1,1,1,1,1,0,257879,1,1,1151,49440,dscw80
0,0,1,1,1,2,2,2,2,2,2,2,2,2,2,2,3,3,3,3,3,3,3,3,3,3,0,3522197,3,1,1152,49634,dscw80
0,0,0,0,0,0,2,2,2,2,2,2,2,2,2,2,2,2,2,2,2,2,2,2,2,2,0,1027133,2,1,1151,49440,dscw80
0,0,0,0,1,2,4,7,8,10,11,11,12,14,14,15,15,17,17,17,19,19,19,20,20,20,0,26350875,20,0,1151,49440,dscw80
0,0,0,0,0,0,0,1,2,2,2,3,3,5,6,6,7,7,9,11,20,22,24,25,25,25,0,43108201,25,0,1152,49634,dscw80
0,0,0,0,0,0,0,0,0,0,0,0,1,1,1,1,1,1,1,1,1,1,1,1,2,2,0,1619057,2,0,1181,52590,dscw80
0,0,0,0,0,0,0,0,0,0,0,0,0,0,1,1,1,1,1,1,1,1,1,1,1,1,0,59957,1,0,1151,49440,dscw80
0,0,0,0,0,0,0,0,0,0,0,0,0,0,0,0,0,0,0,0,0,0,0,0,1,1,0,17225189,1,0,1173,52590,dscw80
0,0,0,0,0,0,1,1,1,1,1,1,1,1,1,1,1,1,1,1,1,1,1,1,1,1,0,4563751,1,1,1151,49440,dscw80
0,0,0,0,0,0,1,1,1,1,1,1,1,1,1,1,1,1,1,1,1,1,1,1,1,1,0,257492,1,0,1152,49634,dscw80
0,0,0,0,0,0,1,1,1,2,4,4,4,4,4,4,4,4,4,4,5,5,5,5,5,5,0,649083,5,1,1173,52590,dscw80
0,0,0,0,0,0,0,0,1,1,1,1,1,1,1,1,1,1,1,1,1,1,2,2,2,2,0,130508,2,1,1152,49634,dscw80
0,0,0,0,0,0,1,1,1,1,1,1,1,1,1,1,1,1,1,1,1,1,1,1,1,1,0,6659677,1,0,1152,49634,dscw80
0,0,0,0,0,0,0,0,0,0,0,0,0,0,0,0,0,0,0,0,1,1,2,2,2,2,0,1784457,2,0,1173,52590,dscw80
0,0,1,3,3,4,4,4,5,5,5,5,5,5,5,5,6,7,8,8,8,8,8,8,8,8,0,37496506,8,1,1152,49634,dscw80
0,0,0,0,0,0,0,0,0,0,0,0,0,0,0,0,0,0,0,0,0,0,0,0,1,1,0,2342785,1,0,1152,49634,dscw80
0,0,0,0,1,1,1,1,1,1,1,1,1,1,1,1,1,1,1,1,1,1,2,2,2,2,0,386739,2,0,1151,49440,dscw80
0,0,0,0,2,5,6,7,7,7,7,8,9,9,9,9,9,9,9,9,11,11,13,14,14,14,0,9471663,14,0,1151,49440,dscw80
0,0,0,0,1,1,2,5,5,5,6,6,6,6,6,7,7,7,7,7,7,7,7,7,7,7,0,21502597,7,1,1173,52590,dscw80
0,0,0,0,0,0,1,2,3,8,9,9,10,10,11,12,14,14,14,16,21,25,26,26,27,29,0,65028337,29,0,1152,49634,dscw80
0,0,0,0,0,0,0,0,0,0,0,0,0,0,0,0,0,0,0,0,0,0,1,1,1,1,0,10984,1,0,1173,52590,dscw80
0,0,0,1,1,3,3,3,3,3,3,3,3,3,3,3,3,3,3,3,3,3,3,3,3,3,0,8796915,3,0,1181,53188,dscw80
0,0,0,0,0,0,0,1,1,1,1,2,2,2,2,2,2,2,2,2,2,2,2,2,2,2,0,5099293,2,0,1181,53188,dscw80
0,0,0,0,0,0,0,0,0,0,0,0,0,0,0,0,0,0,0,0,0,1,1,1,1,1,0,974148,1,0,1152,49634,dscw80
0,0,0,0,0,0,0,0,0,0,0,0,0,0,0,0,0,0,0,0,4,5,5,5,5,5,0,8591,5,0,1152,49634,dscw80
0,0,0,0,0,0,0,0,0,0,0,0,0,0,0,0,0,0,0,0,0,1,1,1,1,1,0,257795,1,1,1151,49634,dscw80
0,0,0,0,0,0,1,1,1,1,1,1,1,1,1,1,1,1,2,2,2,2,2,2,2,2,0,14185470,2,0,1152,49634,dscw80
0,0,0,0,0,0,0,0,0,0,0,0,0,0,0,0,0,0,0,0,0,0,0,1,1,1,1,374948,2,1,1151,49440,dscw80
0,0,0,0,0,0,1,1,1,1,1,1,2,2,2,2,2,2,2,2,2,2,2,2,2,2,0,302050,2,1,1152,49634,dscw80
0,0,0,0,0,0,1,1,1,1,2,2,2,2,2,2,2,2,2,2,4,4,4,4,4,4,0,4915834,4,0,1173,52590,dscw80
0,0,0,0,0,0,0,0,0,1,1,1,1,1,1,1,1,1,1,1,1,1,1,1,1,1,0,128612,1,1,1173,52590,dscw80
0,0,0,0,0,2,3,5,5,5,6,6,6,6,6,6,6,6,6,6,6,6,6,6,6,6,0,6656382,6,1,1151,49440,dscw80
0,0,0,0,0,0,0,0,0,0,0,0,0,0,0,0,0,0,1,1,1,1,1,1,1,1,0,8793,1,0,1173,52590,dscw80
0,0,0,0,0,0,1,1,1,1,1,1,1,1,1,1,1,1,1,1,1,1,1,1,1,1,0,257790,1,1,1152,49634,dscw80
0,0,0,0,4,13,26,43,60,76,81,85,90,95,96,99,101,102,104,106,113,117,120,121,121,123,0,346502399,123,0,1152,49634,dscw80
0,0,0,0,1,1,1,1,1,1,1,1,1,1,1,1,1,1,1,1,1,1,1,1,1,1,0,258428,1,1,1152,49634,dscw80
0,0,0,0,0,1,1,1,1,1,1,1,1,1,1,1,1,1,1,1,1,1,1,1,1,1,0,165325,1,0,1151,49440,dscw80
0,0,0,4,12,22,32,44,50,56,66,73,79,88,89,93,96,98,102,105,129,140,145,149,151,152,1,397541155,153,0,1173,52590,dscw80
0,0,1,1,1,1,1,1,1,1,1,1,1,1,1,1,1,1,1,1,1,1,1,1,1,1,0,128085,1,1,1151,49440,dscw80
0,0,0,0,1,1,1,1,1,1,1,1,1,1,1,1,1,1,1,1,1,1,1,1,1,1,0,257619,1,1,1151,49440,dscw80
0,0,0,0,0,0,0,0,1,1,1,1,1,1,1,1,1,1,1,1,1,1,1,1,1,1,0,1194,1,0,1152,49634,dscw80
0,0,0,0,1,2,2,4,4,4,4,4,4,4,4,4,4,4,4,4,4,4,4,4,4,4,0,13953008,4,0,1152,49634,dscw80
0,0,0,0,0,0,0,0,0,0,0,0,1,1,1,1,1,1,1,1,1,1,1,1,1,1,0,128418,1,0,1152,49440,dscw80
0,0,0,0,3,21,50,82,111,126,141,161,180,188,196,204,212,218,226,229,243,250,254,256,257,259,0,696571893,259,0,1152,49634,dscw80
0,0,0,1,1,1,1,1,1,1,1,1,1,1,1,1,1,1,1,1,1,1,1,1,1,1,0,2441,1,1,1152,49634,dscw80
0,0,0,0,0,0,0,0,0,1,1,1,1,1,1,1,1,1,1,1,1,1,1,1,1,1,0,4301562,1,0,1152,49634,dscw80
0,0,0,0,0,1,1,1,2,3,3,5,5,5,5,5,5,5,5,5,5,5,6,6,6,6,0,21970295,6,0,1152,49634,dscw80
0,0,0,0,0,0,0,0,0,0,0,1,1,2,2,2,2,2,2,2,3,3,3,3,3,3,0,6459006,3,0,1152,49634,dscw80
0,0,0,0,0,0,0,0,0,2,2,2,2,2,2,2,2,2,2,2,2,2,2,2,2,2,0,5884584,2,1,1152,49634,dscw80
0,0,0,0,0,0,0,1,1,1,1,1,1,1,1,1,1,1,1,1,1,1,1,1,1,1,0,14742947,1,0,1151,49634,dscw80
0,0,0,0,0,0,0,0,0,1,1,1,1,1,1,1,1,1,1,1,1,1,1,1,1,1,0,7378477,1,0,1152,49634,dscw80
0,0,0,0,0,0,0,0,0,0,0,0,1,1,1,1,1,2,2,2,2,2,2,2,2,2,0,3584,2,1,1151,49440,dscw80
0,0,0,0,1,1,1,1,1,1,1,1,1,1,1,1,1,1,1,1,1,1,1,1,1,1,0,1394,1,1,1173,52590,dscw80
0,0,0,0,0,0,0,0,0,0,0,0,0,0,0,0,0,0,0,0,3,3,3,3,3,3,0,1832975,3,0,1151,49440,dscw80
0,0,0,0,0,0,0,0,0,0,1,1,1,1,1,1,1,1,1,1,1,1,1,1,1,1,0,257643,1,0,1173,52590,dscw80
0,0,0,3,8,9,12,15,15,18,19,19,20,20,20,20,21,21,21,22,22,23,25,25,25,25,0,72237402,25,1,1173,52590,dscw80
0,0,0,1,1,1,1,1,1,1,1,1,1,1,1,1,1,1,1,1,1,1,1,1,1,1,0,128446,1,0,1152,49634,dscw80
0,0,0,0,0,0,0,0,0,0,0,0,0,0,0,1,1,1,1,1,1,1,1,1,1,1,0,3681621,1,0,1173,52590,dscw80
0,0,0,0,0,1,1,1,1,1,1,1,1,1,1,1,1,1,1,1,1,1,1,1,1,1,0,227107,1,1,1152,49634,dscw80
0,0,1,1,2,3,3,3,3,4,4,4,4,5,5,5,5,6,6,6,8,8,9,9,9,10,1,16459441,11,0,1181,53188,dscw80
0,0,0,0,0,0,0,0,0,0,0,1,1,1,1,1,1,1,1,1,1,2,2,2,2,3,0,7849894,3,0,1152,49634,dscw80
0,0,0,0,0,0,0,0,0,1,2,2,2,2,2,2,2,2,2,2,2,2,2,2,2,2,0,6277935,2,1,1152,49634,dscw80
0,0,0,0,0,0,0,0,0,0,0,1,1,1,1,1,2,2,2,2,2,2,2,2,2,2,0,4609770,2,1,1151,49440,dscw80
0,0,0,0,0,0,0,1,2,2,2,2,2,2,2,2,2,2,2,2,2,2,2,2,2,2,0,515994,2,1,1152,49634,dscw80
0,0,0,0,0,0,0,4,6,6,9,9,10,11,11,14,14,16,16,16,19,20,21,21,21,21,0,77859473,21,0,1151,49634,dscw80
0,0,0,0,0,0,0,0,0,0,1,1,1,1,1,1,1,1,1,1,1,1,1,1,1,1,0,10151102,1,0,1151,49440,dscw80
0,0,0,0,0,2,3,3,3,3,3,3,3,3,4,4,4,4,4,4,4,4,4,4,4,5,0,19003332,5,1,1173,52590,dscw80
0,0,0,1,1,4,5,6,7,10,11,11,12,12,12,12,12,12,12,12,13,13,14,14,14,14,0,33996314,14,0,1152,49634,dscw80
0,0,0,0,0,0,0,0,0,0,0,0,0,0,0,1,1,1,1,1,1,1,1,1,1,1,0,257416,1,1,1152,49634,dscw80
0,0,0,0,1,1,1,1,1,1,1,1,1,1,1,1,1,1,1,1,2,2,2,2,2,2,0,4194412,2,0,1152,49634,dscw80
0,0,0,1,2,2,4,6,8,10,10,12,13,13,13,14,15,15,15,15,16,17,17,17,17,17,0,64110124,17,0,1151,49440,dscw80
0,0,0,0,0,0,1,1,1,1,1,1,1,1,1,1,1,1,1,1,1,1,1,1,1,1,0,1920970,1,1,1152,49634,dscw80
0,0,0,1,2,3,3,3,3,3,3,3,3,3,3,3,3,3,3,3,3,3,3,3,3,3,0,12197252,3,1,1151,49440,dscw80
0,0,1,1,1,1,1,1,1,1,1,1,1,1,1,1,1,1,1,1,1,1,1,1,1,1,0,257968,1,1,1181,53188,dscw80
0,0,0,1,1,1,1,1,1,2,3,3,3,3,4,4,4,4,4,4,4,4,4,4,4,4,0,11347084,4,0,1152,49634,dscw80
0,0,0,0,0,1,1,1,1,1,1,1,2,2,2,2,2,2,2,2,2,2,2,2,2,2,0,73452,2,1,1173,52590,dscw80
0,0,0,0,0,0,0,0,0,0,0,0,0,0,0,0,2,2,2,2,2,2,2,2,2,2,0,8115589,2,1,1173,52590,dscw80
0,0,0,0,0,0,0,0,1,1,1,1,2,2,2,2,2,2,2,2,2,2,2,2,2,2,0,517239,2,1,1152,49634,dscw80
0,0,0,0,0,0,0,0,1,1,1,1,1,1,1,1,1,1,1,1,1,1,1,1,1,1,0,8717,1,1,1151,49440,dscw80
0,0,0,0,0,0,0,0,0,0,0,0,0,0,0,0,0,0,0,0,1,1,1,1,1,1,0,166682,1,0,1152,49634,dscw80
0,0,0,0,0,0,0,0,0,0,1,1,1,1,1,1,1,1,1,1,1,1,1,1,1,1,0,257412,1,1,1152,49634,dscw80
0,0,0,0,0,0,1,1,1,1,1,1,1,1,1,1,1,1,1,1,1,1,1,1,1,1,0,2045,1,1,1152,49634,dscw80
0,0,0,0,0,0,0,0,0,1,1,1,1,1,1,1,1,1,1,1,1,1,1,1,1,1,0,257987,1,1,1152,49634,dscw80
0,0,0,0,0,0,0,0,0,0,0,0,0,0,0,0,1,1,1,1,1,1,1,1,1,1,0,258173,1,1,1151,49440,dscw80
0,0,0,0,0,0,0,0,0,0,0,0,1,1,1,1,1,1,1,1,1,1,1,1,1,1,0,257562,1,0,1173,52590,dscw80
0,0,0,0,0,1,1,1,1,1,1,1,1,1,1,1,1,1,1,1,1,1,1,1,1,1,0,128730,1,0,1152,49634,dscw80
0,0,0,0,0,0,0,0,0,0,0,1,1,1,1,1,1,1,1,1,1,1,1,1,1,1,0,44021,1,0,1173,52590,dscw80
0,0,0,0,0,1,1,1,1,1,1,1,1,1,1,1,1,1,1,1,1,1,1,1,1,1,0,1149,1,1,1173,52590,dscw80
0,0,1,1,1,2,2,2,2,2,2,2,2,2,2,2,2,2,2,2,2,2,2,2,2,2,0,6654114,2,1,1152,49634,dscw80
0,0,0,0,0,0,0,0,0,0,0,0,0,0,1,1,1,1,1,1,1,1,1,1,1,1,0,257353,1,0,1152,49634,dscw80
0,0,0,0,0,0,0,0,0,0,0,0,1,1,1,1,1,1,1,1,1,1,1,1,1,1,0,131431,1,0,1173,52590,dscw80
0,0,0,0,1,1,4,10,14,17,20,20,21,21,22,22,22,23,23,23,25,26,26,26,26,26,0,77261147,26,0,1151,49440,dscw80
0,0,0,0,0,0,0,0,0,0,0,0,0,0,0,0,0,0,0,0,0,1,1,1,1,1,0,257634,1,1,1181,53188,dscw80
0,0,1,1,1,2,2,2,2,2,2,2,2,2,2,2,2,2,2,2,2,2,2,2,2,2,0,4406,2,1,1151,49440,dscw80
0,0,0,0,0,0,1,1,1,1,1,1,1,1,1,1,1,1,1,1,1,1,1,1,1,1,0,1931,1,0,1152,49634,dscw80
0,0,0,0,0,0,0,0,0,0,0,0,0,0,0,0,0,0,0,0,0,0,1,1,1,1,0,4985717,1,0,1181,49634,dscw80
0,0,0,0,0,1,1,1,1,1,1,1,1,1,1,1,1,1,1,1,1,1,1,1,1,1,0,15293874,1,1,1173,52590,dscw80
0,0,0,0,0,0,0,0,0,0,0,0,0,0,0,0,0,0,0,0,1,1,2,3,3,3,0,8768766,3,0,1181,49440,dscw80
0,0,0,0,0,1,1,1,1,1,1,1,1,1,1,1,2,2,2,2,2,2,2,2,2,2,0,18530809,2,0,1151,49440,dscw80
0,0,1,10,26,42,46,52,55,59,63,65,66,67,67,68,70,70,70,70,71,72,72,72,72,74,0,28900758,74,1,1173,52590,dscw80
0,0,0,0,0,0,0,0,1,1,1,1,1,1,1,1,1,2,2,4,4,4,4,4,4,4,0,13688187,4,0,1151,49634,dscw80
0,0,0,4,12,12,15,19,20,20,21,21,21,21,22,22,23,23,23,23,25,25,26,26,26,26,0,4323483,26,1,1173,52590,dscw80
0,0,0,0,0,0,0,1,1,1,2,2,2,2,2,2,2,2,2,2,2,2,2,2,2,2,0,2556,2,1,1152,49634,dscw80
0,0,0,0,0,0,0,0,0,0,0,0,0,0,0,0,1,1,1,1,1,1,1,1,1,1,0,64336,1,0,1151,49440,dscw80
0,0,0,0,0,0,2,3,3,3,3,3,3,3,3,3,4,4,4,4,4,4,4,4,4,4,0,520185,4,1,1152,49634,dscw80
0,0,0,0,0,0,0,0,0,0,1,1,1,1,1,1,1,1,1,1,1,1,1,1,1,1,0,257780,1,1,1151,49440,dscw80
0,0,0,0,0,0,0,0,0,1,1,2,2,2,2,2,2,2,2,2,2,2,2,2,2,2,0,4828125,2,0,1152,49634,dscw80
0,0,0,0,0,0,0,0,0,0,1,1,1,1,1,1,1,1,1,1,1,1,1,1,1,1,0,128885,1,1,1152,49634,dscw80
0,0,0,0,0,0,0,2,2,2,3,3,3,3,3,3,3,3,3,3,3,3,3,3,3,3,0,426373,3,0,1173,52590,dscw80
0,0,0,0,0,0,0,0,0,0,0,0,0,0,0,0,0,0,0,0,0,1,1,2,2,2,0,4250075,2,0,1173,52590,dscw80
0,0,0,0,0,0,0,0,0,0,0,0,0,0,0,0,0,0,1,1,1,1,1,1,1,1,0,258526,1,1,1151,49440,dscw80
0,0,0,1,1,1,1,1,1,1,1,1,1,1,1,1,1,1,1,1,1,1,1,1,1,1,0,43883,1,0,1152,49634,dscw80
0,0,0,0,0,0,0,0,0,0,0,0,0,0,0,1,1,1,1,1,1,1,1,1,1,1,0,258815,1,1,1151,49440,dscw80
0,0,0,0,1,2,2,2,2,2,2,2,2,2,2,2,2,2,2,2,2,2,2,2,2,2,0,5251063,2,1,1152,49634,dscw80
0,0,0,0,0,1,1,1,1,1,1,1,1,1,1,1,1,1,1,1,1,1,1,1,1,1,0,6830227,1,1,1151,49440,dscw80
0,0,0,0,1,1,1,1,1,1,1,1,1,1,1,1,1,1,1,1,1,1,2,2,3,3,0,1090766,3,0,1152,49634,dscw80
0,0,0,0,0,1,1,1,1,1,1,1,1,1,1,1,1,1,1,1,1,1,1,1,1,1,0,3590217,1,1,1173,52590,dscw80
0,0,0,0,0,0,0,0,0,0,0,0,0,0,0,0,0,1,1,1,1,1,1,1,1,1,0,5476408,1,0,1151,49440,dscw80
0,0,0,0,0,0,0,0,0,0,0,0,1,1,1,1,1,1,1,1,1,1,2,2,2,2,0,24173464,2,1,1152,49634,dscw80
0,0,2,2,2,2,2,2,2,2,2,2,2,2,2,2,2,2,2,2,2,2,2,2,2,2,0,3566,2,0,1181,53188,dscw80
0,0,0,0,0,0,0,0,0,0,0,0,0,0,0,0,1,1,1,1,1,1,1,1,1,1,0,132296,1,0,1173,52590,dscw80
0,0,1,1,1,1,1,1,1,1,1,1,1,1,1,1,1,1,1,1,1,1,1,1,1,1,0,258820,1,0,1152,49634,dscw80
0,0,0,0,0,0,1,1,1,1,1,1,1,1,1,1,1,1,1,1,1,1,1,1,1,1,0,2414,1,1,1152,49634,dscw80
0,0,0,0,0,0,0,0,0,0,0,0,0,1,1,1,1,1,1,1,1,1,1,1,1,1,0,8433470,1,1,1173,52590,dscw80
0,0,0,0,0,0,0,0,0,0,1,2,2,2,2,2,2,2,2,2,3,3,3,3,3,3,0,10159175,3,1,1152,49634,dscw80
0,0,0,0,0,0,0,0,0,0,0,0,0,0,0,1,1,1,1,1,1,1,1,1,1,1,0,257290,1,1,1151,49440,dscw80
0,0,0,0,0,0,0,0,0,0,0,0,0,0,0,0,0,0,0,0,1,1,1,1,2,3,0,12866777,3,0,1181,53188,dscw80
0,0,0,0,3,5,7,7,7,8,8,8,8,8,8,8,8,8,8,8,8,9,9,9,9,12,1,3814925,13,1,1173,52590,dscw80
0,0,0,0,0,1,2,3,3,3,3,3,4,4,4,5,5,5,6,6,8,10,10,10,10,10,0,69336596,10,0,1151,49440,dscw80
0,0,0,0,0,1,1,1,1,1,1,1,1,1,1,1,1,1,1,1,1,1,2,2,2,2,0,130619,2,0,1152,49634,dscw80
0,0,0,0,0,0,0,1,1,1,1,3,3,3,3,3,3,3,3,3,3,3,3,3,3,3,0,3677471,3,0,1151,49440,dscw80
0,0,0,1,1,2,2,2,3,3,3,3,3,3,3,3,3,3,3,3,3,4,4,4,4,4,0,412148,4,1,1152,49634,dscw80
0,0,0,1,2,2,2,2,2,2,2,2,2,2,2,2,2,3,3,3,3,3,3,3,3,3,0,3504574,3,0,1151,49440,dscw80
0,0,0,0,0,0,0,0,0,1,2,2,2,2,2,2,2,2,2,2,2,2,2,2,2,2,0,5472194,2,1,1173,52590,dscw80
0,0,0,1,2,2,2,2,2,2,2,2,2,2,2,2,2,2,2,2,2,2,2,3,3,3,0,2056402,3,0,1151,49440,dscw80
0,0,0,0,0,0,0,0,0,0,0,0,0,0,0,0,0,0,0,0,1,1,1,1,1,1,0,305100,1,1,1173,52590,dscw80
0,0,0,0,0,0,0,0,0,0,0,0,0,0,1,1,1,1,1,1,1,1,1,1,1,1,0,2793560,1,0,1152,49634,dscw80
0,0,0,1,1,1,1,1,1,1,1,1,1,1,1,1,1,1,1,1,1,1,1,1,1,1,0,2655,1,1,1151,49440,dscw80
0,0,0,0,0,0,0,0,0,0,0,1,1,1,1,1,1,1,1,1,1,1,1,1,1,1,0,991690,1,0,1152,49634,dscw80
0,0,0,0,0,0,0,1,1,1,1,1,1,1,1,1,1,1,1,1,1,1,1,1,2,2,0,5086,2,0,1173,52590,dscw80
0,0,0,0,0,0,0,0,0,0,0,0,0,0,0,0,0,0,0,0,1,1,1,1,1,1,0,2025,1,1,1173,52590,dscw80
0,0,0,0,0,0,0,1,1,1,2,2,2,3,3,3,3,3,3,3,3,4,4,4,4,4,0,9463245,4,0,1151,49634,dscw80
0,0,1,1,1,1,1,1,1,1,1,4,4,4,4,4,4,4,4,4,4,4,4,4,4,4,0,13678024,4,0,1151,49440,dscw80
0,0,0,0,0,0,0,1,2,2,2,2,2,3,3,3,3,3,3,3,3,3,3,3,3,3,0,133099,3,1,1151,49440,dscw80
0,0,0,1,1,1,1,1,1,2,2,2,3,3,3,3,3,3,3,3,3,3,3,3,3,3,0,262765,3,1,1151,49440,dscw80
0,0,0,0,0,1,3,4,7,9,10,10,10,11,11,11,12,12,12,12,12,12,12,12,12,12,0,38002570,12,0,1151,49440,dscw80
0,0,0,1,1,1,1,1,1,1,1,2,2,2,2,2,2,2,2,2,2,2,2,2,2,2,0,5847751,2,1,1151,49440,dscw80
0,0,0,0,3,5,9,11,12,13,14,15,15,19,19,22,23,25,25,26,26,26,26,26,27,27,0,65391767,27,0,1173,52590,dscw80
0,0,0,1,1,1,1,1,1,1,1,1,1,1,1,1,1,1,1,1,1,1,1,1,1,1,0,128839,1,0,1173,52590,dscw80
0,0,1,1,1,1,1,1,1,1,1,1,1,1,1,1,1,1,1,1,1,1,1,1,1,1,0,2009,1,1,1151,49440,dscw80
0,1,1,1,1,1,1,1,1,1,1,1,1,1,1,1,1,1,1,1,1,1,1,1,1,1,0,127901,1,1,1151,49440,dscw80
0,0,0,0,0,0,0,0,0,0,0,0,0,0,0,0,0,0,0,0,1,1,1,1,1,1,0,7629,1,0,1173,49440,dscw80
0,0,0,2,3,4,4,5,5,5,5,5,5,5,5,5,5,5,5,5,5,5,5,5,5,5,0,28405242,5,1,1152,49634,dscw80
0,0,0,4,21,66,92,114,137,155,176,195,203,211,219,224,233,238,241,249,270,280,292,296,302,312,2,926060547,314,0,1173,52590,dscw80
0,0,0,0,0,0,2,2,2,2,2,3,3,3,3,3,3,3,3,3,3,3,3,3,3,3,0,9716011,3,1,1152,49634,dscw80
0,0,0,0,0,1,4,5,6,6,6,6,6,7,7,7,7,7,7,7,8,8,8,8,8,8,0,47206076,8,0,1173,52590,dscw80
0,0,0,0,0,0,1,2,2,2,2,2,2,2,2,2,2,2,2,2,2,2,2,2,2,2,0,17711646,2,0,1151,49440,dscw80
0,0,0,0,0,0,0,0,0,0,0,0,0,0,0,0,0,0,1,1,1,1,1,1,1,1,0,257947,1,1,1151,49634,dscw80
0,0,0,0,0,0,0,0,0,0,0,0,0,0,0,0,0,0,0,0,0,0,0,0,0,1,0,1542654,1,0,1173,52590,dscw80
0,0,0,0,1,1,1,1,1,1,1,1,1,1,1,1,1,1,1,1,1,1,1,1,1,1,0,12270149,1,0,1173,52590,dscw80
0,0,0,0,0,1,1,1,1,1,1,1,1,1,1,1,1,1,1,1,1,1,1,1,1,1,0,1588,1,1,1152,49634,dscw80
0,0,0,0,0,0,0,1,1,1,1,1,1,1,1,1,1,1,1,1,1,1,1,1,1,1,0,257585,1,0,1152,49634,dscw80
0,0,0,0,0,0,0,0,0,0,1,1,1,1,1,1,1,1,1,1,1,1,1,1,1,1,0,7693028,1,0,1173,52590,dscw80
0,0,0,0,0,0,0,0,0,0,0,0,0,0,0,0,0,1,1,1,1,1,1,1,1,1,0,0,1,1,1151,49440,dscw80
0,0,0,0,0,0,0,0,0,0,0,0,0,0,0,0,0,0,0,0,1,1,1,1,1,1,0,257865,1,0,1173,53188,dscw80
0,0,0,0,0,0,0,0,0,0,0,0,0,0,0,0,0,0,0,0,1,1,1,1,1,1,0,257960,1,1,1173,52590,dscw80
0,0,0,0,0,0,0,0,0,0,0,0,1,1,1,1,1,1,1,1,1,1,1,1,1,1,0,258411,1,1,1173,52590,dscw80
0,0,0,0,0,0,0,0,0,1,1,1,1,1,1,1,1,1,1,1,1,1,1,1,1,1,0,257334,1,0,1151,49440,dscw80
0,0,0,0,0,0,0,1,1,1,1,1,1,1,1,1,1,1,1,1,1,1,1,1,1,1,0,128304,1,1,1151,49440,dscw80
0,0,0,0,1,1,1,1,1,2,2,2,2,2,2,2,2,2,2,2,2,2,2,2,2,2,0,515477,2,1,1151,49440,dscw80
0,0,0,0,1,8,13,15,24,27,33,35,35,37,38,40,40,41,42,42,45,46,47,47,47,47,0,178508064,47,1,1152,49634,dscw80
0,0,0,0,0,0,0,0,0,0,0,0,0,1,1,1,1,1,1,1,1,1,1,1,1,1,0,257437,1,0,1181,49634,dscw80
0,0,0,0,0,1,2,3,3,4,4,4,4,4,4,4,4,4,4,4,4,4,4,4,4,4,0,389930,4,1,1151,49440,dscw80
0,0,0,1,1,1,1,1,1,1,1,1,1,1,1,1,1,1,1,1,1,1,1,1,1,1,0,1739,1,1,1151,49440,dscw80
0,0,0,0,0,1,1,2,2,2,2,2,2,2,2,2,2,2,2,2,2,2,2,2,2,2,0,260343,2,1,1151,49440,dscw80
0,0,0,0,0,0,0,0,0,0,1,1,1,1,1,1,1,1,1,1,1,1,1,1,1,1,0,10778300,1,1,1152,49634,dscw80
0,0,0,0,0,0,0,0,0,0,0,0,0,1,1,1,1,1,1,1,1,1,1,1,1,1,0,6342560,1,1,1152,49634,dscw80
0,0,0,0,0,0,0,0,0,0,0,0,0,0,0,0,0,0,0,0,0,1,1,1,1,1,0,4403,1,1,1151,49440,dscw80
0,1,2,2,3,4,4,4,4,4,4,4,4,4,4,4,4,4,4,4,4,4,4,4,4,4,0,3073426,4,0,1151,49440,dscw80
0,0,0,0,0,0,0,0,0,1,1,1,1,1,1,1,1,1,1,1,1,1,1,1,1,1,0,5329408,1,0,1152,49634,dscw80
0,0,0,0,1,1,1,1,1,1,1,1,1,1,1,2,2,2,2,2,2,2,2,2,2,2,0,3467026,2,0,1173,52590,dscw80
0,0,0,0,1,1,1,1,1,1,1,1,1,1,1,1,1,1,1,1,1,1,1,1,1,1,0,8466065,1,0,1151,49440,dscw80
0,0,0,1,2,2,2,2,2,2,3,3,3,3,3,3,3,3,3,3,3,3,3,3,3,3,0,8326603,3,1,1152,49634,dscw80
0,0,0,0,0,1,1,1,1,1,1,1,1,1,1,1,1,1,1,1,1,1,1,1,1,1,0,257430,1,1,1152,49634,dscw80
0,0,0,0,0,0,0,1,3,3,3,3,3,3,3,3,3,3,3,3,4,4,4,4,4,4,0,1504016,4,1,1173,52590,dscw80
0,0,0,0,1,1,1,1,1,1,1,2,2,2,2,2,2,2,3,3,4,4,4,4,4,4,0,6001539,4,0,1151,49440,dscw80
0,0,0,0,0,0,0,0,0,0,0,0,0,0,0,0,1,1,1,1,1,1,1,1,1,1,0,42967,1,0,1173,52590,dscw80
0,0,0,0,0,0,0,0,0,1,2,2,2,3,3,4,4,4,4,4,5,6,7,7,8,8,0,11306174,8,0,1173,52590,dscw80
0,0,0,0,0,0,0,1,1,1,1,1,1,1,1,1,1,1,1,1,1,1,1,1,1,1,0,2642,1,1,1152,49634,dscw80
0,0,0,0,0,0,1,2,2,2,2,2,2,2,2,2,2,2,2,2,2,2,2,2,2,2,0,516700,2,1,1152,49634,dscw80
0,0,0,0,0,0,0,2,2,3,3,3,3,3,3,4,4,5,5,5,5,5,5,5,5,5,0,14371602,5,1,1173,52590,dscw80
0,0,0,0,0,0,0,1,1,1,1,1,1,1,1,1,1,1,1,1,1,1,1,1,1,1,0,233851,1,1,1152,49634,dscw80
0,0,0,0,0,1,2,2,4,4,4,4,4,5,6,8,8,9,9,9,9,9,10,10,10,10,0,9138583,10,0,1152,49634,dscw80
0,0,0,0,1,2,4,6,6,6,7,7,7,7,7,7,7,7,7,7,7,7,8,8,8,8,0,3656948,8,1,1173,52590,dscw80
0,0,0,0,1,1,1,1,1,1,2,2,2,2,2,2,2,3,3,3,3,3,3,4,4,4,0,1031259,4,1,1173,52590,dscw80
0,0,0,0,0,0,0,0,0,0,0,0,0,1,1,1,1,1,1,1,1,1,1,1,1,1,0,65290,1,1,1173,52590,dscw80
0,0,0,0,0,1,1,1,1,1,1,1,1,1,2,2,2,2,2,2,2,3,3,3,3,3,0,261788,3,0,1151,49440,dscw80
0,0,0,0,0,0,0,0,0,0,1,1,1,1,1,1,1,1,1,1,1,1,1,1,1,1,0,258004,1,1,1152,49634,dscw80
0,0,0,0,0,0,1,1,1,1,1,1,1,1,1,1,1,1,1,1,1,1,1,1,1,1,0,4455784,1,0,1152,49634,dscw80
0,0,0,0,0,0,0,0,0,0,0,0,0,1,1,1,1,1,1,1,1,1,1,1,1,1,0,258397,1,1,1152,49634,dscw80
0,0,0,0,0,0,0,0,0,0,0,0,0,0,0,0,0,0,0,0,1,1,2,2,2,2,0,6816010,2,0,1152,49634,dscw80
0,0,0,0,0,3,3,3,4,6,6,7,8,8,8,8,8,8,8,8,8,8,8,8,8,8,0,1549677,8,1,1173,52590,dscw80
0,0,0,0,0,1,2,2,2,2,2,2,2,2,2,2,2,3,3,3,3,3,3,3,3,3,0,6286440,3,0,1173,52590,dscw80
0,0,0,0,0,0,0,0,0,0,0,0,0,0,0,0,0,0,0,0,0,0,1,1,1,1,0,129552,1,1,1173,52590,dscw80
0,0,0,0,0,2,2,2,2,2,2,2,2,2,2,2,2,2,2,2,2,2,2,2,2,2,0,515562,2,1,1152,49634,dscw80
0,0,0,0,0,0,0,1,3,3,3,3,3,3,3,3,3,3,3,3,3,3,3,3,3,3,0,10602557,3,1,1151,49634,dscw80
0,0,0,0,0,0,1,2,3,4,4,4,4,4,4,4,4,4,4,4,4,4,4,4,4,4,0,3870851,4,0,1151,49440,dscw80
0,0,0,0,0,0,1,2,2,2,2,3,3,3,3,4,4,4,4,4,4,4,4,4,4,4,0,2099214,4,0,1152,49634,dscw80
0,0,0,0,0,0,0,0,0,0,0,0,0,0,0,0,0,0,0,0,0,1,1,2,3,3,0,6659774,3,0,1173,52590,dscw80
0,0,0,0,0,0,0,0,1,1,1,1,1,1,1,2,2,2,2,2,2,2,2,2,2,2,0,15123727,2,0,1152,49634,dscw80
0,0,0,1,1,1,1,1,1,1,1,1,1,1,1,1,1,1,2,2,2,2,2,2,2,2,0,260748,2,0,1151,49440,dscw80
0,0,0,0,1,2,2,2,2,2,3,3,3,3,3,3,3,3,3,3,3,3,3,3,3,3,0,15554648,3,1,1181,53188,dscw80
0,0,0,0,0,0,0,0,0,0,0,0,0,0,0,0,0,0,0,0,0,0,0,0,1,1,0,1182780,1,1,1173,52590,dscw80
0,1,1,1,1,1,1,1,1,1,1,1,1,1,1,1,1,1,1,1,1,1,1,1,1,1,0,128781,1,1,1152,49634,dscw80
0,0,0,0,0,0,0,0,0,0,1,1,1,1,1,1,1,1,1,1,1,1,1,1,1,1,0,291199,1,1,1151,49440,dscw80
0,0,0,0,0,0,0,0,0,0,0,0,0,0,0,0,0,0,0,0,0,1,1,1,1,1,0,634162,1,0,1181,53188,dscw80
0,0,0,0,0,0,0,1,1,1,1,1,1,1,1,1,1,1,1,1,1,1,1,1,1,1,0,6692845,1,0,1173,52590,dscw80
0,0,0,0,0,0,0,0,1,1,1,1,1,1,1,1,1,1,1,1,1,1,1,1,1,1,0,14335468,1,1,1181,53188,dscw80
0,0,0,0,0,1,1,1,1,1,1,1,1,1,1,1,1,1,1,1,1,1,1,1,1,1,0,1082336,1,0,1151,49440,dscw80
0,0,0,0,0,0,0,0,0,0,0,0,0,1,1,2,2,2,2,2,2,2,2,2,2,2,0,7284481,2,0,1173,52590,dscw80
0,0,0,0,0,2,2,5,6,7,9,9,10,10,10,10,10,11,11,11,11,11,11,11,11,11,0,14494078,11,0,1151,49440,dscw80
0,0,0,0,0,0,0,0,0,0,0,0,0,1,1,1,1,1,1,1,1,1,1,1,1,1,0,2490,1,1,1173,52590,dscw80
0,0,0,1,2,4,4,4,4,4,4,4,4,4,4,4,4,4,4,4,4,4,4,4,4,4,0,264273,4,1,1151,49440,dscw80
0,0,0,0,0,0,0,0,0,0,0,0,0,0,0,0,0,0,0,0,0,0,1,1,1,1,0,1650707,1,0,1152,49634,dscw80
0,0,0,1,1,1,1,1,1,1,1,1,1,1,1,1,1,1,1,1,1,1,1,1,1,1,0,105356,1,0,1152,49634,dscw80
0,0,0,0,0,0,0,0,0,0,0,0,0,0,0,0,0,0,0,0,1,1,1,1,1,1,0,257822,1,0,1151,49634,dscw80
0,0,0,0,1,1,1,1,1,1,1,1,1,1,1,1,1,1,1,1,1,1,1,1,1,1,0,3261639,1,1,1181,53188,dscw80
0,0,0,0,0,0,1,2,2,3,3,4,4,4,5,5,5,5,5,5,5,5,5,5,5,5,0,19210519,5,0,1152,49634,dscw80
0,0,0,0,0,0,0,0,1,1,1,1,1,1,1,1,1,1,1,1,1,1,1,1,1,1,0,1783,1,0,1181,53188,dscw80
0,0,0,1,1,1,1,2,2,2,2,2,2,2,2,2,2,2,2,2,2,2,2,2,2,2,0,1491264,2,1,1152,49634,dscw80
0,0,0,0,0,0,0,0,1,1,1,1,1,1,2,2,2,2,2,2,2,2,2,2,2,2,0,515486,2,1,1151,49440,dscw80
0,0,0,1,1,1,1,1,1,1,1,1,1,1,1,1,1,1,1,1,1,1,1,1,1,1,0,257796,1,1,1151,49440,dscw80
0,0,0,0,0,0,0,0,0,1,1,2,2,2,2,2,2,2,2,2,2,2,2,2,2,2,0,330644,2,0,1152,49634,dscw80
0,0,0,0,0,2,2,3,3,3,3,3,3,4,4,4,5,5,5,5,8,8,8,8,8,8,0,19677049,8,0,1173,52590,dscw80
0,0,0,1,1,1,1,1,1,1,1,1,1,1,1,1,1,1,1,1,1,1,1,1,1,1,0,1338,1,1,1152,49634,dscw80
0,0,0,0,0,0,0,0,0,0,0,0,0,0,0,0,0,0,0,0,0,0,1,1,2,2,1,129488,3,1,1173,52590,dscw80
0,0,1,1,1,1,1,1,1,1,1,1,1,1,1,1,1,1,1,1,1,1,1,1,1,1,0,4114,1,1,1152,49634,dscw80
0,0,0,0,0,0,0,0,1,1,1,1,1,1,1,1,1,1,1,1,1,1,1,1,1,1,0,2969,1,1,1152,49634,dscw80
0,0,0,0,0,0,0,0,0,0,0,0,0,0,0,0,0,0,0,0,0,0,0,0,0,1,0,2020250,1,1,1173,52590,dscw80
0,0,0,0,0,4,6,8,15,18,26,27,28,29,30,32,33,33,33,33,35,35,36,37,39,39,0,65446538,39,0,1152,49634,dscw80
0,0,0,0,0,0,0,0,0,0,0,0,0,0,1,1,1,1,1,1,1,1,2,2,2,2,0,1717079,2,0,1152,49634,dscw80
0,0,0,0,0,0,0,0,0,0,0,1,2,2,2,2,2,2,2,2,2,2,2,2,2,2,0,1943376,2,0,1151,49440,dscw80
0,0,0,4,4,4,4,5,5,6,7,7,7,7,7,7,7,7,7,7,7,7,7,7,7,7,0,536559,7,1,1151,49440,dscw80
0,0,0,0,0,0,0,0,0,0,0,0,0,0,0,0,0,0,0,0,1,1,1,1,1,1,0,128402,1,0,1173,52590,dscw80
0,0,0,0,0,1,1,1,1,1,1,1,1,1,1,1,1,1,1,1,1,1,1,1,1,1,0,128445,1,0,1152,49634,dscw80
0,0,0,0,0,0,0,0,0,1,1,1,1,1,1,1,1,1,1,1,1,1,1,1,1,1,0,3522941,1,1,1152,49634,dscw80
0,0,2,9,18,26,34,37,43,48,50,54,57,57,58,58,60,60,60,61,64,66,71,71,72,72,0,151951016,72,0,1152,49634,dscw80
0,0,0,0,2,3,3,3,3,3,3,3,3,3,3,3,3,3,3,3,3,3,3,3,3,3,0,772397,3,1,1151,49440,dscw80
0,0,0,0,0,0,0,1,1,1,1,1,1,1,1,1,1,1,1,1,1,1,1,1,1,1,1,228550,2,1,1151,49440,dscw80
0,0,0,0,0,1,1,1,1,1,1,1,1,1,1,1,1,1,1,1,1,1,1,1,1,1,0,330122,1,0,1152,49634,dscw80
0,0,0,0,0,0,0,0,0,0,0,0,0,0,0,0,0,0,0,0,1,1,1,1,1,1,0,257782,1,1,1173,52590,dscw80
0,0,0,0,0,1,2,2,2,2,2,2,2,2,2,2,2,2,2,2,2,2,2,2,2,2,0,2527694,2,0,1152,49634,dscw80
0,0,0,0,0,0,0,0,1,1,2,2,2,3,3,3,3,3,3,3,3,3,4,5,5,5,0,12811125,5,0,1151,49440,dscw80
0,0,0,0,0,1,1,1,1,1,1,1,1,1,2,2,2,2,2,2,2,2,2,2,2,2,0,515782,2,0,1152,49634,dscw80
0,0,0,0,1,1,1,1,1,1,1,1,1,1,1,1,1,1,1,1,1,1,1,1,1,1,0,43813,1,1,1151,49440,dscw80
0,0,0,0,0,1,1,1,1,1,1,1,1,1,1,1,1,1,1,1,1,1,1,1,1,1,0,6708380,1,1,1151,49440,dscw80
0,0,0,0,0,0,0,0,0,0,0,0,0,0,0,0,1,1,1,1,1,1,1,1,1,1,0,2686122,1,1,1152,49634,dscw80
0,0,0,0,0,1,1,1,1,1,1,2,2,2,2,2,2,2,3,3,3,3,4,4,4,4,0,7153323,4,0,1151,49440,dscw80
0,0,0,0,0,0,0,0,0,0,0,0,0,0,0,0,0,0,0,0,0,3,7,14,15,17,0,5143793,17,0,1152,49634,dscw80
0,0,0,0,0,0,0,0,0,0,1,1,1,1,1,1,1,1,1,1,1,1,1,1,1,1,0,4105,1,0,1173,52590,dscw80
0,0,0,0,0,1,4,5,9,10,12,12,12,15,15,15,16,17,17,18,22,23,25,25,26,26,0,4635629,26,0,1151,49440,dscw80
0,0,0,1,1,1,1,1,1,1,1,1,1,1,1,1,1,1,1,1,1,1,1,1,1,1,0,56684,1,1,1151,49440,dscw80
0,0,0,0,0,0,0,1,1,1,2,2,4,6,6,6,6,8,8,8,9,9,10,10,10,10,0,14884693,10,0,1152,49634,dscw80
0,0,1,1,1,1,2,2,2,2,2,2,2,2,2,2,2,2,2,2,2,2,2,2,2,2,0,9841472,2,0,1151,49440,dscw80
0,0,0,1,1,1,1,1,1,1,1,1,1,1,1,1,1,1,1,2,2,2,2,2,2,2,0,4800,2,0,1152,49634,dscw80
0,0,0,0,0,0,0,0,0,0,0,0,1,1,1,1,1,1,1,1,1,1,1,1,1,1,0,6542197,1,0,1152,49634,dscw80
0,0,0,0,0,0,0,0,1,1,1,1,1,1,1,1,1,1,1,1,1,1,1,1,1,1,0,257436,1,0,1173,52590,dscw80
0,0,0,0,0,0,0,0,0,0,0,0,0,1,1,1,1,1,1,1,1,1,1,1,1,1,0,98003,1,1,1152,49634,dscw80
0,0,0,0,0,1,1,2,3,4,5,5,6,6,6,6,6,6,7,7,8,8,8,8,8,8,0,2017377,8,1,1152,49634,dscw80
0,0,0,0,0,1,1,1,4,5,5,9,9,10,10,10,10,10,10,10,10,12,12,12,12,12,0,24426138,12,0,1152,49634,dscw80
0,0,0,0,0,0,0,0,0,0,0,0,0,1,1,1,1,1,1,1,1,1,1,1,1,1,0,257513,1,0,1151,49440,dscw80
0,0,0,0,0,0,0,0,0,1,1,1,1,1,1,1,1,1,1,1,1,1,1,1,1,1,0,2970617,1,1,1152,49634,dscw80
0,0,0,0,2,2,2,2,2,2,2,2,2,2,2,2,2,3,3,3,3,3,3,3,3,3,0,3324,3,1,1181,53188,dscw80
0,0,0,0,0,1,1,1,1,1,1,2,2,2,2,2,2,2,2,2,2,2,2,3,3,3,0,3596128,3,0,1151,49440,dscw80
0,0,0,0,0,0,0,0,0,0,0,0,0,0,0,0,0,0,0,0,1,1,1,1,1,1,0,1913732,1,0,1181,53188,dscw80
0,0,0,0,0,0,1,1,1,1,1,1,1,1,1,1,1,1,1,1,1,1,1,1,1,1,0,166908,1,0,1181,53188,dscw80
0,0,0,0,1,1,1,1,1,1,1,1,2,2,2,2,2,2,2,2,2,2,2,2,2,2,0,259351,2,1,1151,49440,dscw80
0,0,0,1,1,2,2,2,2,2,2,2,2,2,2,2,2,2,2,2,2,2,2,2,2,2,0,10587398,2,0,1152,49634,dscw80
0,0,0,0,1,1,1,1,1,1,1,1,1,1,1,1,1,1,1,1,1,1,1,1,1,1,0,3075870,1,1,1151,49440,dscw80
0,0,0,0,1,2,2,2,2,3,3,3,3,4,4,4,5,5,5,5,5,5,5,5,5,5,0,817483,5,0,1152,49634,dscw80
0,0,0,0,0,1,1,1,1,1,1,1,1,1,1,1,1,1,1,1,1,1,1,1,1,1,0,2936,1,0,1173,52590,dscw80
0,0,0,0,0,1,1,2,2,2,2,2,2,2,2,2,2,2,2,2,2,2,2,2,2,2,0,2809608,2,0,1152,49634,dscw80
0,0,0,0,0,6,13,23,29,37,40,45,46,48,49,53,55,56,60,61,66,73,74,75,76,76,0,198975290,76,0,1152,49634,dscw80
0,0,0,0,0,0,0,0,0,0,0,0,0,0,0,0,1,1,1,1,1,1,1,1,1,1,0,128064,1,0,1173,52590,dscw80
0,0,0,1,6,10,16,17,18,18,21,21,24,25,26,26,27,27,27,28,30,33,34,34,35,35,0,102064633,35,0,1151,49440,dscw80
0,0,0,0,0,1,2,2,3,4,4,5,5,5,5,5,5,5,5,5,5,5,5,5,5,5,0,25707813,5,0,1151,49440,dscw80
0,0,0,0,0,0,0,0,0,0,0,0,0,0,1,1,1,1,1,1,2,2,2,2,2,2,0,516568,2,1,1181,52590,dscw80
0,0,0,0,0,0,0,0,0,0,0,1,1,1,1,1,1,1,1,1,1,1,1,1,1,1,0,2431,1,1,1173,52590,dscw80
0,0,0,0,0,0,0,0,0,0,0,0,0,0,0,1,1,1,1,1,1,1,1,1,1,1,0,5918348,1,0,1181,53188,dscw80
0,0,0,0,0,0,0,0,0,0,0,0,0,0,0,0,0,0,0,0,1,1,1,1,1,1,0,2111707,1,0,1173,49440,dscw80
0,0,0,0,0,0,0,1,1,1,1,1,1,1,1,1,1,1,1,1,1,1,1,1,1,1,0,257389,1,0,1152,49634,dscw80
0,0,0,0,0,1,1,1,2,2,2,2,2,2,2,3,3,3,3,3,3,3,3,3,3,3,1,324007,4,1,1152,49634,dscw80
0,0,0,0,0,0,0,0,0,0,0,0,0,0,0,0,0,0,0,0,1,1,1,1,1,1,0,257708,1,0,1152,49634,dscw80
0,0,0,0,0,1,1,1,1,1,1,1,1,1,1,1,1,1,1,1,1,1,2,2,2,2,0,259837,2,1,1181,53188,dscw80
0,0,0,0,0,0,0,0,0,0,0,0,1,1,1,1,1,1,1,1,1,1,1,1,1,1,0,1646,1,1,1173,52590,dscw80
0,0,0,0,0,0,0,0,0,0,0,0,0,1,1,1,1,1,1,1,1,1,1,1,1,1,0,1869,1,1,1151,49440,dscw80
0,0,0,0,0,0,3,3,3,3,3,3,3,3,3,3,3,3,3,3,3,3,3,3,3,3,0,773362,3,1,1151,49440,dscw80
0,0,0,0,0,0,0,0,0,0,1,1,1,1,1,1,1,1,1,1,1,1,1,1,1,1,0,1263,1,0,1151,49440,dscw80
0,0,0,0,0,0,0,1,1,1,1,1,1,1,1,1,1,1,1,1,1,1,1,1,1,1,0,1332,1,0,1152,49634,dscw80
0,0,0,0,0,0,0,0,0,0,0,0,0,0,0,0,0,1,1,1,1,1,1,1,1,1,0,258169,1,0,1152,49634,dscw80
0,0,0,0,0,0,0,1,1,1,1,1,1,1,1,1,1,1,1,1,1,1,1,1,1,1,0,257796,1,1,1152,49634,dscw80
0,0,0,0,0,0,1,1,1,1,1,1,1,1,1,1,1,1,1,1,1,1,1,1,1,1,0,1951945,1,1,1173,52590,dscw80
0,0,0,0,0,0,0,0,2,4,5,9,12,14,14,15,17,18,18,18,20,21,23,23,24,25,0,28271434,25,0,1151,49440,dscw80
0,0,0,0,0,0,1,1,1,1,1,1,1,1,1,1,1,1,1,1,1,1,1,1,1,1,0,97752,1,0,1181,49634,dscw80
0,0,0,0,0,0,0,1,1,1,1,1,1,1,1,1,1,1,1,1,1,1,1,1,1,1,0,128563,1,0,1152,49634,dscw80
0,0,0,0,0,0,0,0,0,0,0,0,0,0,0,0,0,0,0,1,1,1,1,1,1,1,0,1365002,1,1,1173,52590,dscw80
0,0,0,0,0,1,3,3,4,4,4,4,4,5,5,5,5,5,5,5,6,6,6,6,6,6,0,16974750,6,0,1152,49634,dscw80
0,0,1,6,18,25,34,39,42,43,50,51,56,56,57,57,58,58,59,62,64,65,65,65,65,65,0,243353021,65,1,1173,52590,dscw80
0,0,0,0,0,0,0,0,0,0,0,0,0,0,0,0,0,0,0,0,1,1,1,1,1,1,0,65258,1,1,1173,52590,dscw80
0,0,0,0,0,0,0,0,0,0,0,1,1,1,1,1,1,1,1,1,1,1,1,1,1,1,0,3529421,1,0,1152,49634,dscw80
0,0,0,0,0,0,0,0,0,0,0,0,0,0,0,0,0,0,0,0,1,1,1,1,1,1,0,2488,1,0,1173,52590,dscw80
0,0,0,1,1,1,1,1,1,1,1,1,2,2,2,2,2,2,2,2,2,2,2,2,2,2,0,1674771,2,1,1173,52590,dscw80
0,0,0,0,0,1,1,1,1,1,1,1,1,1,1,1,1,1,1,1,1,1,1,1,1,1,0,129250,1,1,1173,52590,dscw80
0,0,0,0,0,0,0,0,0,0,3,3,3,4,4,4,4,4,4,4,6,6,7,7,7,7,0,23369176,7,0,1152,49634,dscw80
0,0,0,0,0,0,0,0,0,0,1,1,1,1,1,1,1,1,1,1,1,1,1,1,1,1,0,1280,1,0,1152,49634,dscw80
0,0,0,0,0,0,1,1,2,2,2,2,2,2,2,2,2,2,2,2,2,2,2,2,2,2,0,4195,2,1,1151,49440,dscw80
0,0,0,0,0,0,0,0,0,0,0,0,0,0,0,0,0,0,0,0,1,1,1,1,1,1,0,151461,1,1,1151,49440,dscw80
0,0,0,1,1,1,1,1,1,1,1,2,2,2,2,2,2,2,2,2,2,2,2,2,2,2,0,676337,2,1,1152,49634,dscw80
0,0,0,1,1,1,1,1,1,1,1,1,1,1,1,1,1,1,1,1,1,1,1,1,1,1,0,257699,1,0,1151,49440,dscw80
0,0,0,0,0,0,0,0,1,1,1,1,1,1,1,1,1,1,1,1,1,1,1,1,1,1,0,1631,1,1,1152,49634,dscw80
0,0,0,0,0,0,0,0,0,0,0,0,0,0,0,0,0,0,0,1,1,1,2,2,2,2,0,1248306,2,0,1152,49634,dscw80
0,0,0,0,0,0,1,1,1,1,1,1,1,1,1,1,1,1,1,1,1,1,1,1,1,1,0,128452,1,0,1151,49634,dscw80
0,0,0,0,0,0,1,2,3,3,3,3,5,6,6,6,6,7,7,7,7,7,7,7,7,7,0,9354338,7,1,1152,49634,dscw80
0,0,0,0,0,0,0,2,2,2,2,3,3,3,3,3,3,3,3,3,3,3,3,3,3,3,0,1534862,3,1,1173,52590,dscw80
0,0,0,0,0,4,4,5,5,5,5,5,5,5,5,5,5,5,5,5,5,5,5,5,5,5,0,6139,5,1,1152,49634,dscw80
0,0,0,0,1,1,1,1,1,1,1,1,1,1,1,1,1,1,1,1,1,1,1,1,1,1,0,64739,1,0,1151,49440,dscw80
0,0,0,0,1,1,1,1,1,1,1,1,1,1,1,1,1,1,1,1,1,1,1,1,1,1,0,4496507,1,1,1152,49634,dscw80
0,0,0,0,0,0,0,0,0,0,0,0,0,0,0,0,0,0,1,1,3,3,3,3,3,3,0,7017019,3,0,1152,49634,dscw80
0,0,0,0,0,0,0,0,0,0,0,0,0,0,0,1,1,1,1,1,1,1,1,1,1,1,0,2340367,1,1,1151,49440,dscw80
0,0,1,2,2,2,2,2,2,2,2,2,2,2,2,2,2,2,2,2,2,2,2,2,2,2,0,262953,2,0,1152,49634,dscw80
0,0,0,0,0,0,1,1,1,3,3,3,3,3,3,4,4,4,4,5,5,5,5,5,5,5,0,6244808,5,0,1152,49634,dscw80
0,0,0,0,0,0,0,0,0,0,0,0,0,0,0,0,0,0,0,0,0,1,1,1,1,1,0,257799,1,1,1173,52590,dscw80
0,0,0,2,4,6,6,6,6,6,7,7,7,7,8,8,8,8,8,8,8,8,8,8,8,8,0,35667752,8,0,1152,49634,dscw80
0,0,0,0,0,0,0,0,0,0,0,0,0,0,0,0,0,0,0,0,0,1,1,1,1,1,0,1294016,1,0,1173,52590,dscw80
0,0,0,0,0,0,0,0,0,0,0,0,0,0,0,0,1,1,1,1,1,1,1,1,1,1,0,257753,1,1,1173,49440,dscw80
0,0,0,0,0,0,0,0,0,0,0,1,1,1,1,1,1,1,1,1,1,1,1,1,1,1,0,1590597,1,0,1151,49440,dscw80
0,0,0,0,0,0,0,0,0,0,0,0,0,0,0,0,0,0,0,0,1,1,1,2,2,2,0,193894,2,0,1152,49634,dscw80
0,0,1,1,1,1,1,1,1,1,1,1,1,1,1,1,1,1,1,1,1,1,1,1,1,1,0,131516,1,0,1181,53188,dscw80
0,0,0,0,0,0,0,0,0,0,0,0,0,0,0,1,1,1,1,1,1,1,1,1,1,1,0,2200992,1,0,1151,49440,dscw80
0,0,0,0,0,0,1,1,1,1,1,1,1,1,1,1,1,1,1,1,1,1,1,1,1,1,0,258202,1,0,1152,49634,dscw80
0,0,0,0,1,1,1,1,2,2,2,2,2,2,2,2,2,2,2,2,2,2,2,2,2,2,0,3669748,2,0,1151,49440,dscw80
0,0,0,0,0,0,0,0,2,2,2,2,2,2,4,5,5,5,6,6,8,8,9,9,9,9,0,20193726,9,0,1152,49634,dscw80
0,0,1,1,1,1,1,1,1,1,1,1,1,1,1,1,1,1,1,1,1,1,1,1,1,1,0,1600570,1,1,1151,49440,dscw80
0,0,2,2,2,2,2,2,2,2,2,2,2,2,2,2,2,2,2,2,2,2,2,2,2,2,0,515264,2,1,1152,49634,dscw80
0,0,0,0,0,0,1,2,2,2,2,2,2,2,2,2,2,2,2,2,2,2,2,2,2,2,0,515721,2,1,1173,52590,dscw80
0,0,0,0,0,0,0,1,1,1,1,2,2,2,3,3,3,3,3,3,3,3,3,3,3,3,0,585185,3,1,1151,49440,dscw80
0,0,0,0,0,0,0,0,0,0,0,0,0,0,0,0,1,1,1,1,1,1,1,1,1,1,0,2275,1,1,1181,52590,dscw80
0,0,0,0,0,0,0,0,1,1,1,1,1,1,1,3,3,3,3,3,3,3,3,3,3,3,0,259483,3,0,1173,52590,dscw80
0,0,0,0,0,0,0,0,0,0,0,0,0,0,0,0,0,0,0,0,1,1,1,1,1,1,0,2412041,1,0,1151,49440,dscw80
0,0,0,5,11,15,18,24,26,27,28,29,30,32,33,34,34,34,34,34,36,36,36,36,36,36,0,185126687,36,0,1152,49634,dscw80
0,0,0,0,0,0,0,0,0,0,0,0,0,0,0,1,1,3,4,4,4,4,4,4,4,4,0,10066112,4,1,1173,52590,dscw80
0,0,0,0,0,0,0,3,3,4,5,6,9,10,10,10,10,11,11,12,18,18,20,21,22,22,0,54932211,22,0,1173,52590,dscw80
0,0,0,1,2,2,2,2,2,2,2,2,2,2,2,2,2,2,2,2,2,2,2,2,2,2,0,5962009,2,1,1173,52590,dscw80
0,0,0,1,1,1,1,1,1,1,1,1,1,1,1,1,1,1,1,1,1,1,1,1,1,1,0,2090,1,1,1181,53188,dscw80
0,0,0,0,1,1,1,2,2,2,2,2,2,2,2,2,2,2,2,2,3,3,4,4,4,4,0,2554923,4,1,1173,52590,dscw80
0,0,2,2,2,2,2,2,2,2,2,2,2,2,2,2,2,2,2,2,2,2,2,2,2,2,0,34825,2,1,1181,49634,dscw80
0,0,0,0,0,0,0,0,1,1,1,1,1,1,1,1,1,1,1,1,1,1,1,1,1,1,0,67306,1,1,1173,52590,dscw80
0,0,0,0,0,0,0,0,0,0,0,0,0,0,0,0,1,1,1,1,1,1,1,1,1,1,0,4048956,1,1,1173,52590,dscw80
0,0,0,0,0,0,0,0,0,0,0,0,0,0,0,0,0,0,0,0,0,0,0,0,1,1,0,129081,1,0,1173,52590,dscw80
0,0,1,2,4,5,5,7,8,9,9,9,9,11,11,11,11,11,11,11,11,11,11,11,11,11,0,21950992,11,0,1152,49634,dscw80
0,0,0,0,0,0,0,0,0,0,0,0,0,0,0,0,0,0,0,0,0,0,1,1,1,1,0,352880,1,0,1152,49634,dscw80
0,0,0,0,0,0,0,0,0,2,2,2,2,2,2,2,2,3,3,3,4,4,4,4,4,4,0,9894390,4,0,1152,49634,dscw80
0,0,0,0,0,0,1,1,1,1,1,1,1,1,1,1,1,1,1,1,1,1,1,1,1,1,0,9211770,1,0,1152,49634,dscw80
0,0,0,0,0,0,0,1,1,1,1,1,1,1,1,1,1,1,1,1,1,1,1,1,1,1,0,1948,1,0,1181,49634,dscw80
0,0,0,0,0,0,0,0,0,0,0,0,0,0,0,0,0,1,1,1,1,1,1,1,1,1,0,129739,1,0,1152,49634,dscw80
0,0,0,0,0,0,0,0,2,2,5,9,9,11,11,11,11,12,12,12,12,12,12,12,12,12,0,4686996,12,0,1152,49634,dscw80
0,0,0,0,0,0,0,0,0,0,0,0,0,0,0,0,1,1,1,1,1,1,1,1,1,1,0,8241,1,1,1181,53188,dscw80
0,0,0,0,0,0,1,1,1,1,2,2,2,2,2,2,2,2,2,2,2,2,2,2,2,2,0,7783484,2,0,1152,49634,dscw80
0,0,0,0,0,0,1,1,1,1,1,2,2,2,2,2,2,2,2,2,2,2,2,2,2,2,0,6739876,2,1,1151,49440,dscw80
0,0,0,0,0,0,0,0,0,0,0,0,0,0,0,0,0,1,1,1,1,1,1,1,1,1,0,2346336,1,0,1151,49440,dscw80
0,0,0,0,0,1,2,2,2,2,2,2,2,2,2,2,2,2,3,3,3,4,4,4,4,4,0,5873210,4,0,1173,52590,dscw80
0,0,0,1,2,2,4,5,7,8,9,10,10,10,10,10,10,10,11,11,11,11,13,13,13,13,0,41236998,13,0,1152,49634,dscw80
0,0,0,0,0,1,1,1,1,1,1,1,1,1,1,1,1,1,1,1,1,1,1,1,1,1,0,3552361,1,0,1152,49634,dscw80
0,0,0,0,0,0,0,0,0,0,0,0,0,0,0,0,0,0,0,0,0,0,0,0,0,0,1,128517,1,1,1151,49440,dscw80
0,0,0,0,1,4,8,10,11,12,13,13,14,14,14,14,14,14,15,15,16,17,17,17,17,17,0,38179448,17,1,1152,49634,dscw80
0,0,0,0,0,0,0,0,0,0,0,0,0,0,0,0,0,0,0,1,1,1,1,1,1,1,0,9093093,1,1,1152,49634,dscw80
0,0,0,0,0,0,0,0,0,0,0,0,0,0,0,0,0,0,0,0,0,1,1,1,1,1,0,8786,1,1,1152,49634,dscw80
0,0,0,0,1,1,1,1,1,1,1,1,1,1,1,1,1,1,1,1,1,1,1,1,1,1,0,257857,1,1,1173,52590,dscw80
0,0,0,0,2,3,7,9,11,11,12,12,12,12,12,13,13,13,13,13,13,13,13,13,13,14,0,3354778,14,1,1152,49634,dscw80
0,0,0,0,1,1,1,1,1,1,1,1,1,1,1,1,1,1,1,1,1,1,1,1,1,1,0,128390,1,0,1173,52590,dscw80
0,0,0,0,0,0,1,2,2,2,2,2,2,2,2,2,2,2,2,2,2,2,2,2,2,2,0,515941,2,1,1151,49634,dscw80
0,0,0,0,0,0,0,0,0,0,0,0,0,1,1,1,1,1,1,1,1,1,1,1,1,1,0,12739232,1,0,1152,49634,dscw80
0,0,0,0,0,0,0,0,0,0,0,0,1,1,1,1,1,1,1,1,1,1,1,1,1,1,0,4772655,1,1,1152,49634,dscw80
0,0,0,0,0,0,0,2,2,2,2,2,2,2,2,2,2,2,2,2,2,2,2,2,2,2,0,515795,2,0,1173,49440,dscw80
0,0,0,0,0,1,1,1,1,1,1,1,1,1,1,1,1,1,1,1,1,1,1,1,1,1,0,33860,1,1,1152,49634,dscw80
0,0,0,0,0,0,0,0,0,0,0,0,0,0,1,1,1,1,1,1,1,1,1,1,1,1,0,23515,1,1,1152,49634,dscw80
0,0,1,1,1,1,1,3,3,3,3,3,3,3,3,3,3,3,3,3,3,3,3,3,3,3,0,1557746,3,0,1152,49634,dscw80
0,0,0,0,0,0,0,0,3,3,3,3,4,5,6,6,6,7,7,7,7,7,7,7,7,7,0,1673686,7,1,1173,52590,dscw80
0,0,0,0,0,0,0,1,1,1,1,1,1,1,1,1,1,1,1,1,1,1,1,1,1,1,0,2038,1,1,1173,52590,dscw80
0,0,0,0,1,1,1,2,2,4,4,4,4,4,4,4,4,4,5,5,5,5,5,5,5,5,0,9851197,5,0,1152,49634,dscw80
0,0,0,0,0,0,0,0,0,0,0,0,0,0,0,0,0,0,0,0,0,1,1,1,1,1,0,258045,1,1,1151,49440,dscw80
0,0,0,0,0,0,0,0,0,0,0,0,0,0,0,0,1,1,1,1,1,1,2,3,3,3,0,1702944,3,0,1152,49634,dscw80
0,0,0,0,0,0,0,0,0,0,0,0,0,0,0,0,0,0,0,0,1,1,1,1,1,1,0,753850,1,0,1152,49634,dscw80
0,0,0,0,0,0,0,3,6,8,11,11,12,12,12,13,13,13,13,13,16,19,20,20,20,20,0,34971308,20,0,1173,52590,dscw80
0,0,0,0,0,0,0,1,1,1,1,1,1,1,1,2,3,4,4,4,4,4,4,4,4,4,0,9447890,4,1,1151,49440,dscw80
0,0,0,0,0,0,0,0,0,0,0,0,0,0,0,0,1,1,1,1,1,1,1,1,1,1,0,3664285,1,1,1151,49440,dscw80
0,0,0,0,0,0,0,0,0,0,0,0,0,0,0,0,1,1,1,1,1,1,1,1,1,1,0,258150,1,1,1152,49634,dscw80
0,0,0,1,1,1,1,1,1,1,1,1,1,1,1,1,1,1,1,1,1,1,1,1,1,1,0,2459,1,1,1173,52590,dscw80
0,0,0,0,0,1,1,1,1,1,1,1,1,1,1,1,1,1,1,1,1,1,1,1,1,1,0,1209,1,1,1151,49440,dscw80
0,0,0,0,0,0,0,0,0,1,2,2,2,2,2,2,2,2,2,2,3,3,3,3,3,3,0,11369776,3,0,1173,52590,dscw80
0,0,0,0,0,0,0,0,0,1,2,2,2,2,2,2,2,2,2,2,2,2,2,2,2,2,0,5253286,2,1,1152,49634,dscw80
0,0,0,0,0,1,1,1,1,1,1,1,1,1,1,1,1,1,1,1,1,1,1,1,1,1,0,104757,1,1,1152,49634,dscw80
0,0,0,1,3,4,5,5,5,5,5,7,9,9,9,10,10,10,10,10,10,10,11,11,11,11,0,33058213,11,0,1151,49440,dscw80
0,0,0,0,0,0,0,0,0,0,0,1,1,1,1,1,1,1,1,1,1,1,1,1,1,1,0,2936301,1,0,1173,49440,dscw80
0,0,0,0,0,0,0,0,0,1,1,1,1,1,1,1,1,1,1,1,1,1,1,1,1,1,0,4691517,1,0,1181,53188,dscw80
0,0,0,0,0,0,0,2,8,13,19,22,26,27,32,34,36,38,42,44,56,62,66,70,71,75,1,189008663,76,0,1152,49634,dscw80
0,0,0,0,0,0,0,0,0,0,0,0,0,0,0,2,2,2,2,2,3,3,3,3,3,3,0,2522231,3,0,1173,49440,dscw80
0,0,0,0,1,2,3,3,4,4,4,4,4,4,4,4,4,4,4,4,4,4,4,4,4,4,0,1030710,4,0,1152,49634,dscw80
0,0,0,0,0,0,0,1,1,1,1,1,1,1,1,1,1,1,1,1,1,1,1,1,1,1,0,2497,1,0,1152,49634,dscw80
0,0,0,0,0,0,0,0,0,1,1,1,1,1,1,1,1,1,1,1,1,1,1,1,1,1,0,34189,1,1,1152,49634,dscw80
0,0,0,0,0,0,1,1,1,1,1,1,2,2,2,2,2,2,2,2,2,2,2,2,2,2,0,423547,2,0,1181,49440,dscw80
0,1,1,1,2,2,2,3,3,3,3,3,3,3,3,3,3,3,3,3,3,3,3,3,3,3,0,327570,3,1,1151,49440,dscw80
0,0,0,0,0,0,0,0,0,0,0,0,0,0,0,0,0,0,0,0,0,1,2,2,2,2,0,257118,2,0,1173,49440,dscw80
0,0,1,1,1,1,1,1,1,1,1,1,1,1,1,1,1,1,1,1,1,1,1,1,1,1,0,128511,1,1,1152,49634,dscw80
0,0,0,0,0,0,0,0,0,0,0,0,0,0,0,0,0,0,0,0,1,1,1,1,1,1,0,3576829,1,0,1152,49634,dscw80
0,0,0,0,0,0,0,0,0,0,0,0,1,1,1,1,1,1,1,1,1,1,1,1,1,1,0,2206,1,1,1152,49634,dscw80
0,0,0,0,0,0,0,0,1,2,2,2,3,4,4,5,6,6,7,7,7,7,7,7,8,8,0,9808954,8,1,1152,49634,dscw80
0,0,0,0,0,0,0,1,2,2,3,3,3,3,3,3,3,3,3,3,3,3,3,3,3,3,0,7931630,3,0,1151,49634,dscw80
0,0,0,0,0,0,0,0,1,1,1,1,1,1,1,1,1,1,1,1,1,1,1,1,1,1,0,3637072,1,0,1173,52590,dscw80
0,0,0,0,0,0,1,1,1,1,1,1,1,1,1,1,1,1,1,1,1,1,1,1,1,1,0,1191,1,1,1152,49634,dscw80
0,0,0,0,0,0,0,0,0,0,0,0,1,1,1,1,1,1,1,1,1,1,1,1,1,1,0,14487963,1,0,1173,52590,dscw80
0,0,0,1,3,5,5,5,5,5,5,5,5,5,5,5,5,5,5,5,5,5,5,5,5,5,0,645243,5,0,1152,49634,dscw80
0,0,0,1,2,2,3,3,3,4,4,4,4,4,4,4,4,4,4,4,4,5,5,5,5,5,0,15606132,5,0,1152,49634,dscw80
0,0,0,0,0,0,0,0,0,0,0,0,1,1,1,1,1,1,1,1,1,1,1,1,1,1,0,6002572,1,0,1151,49440,dscw80
0,0,0,0,0,0,0,0,0,0,0,0,0,0,0,0,0,0,0,0,0,0,1,1,1,1,0,3806441,1,0,1181,53188,dscw80
0,0,0,0,0,0,0,2,3,3,3,3,3,3,3,3,3,3,3,3,4,4,4,4,4,4,0,8866853,4,0,1152,49634,dscw80
0,0,0,0,0,0,1,1,1,1,1,1,1,1,1,1,1,1,1,1,1,1,1,1,1,1,0,3397098,1,0,1152,49634,dscw80
