ttfb_le_5_ms,ttfb_le_10_ms,ttfb_le_15_ms,ttfb_le_20_ms,ttfb_le_25_ms,ttfb_le_30_ms,ttfb_le_35_ms,ttfb_le_40_ms,ttfb_le_45_ms,ttfb_le_50_ms,ttfb_le_55_ms,ttfb_le_60_ms,ttfb_le_65_ms,ttfb_le_70_ms,ttfb_le_75_ms,ttfb_le_80_ms,ttfb_le_85_ms,ttfb_le_90_ms,ttfb_le_95_ms,ttfb_le_100_ms,ttfb_le_150_ms,ttfb_le_200_ms,ttfb_le_300_ms,ttfb_le_400_ms,ttfb_le_500_ms,ttfb_le_1000_ms,ttfb_gt_1000_ms,bytes_sent,requests,is_cache_hit,client_metro,region,maprule
0,0,0,0,1,1,1,1,1,1,1,2,3,3,4,5,5,5,5,5,5,5,5,5,5,5,0,14224589,5,0,1152,49634,dscw80
0,0,0,0,0,0,0,0,0,0,0,0,0,0,0,0,1,1,1,1,1,1,1,1,1,1,0,2523,1,0,1151,49634,dscw80
0,0,0,0,0,0,0,0,0,0,0,0,1,1,1,1,1,1,1,1,1,1,1,1,1,1,0,1894,1,1,1152,49634,dscw80
0,0,0,0,0,0,0,0,0,1,1,1,1,1,1,2,2,2,2,2,2,2,2,2,2,2,0,8137463,2,0,1152,49634,dscw80
0,0,0,0,0,0,0,0,1,1,1,1,1,1,1,1,1,1,1,1,1,1,1,1,1,1,0,691,1,1,1152,49634,dscw80
0,0,0,0,0,0,0,0,0,0,1,1,1,1,1,1,1,1,1,1,1,1,1,1,1,1,0,2048,1,1,1152,49634,dscw80
0,0,0,0,0,0,0,0,0,0,0,0,0,0,0,0,0,0,0,0,0,0,1,1,1,1,0,18576721,1,0,1152,49634,dscw80
0,0,0,0,0,0,0,0,0,0,0,0,0,0,0,0,0,0,0,0,0,0,0,1,1,1,0,405573,1,0,1181,49634,dscw80
0,0,0,0,0,0,0,0,0,0,0,0,0,0,0,0,1,1,1,1,1,1,1,1,1,1,0,5884954,1,1,1152,49634,dscw80
0,0,0,0,0,1,1,2,4,4,4,4,4,4,4,5,5,5,5,5,5,5,5,6,6,6,0,13667162,6,0,1152,49634,dscw80
0,0,0,0,0,0,0,0,0,0,0,0,0,1,1,1,1,1,1,1,1,2,2,2,2,2,0,171763,2,0,1152,49634,dscw80
0,0,0,0,0,0,1,1,1,1,1,1,1,1,1,1,1,1,1,1,1,1,1,1,1,1,0,257343,1,0,1181,49634,dscw80
0,0,0,0,1,5,7,11,17,19,23,25,26,27,29,29,34,35,37,37,42,42,42,43,43,43,0,93398716,43,0,1152,49634,dscw80
0,0,0,0,0,0,0,0,0,0,0,0,0,0,0,0,0,0,0,0,0,1,1,1,1,1,0,303479,1,1,1152,49634,dscw80
0,0,0,0,0,1,3,5,6,6,6,7,8,9,9,9,9,9,9,9,9,9,9,9,9,9,0,3491149,9,1,1152,49634,dscw80
0,0,0,0,0,0,0,0,0,0,0,1,1,1,1,1,1,1,1,1,1,1,1,1,1,1,0,257321,1,1,1151,49634,dscw80
0,0,0,0,0,0,0,0,0,1,1,1,2,2,2,3,3,3,3,3,4,4,4,4,4,4,0,7520485,4,0,1152,49634,dscw80
0,0,0,0,0,0,0,0,0,0,0,0,0,0,0,0,0,1,1,1,1,1,1,1,1,1,0,128811,1,0,1181,49634,dscw80
0,0,0,0,3,6,6,7,8,9,9,9,9,9,9,9,9,9,9,10,11,12,13,13,13,13,0,32475454,13,0,1173,52590,dscw80
0,0,0,0,0,0,0,0,0,0,0,0,0,0,0,0,0,0,0,0,1,1,1,1,1,1,0,257540,1,1,1152,49634,dscw80
0,0,0,0,2,3,4,4,4,4,4,4,4,4,4,4,4,4,4,4,4,4,4,4,4,4,0,201998,4,1,1152,49634,dscw80
0,0,0,0,0,3,4,4,5,5,5,5,5,5,5,5,5,5,5,5,5,5,5,5,5,5,0,239502,5,1,1152,49634,dscw80
0,0,0,0,0,0,0,0,1,1,1,1,1,1,1,1,1,1,1,1,1,1,1,1,1,1,0,128404,1,1,1152,49634,dscw80
0,0,0,0,1,1,1,1,1,1,1,1,1,1,1,1,1,1,1,1,1,1,1,1,1,1,0,6896436,1,1,1181,49634,dscw80
0,0,0,0,0,2,2,2,2,2,2,2,2,2,2,2,2,2,2,2,2,2,2,2,2,2,0,387440,2,0,1181,49634,dscw80
0,0,0,0,0,0,0,0,0,0,1,1,1,1,1,1,1,1,1,1,1,1,1,1,1,1,0,4783547,1,0,1152,49634,dscw80
0,0,0,0,0,0,0,0,0,0,0,0,1,1,1,1,1,1,1,1,1,1,1,1,1,1,0,5550,1,0,1152,49634,dscw80
0,0,0,0,0,1,1,1,1,1,2,2,2,2,2,2,2,2,2,3,3,3,3,3,3,3,0,8617677,3,0,1173,52590,dscw80
0,0,0,0,0,0,0,0,0,0,0,0,0,0,0,0,0,0,0,0,0,0,0,0,0,0,1,2673,1,1,1152,49634,dscw80
0,0,0,0,0,2,2,2,2,3,3,3,3,3,3,3,3,3,3,3,3,3,4,4,4,4,0,1482149,4,1,1152,49634,dscw80
0,0,0,0,0,0,0,0,0,0,1,1,1,1,1,1,1,1,1,1,3,3,3,4,4,4,0,3290982,4,0,1173,52590,dscw80
0,0,0,0,0,0,0,0,0,0,0,0,0,0,0,0,0,1,1,1,1,1,1,1,1,1,0,128458,1,0,1152,49634,dscw80
0,0,0,0,0,0,0,1,1,1,1,1,1,1,1,1,1,1,1,1,1,1,1,1,1,1,0,257558,1,1,1152,49634,dscw80
0,0,0,0,0,0,0,0,0,0,0,0,0,0,0,0,0,0,0,0,1,1,1,1,1,1,0,98110,1,1,1152,49634,dscw80
0,0,0,2,2,2,2,2,2,2,2,2,2,2,2,2,2,2,2,2,2,2,2,2,2,2,0,257696,2,0,1181,49634,dscw80
0,0,0,0,0,0,0,0,0,0,0,0,0,0,1,1,1,1,1,1,1,1,1,1,1,1,0,5195481,1,0,1152,49634,dscw80
0,0,0,0,1,1,1,1,1,1,1,1,1,1,1,1,1,2,2,2,2,2,2,2,2,2,0,331743,2,0,1152,49634,dscw80
0,0,0,0,0,0,0,0,0,0,0,0,0,1,1,1,1,1,1,1,1,1,1,1,1,1,0,2187,1,1,1152,49634,dscw80
0,0,0,0,0,0,0,0,1,2,2,2,2,2,2,2,2,2,2,2,2,2,2,2,2,2,0,132082,2,0,1152,49634,dscw80
0,0,0,0,0,0,0,0,0,0,1,1,1,1,1,1,1,1,1,1,1,1,1,1,1,1,0,1909,1,1,1152,49634,dscw80
0,0,0,0,0,0,0,1,1,1,1,1,1,1,1,1,1,1,1,1,2,2,2,2,2,2,0,3779407,2,0,1152,49634,dscw80
0,0,0,0,0,0,0,0,0,0,0,0,0,0,0,0,0,0,0,0,0,1,1,1,1,1,0,3767461,1,0,1152,49634,dscw80
0,0,1,1,1,1,1,1,1,1,1,1,1,1,1,1,1,1,1,1,1,1,1,1,1,1,0,770007,1,0,1151,49440,dscw80
0,0,0,0,1,1,1,1,2,2,2,2,2,2,2,2,2,2,2,2,2,2,2,2,2,2,0,70925,2,0,1152,49634,dscw80
0,0,0,0,0,0,0,0,1,1,1,1,1,1,1,1,1,1,1,1,1,1,1,1,1,1,0,257476,1,1,1152,49634,dscw80
0,0,0,0,2,3,3,3,3,4,6,6,7,7,7,7,7,8,8,9,10,10,10,10,10,10,0,23203561,10,0,1152,49634,dscw80
0,0,0,0,0,1,2,2,2,2,2,2,2,2,2,2,2,2,2,2,2,2,2,2,2,2,0,4061,2,0,1152,49634,dscw80
0,0,0,0,0,0,0,0,0,0,0,0,0,0,0,1,1,1,2,2,3,3,3,3,3,4,0,3569985,4,0,1152,49634,dscw80
0,0,0,0,0,0,0,0,0,0,0,2,2,2,2,4,4,4,4,4,5,5,6,6,6,6,0,15482058,6,0,1152,49634,dscw80
0,1,1,1,1,1,1,1,1,1,1,1,1,1,1,1,1,1,1,1,1,1,1,1,1,1,0,1401,1,1,1152,49634,dscw80
0,0,1,1,1,1,1,1,1,1,1,1,1,1,1,1,1,1,1,1,1,1,1,1,1,1,0,66141,1,1,1152,49634,dscw80
0,0,0,0,0,1,1,1,1,1,1,1,1,1,1,1,1,1,1,1,1,1,1,1,1,1,0,5346423,1,0,1152,49634,dscw80
0,0,0,0,0,0,0,1,1,1,1,1,1,1,1,1,1,1,1,1,1,1,1,1,1,1,0,128984,1,0,1152,49634,dscw80
0,0,0,0,0,0,0,0,0,1,1,1,1,1,1,1,1,1,1,1,1,1,1,1,1,1,0,1569,1,0,1152,49634,dscw80
0,0,0,0,0,1,1,1,1,1,1,1,1,1,1,1,1,1,1,1,1,1,1,1,1,1,0,7613343,1,0,1173,52590,dscw80
0,0,0,0,0,2,2,2,2,2,2,2,2,2,2,2,2,2,2,2,3,3,3,3,3,3,0,11316693,3,0,1152,49634,dscw80
0,0,0,0,1,2,3,4,4,5,6,6,7,7,7,7,7,7,7,7,9,9,9,9,9,9,0,15788797,9,1,1152,49634,dscw80
0,0,0,0,1,1,1,1,1,1,1,1,1,1,1,1,1,1,1,1,1,1,1,1,1,1,0,591698,1,1,1152,49634,dscw80
0,0,0,0,0,0,0,0,1,1,1,1,1,1,1,1,1,1,1,1,1,1,1,1,1,1,0,1795100,1,0,1152,49634,dscw80
0,0,0,2,4,9,10,13,18,21,22,24,25,26,26,26,27,28,28,28,28,28,30,32,32,32,0,66113834,32,0,1152,49634,dscw80
0,0,0,0,0,0,0,0,0,0,0,0,0,1,1,1,1,1,1,1,1,1,1,1,1,1,0,6797783,1,0,1151,49440,dscw80
0,0,0,0,0,0,0,0,0,1,1,1,1,1,1,1,1,1,1,1,1,1,1,1,1,1,0,4089553,1,1,1151,49634,dscw80
0,0,0,1,4,6,6,6,6,6,6,6,6,6,6,6,6,6,6,6,6,6,6,6,6,6,0,20866770,6,0,1152,49634,dscw80
0,0,0,0,0,0,0,0,1,1,1,1,1,1,1,1,1,1,1,1,1,1,1,1,1,1,0,2524,1,1,1152,49634,dscw80
0,0,0,0,0,0,0,0,0,0,0,0,0,0,0,0,0,0,0,0,0,1,1,1,1,1,0,128850,1,0,1152,49634,dscw80
0,0,0,1,2,2,2,2,2,2,2,2,2,2,2,2,2,2,2,2,2,2,2,2,2,2,0,193189,2,0,1152,49634,dscw80
0,0,0,0,0,0,0,0,1,2,2,2,2,2,2,2,2,2,2,2,2,2,2,2,2,2,0,955677,2,0,1152,49634,dscw80
0,0,0,1,1,1,1,1,1,1,1,1,1,1,1,1,1,1,1,1,1,1,1,1,1,1,0,257413,1,1,1152,49634,dscw80
0,0,0,0,0,0,0,0,0,0,0,0,0,0,0,0,1,1,1,1,1,1,1,1,1,1,0,257425,1,0,1173,52590,dscw80
0,0,0,0,1,1,1,2,2,2,2,2,2,2,2,2,2,2,2,2,2,2,2,2,2,2,0,3515329,2,0,1152,49634,dscw80
0,0,0,2,3,3,4,4,4,4,4,4,4,4,4,4,4,4,4,4,4,4,6,7,7,7,0,10502095,7,0,1152,49634,dscw80
0,0,0,0,1,1,1,1,1,2,2,2,2,2,2,2,2,2,2,2,3,4,4,4,4,4,0,7389420,4,0,1152,49634,dscw80
0,0,0,0,0,0,0,1,1,1,1,1,1,2,2,2,2,2,2,2,2,2,2,2,2,2,0,11898642,2,0,1181,49634,dscw80
0,0,0,0,0,2,2,2,2,2,3,3,3,3,3,3,3,3,3,3,3,3,3,3,3,3,0,22431368,3,0,1152,49634,dscw80
0,0,1,1,1,1,1,1,1,1,1,1,1,1,1,1,1,1,1,1,1,1,1,1,1,1,0,66997,1,1,1152,49634,dscw80
0,0,0,0,0,0,0,0,0,0,0,0,1,1,1,1,1,1,1,1,2,2,2,2,2,2,0,9315012,2,1,1152,49634,dscw80
0,0,0,0,0,0,0,0,0,0,0,0,0,1,1,1,1,1,1,1,1,1,1,1,1,1,0,1368513,1,0,1152,49634,dscw80
0,0,0,0,0,0,0,0,0,0,0,0,0,0,0,0,0,0,0,0,1,1,1,1,1,1,0,5371910,1,0,1152,49634,dscw80
0,0,0,0,3,5,5,6,7,7,8,8,8,8,8,8,8,8,8,8,8,8,8,8,8,8,0,15207484,8,0,1152,49634,dscw80
0,0,0,0,0,0,0,0,0,0,0,0,0,0,0,0,0,0,0,0,0,0,0,1,1,1,0,347089,1,0,1152,49634,dscw80
0,0,0,0,0,0,0,0,0,0,0,0,0,0,0,0,0,0,0,0,1,1,1,1,1,1,0,257886,1,1,1151,49634,dscw80
0,0,0,1,2,2,4,5,5,5,6,6,6,6,6,6,6,6,6,6,6,6,6,6,6,6,0,17994641,6,0,1152,49634,dscw80
0,0,0,0,0,0,0,0,0,0,0,0,1,2,2,2,2,2,2,2,2,2,2,2,2,2,0,193043,2,0,1151,49634,dscw80
0,0,0,0,0,0,0,0,0,0,0,0,0,0,0,0,0,0,0,0,0,1,1,1,1,1,0,59641,1,0,1152,49634,dscw80
0,0,0,0,0,0,0,1,1,1,1,1,1,1,1,1,1,1,1,1,1,1,1,1,1,1,0,7069554,1,0,1173,52590,dscw80
0,0,0,0,1,1,1,3,3,5,5,5,5,5,5,6,6,6,6,6,6,6,6,6,6,6,0,4717587,6,1,1152,49634,dscw80
0,0,0,0,0,1,1,1,1,1,1,1,1,1,1,1,1,1,1,1,1,1,1,1,1,1,0,131521,1,1,1181,49634,dscw80
0,0,0,0,0,0,0,0,0,0,0,0,0,0,0,0,0,0,0,0,1,1,1,1,1,1,0,66203,1,0,1152,49634,dscw80
0,0,0,0,0,0,0,0,0,0,0,0,0,0,0,0,0,0,0,0,1,2,2,2,2,2,0,7479659,2,0,1152,49634,dscw80
0,0,0,0,0,0,0,0,0,0,0,0,0,0,0,0,0,0,0,0,1,1,1,1,1,1,0,565048,1,0,1152,49634,dscw80
0,0,0,0,0,0,0,0,0,0,0,3,3,3,3,3,3,3,3,3,3,3,3,3,3,3,0,4828563,3,0,1181,49634,dscw80
0,0,0,0,0,0,2,3,3,5,5,5,5,5,5,5,5,5,5,5,5,5,5,5,5,5,0,2083421,5,0,1152,49634,dscw80
0,0,0,0,0,1,1,1,1,1,1,1,1,1,1,1,1,1,1,1,1,1,1,1,1,1,0,257322,1,1,1151,49634,dscw80
0,0,0,0,0,0,0,0,0,1,1,1,2,2,2,2,2,2,2,2,2,2,2,2,2,2,0,5912544,2,0,1151,49634,dscw80
0,0,1,1,2,2,2,2,2,2,2,2,2,2,2,2,2,2,2,2,2,2,2,2,2,2,0,925448,2,0,1152,49634,dscw80
0,0,0,0,2,3,7,15,20,24,25,30,34,37,39,40,41,41,42,44,51,54,59,59,59,59,0,139990040,59,0,1152,49634,dscw80
0,0,0,0,0,1,1,1,1,1,1,1,1,1,1,1,1,1,1,1,1,1,1,1,1,1,0,8274358,1,0,1152,49634,dscw80
0,0,0,0,0,0,0,0,0,0,0,0,0,0,0,0,0,0,0,1,1,1,1,1,1,1,0,128635,1,0,1152,49634,dscw80
0,0,0,0,0,0,0,0,0,1,1,1,1,1,1,1,1,1,1,1,1,1,1,1,1,1,0,9671141,1,0,1151,49634,dscw80
0,0,0,0,0,0,2,5,7,7,7,7,7,8,9,9,10,10,10,10,10,10,10,10,10,10,1,31012448,11,0,1152,49634,dscw80
0,0,0,0,0,0,1,1,1,1,1,1,1,1,1,1,1,1,1,1,1,1,1,1,1,1,0,630072,1,1,1152,49634,dscw80
0,0,0,0,0,0,1,1,1,1,1,1,1,1,1,1,1,1,1,1,1,1,1,1,1,1,0,128649,1,1,1181,49634,dscw80
0,0,0,0,0,0,0,0,1,1,1,1,1,1,1,1,1,1,1,1,1,1,1,1,1,1,0,128813,1,1,1152,49634,dscw80
0,0,0,0,0,0,0,0,0,0,0,0,0,0,0,0,0,0,0,0,0,0,0,1,1,1,0,776740,1,1,1151,49634,dscw80
0,0,0,0,0,0,0,0,0,0,0,0,0,0,0,0,1,1,1,1,2,2,2,2,2,2,0,947460,2,0,1152,49634,dscw80
0,0,0,1,1,1,1,1,2,2,2,2,2,2,2,2,2,2,2,2,2,2,2,2,2,2,0,8226860,2,0,1152,49634,dscw80
0,0,0,0,0,0,0,0,0,0,0,1,1,1,1,1,1,1,1,1,1,1,1,1,1,1,0,0,1,0,1152,49634,dscw80
0,0,0,0,0,0,0,0,0,0,0,0,0,0,0,0,0,0,0,0,0,1,1,1,1,1,0,3785659,1,0,1152,49634,dscw80
0,0,0,0,0,0,0,1,1,1,1,1,1,1,1,1,1,1,1,1,1,1,1,1,1,1,0,257509,1,1,1152,49634,dscw80
0,0,0,0,0,0,0,1,1,1,1,3,3,3,3,3,3,3,3,3,3,3,3,3,3,3,0,5803349,3,0,1152,49634,dscw80
0,0,0,1,1,1,2,2,2,2,2,2,2,2,2,2,2,2,2,2,2,2,2,2,2,2,0,7221689,2,0,1152,49634,dscw80
0,0,0,0,0,0,0,1,1,1,1,1,1,1,1,1,1,1,1,1,1,1,1,1,1,1,0,2167,1,0,1152,49634,dscw80
0,0,1,1,1,1,1,1,1,1,1,1,1,1,1,1,1,1,1,1,1,1,1,1,1,1,0,2883007,1,1,1152,49634,dscw80
0,0,0,0,1,1,1,1,2,2,2,2,2,2,2,2,2,2,2,2,2,2,2,2,2,2,0,259486,2,1,1152,49634,dscw80
0,0,0,0,0,1,1,1,1,1,1,1,1,1,1,1,1,1,1,1,1,1,1,1,1,1,0,1909813,1,0,1181,49634,dscw80
0,0,0,0,0,1,1,1,1,1,2,2,2,2,2,2,2,2,2,2,2,2,2,2,2,2,0,3141779,2,0,1173,52590,dscw80
0,0,0,0,0,0,0,0,0,0,0,0,0,0,0,0,0,0,0,0,0,0,0,1,1,1,0,3828875,1,1,1173,52590,dscw80
0,0,0,0,0,0,1,1,1,1,1,1,1,1,1,1,1,1,1,1,1,1,1,1,1,1,0,1473052,1,0,1152,49634,dscw80
0,0,0,0,0,0,2,3,3,4,5,5,5,6,6,6,6,7,7,7,7,7,7,7,7,7,0,17160841,7,0,1152,49634,dscw80
0,0,0,0,0,0,0,0,1,2,2,2,2,2,2,2,2,2,2,2,3,3,3,3,3,3,0,774066,3,0,1152,49634,dscw80
0,0,0,0,0,0,1,1,1,2,2,2,2,2,2,2,2,2,2,2,3,3,3,3,3,3,0,22674225,3,0,1152,49634,dscw80
0,0,1,1,2,3,3,3,3,3,3,3,3,3,3,3,3,3,3,3,3,3,3,3,3,3,0,387643,3,1,1152,49634,dscw80
0,0,0,0,0,0,0,0,0,0,0,0,0,0,0,0,1,1,1,1,1,1,1,1,1,1,0,1393,1,1,1151,49634,dscw80
0,0,0,0,0,1,4,6,8,9,9,9,9,9,9,9,11,11,11,12,12,12,12,12,12,12,0,14759227,12,1,1152,49634,dscw80
0,0,0,0,0,0,0,0,0,0,0,0,0,1,1,1,1,1,1,1,1,1,1,1,1,1,0,131226,1,0,1173,52590,dscw80
0,0,0,0,0,1,1,1,1,1,1,1,1,1,1,1,1,1,1,1,1,1,1,1,1,1,0,2470,1,1,1152,49634,dscw80
0,0,0,0,0,0,0,0,0,1,2,2,3,4,4,4,4,4,4,4,5,5,6,6,6,6,0,10173469,6,0,1152,49634,dscw80
0,0,0,0,0,0,1,2,2,2,2,2,2,2,2,2,2,2,2,2,2,2,2,2,2,2,0,991717,2,1,1152,49634,dscw80
0,0,0,0,0,0,0,0,0,0,0,1,1,1,1,1,1,1,1,1,1,1,1,1,1,1,0,5941055,1,1,1152,49634,dscw80
0,0,0,1,1,1,2,2,2,2,2,2,2,2,2,2,2,2,2,2,2,2,2,2,2,2,0,259833,2,1,1152,49634,dscw80
0,0,0,0,0,0,0,0,1,1,2,2,2,2,2,2,2,2,2,2,2,2,2,2,2,2,0,10463412,2,0,1152,49634,dscw80
0,0,0,0,0,1,1,2,2,2,2,3,3,3,3,3,3,3,3,3,3,3,3,3,3,3,0,4738496,3,1,1152,49634,dscw80
0,0,0,0,0,0,0,0,0,0,1,1,2,2,2,2,2,2,2,3,3,3,3,3,3,3,0,261557,3,0,1152,49634,dscw80
0,0,0,0,0,0,0,0,1,1,1,1,1,1,1,1,1,1,1,1,1,1,1,1,1,1,0,128682,1,0,1152,49634,dscw80
0,0,0,0,1,2,3,3,3,4,5,6,6,6,6,6,6,6,6,6,7,7,7,8,8,8,0,19224538,8,0,1152,49634,dscw80
0,0,0,0,0,0,0,1,1,1,1,1,1,1,1,1,1,1,1,1,1,1,1,1,1,1,0,129299,1,0,1152,49634,dscw80
0,0,0,0,0,0,0,0,1,1,2,2,2,2,2,2,2,2,2,2,2,2,2,2,2,2,0,8020227,2,0,1152,49634,dscw80
0,0,0,1,1,1,2,4,4,4,4,4,4,4,4,4,4,4,4,4,4,4,4,4,4,4,0,6747891,4,0,1152,49634,dscw80
0,0,0,0,0,0,1,1,1,1,1,1,1,1,1,1,1,1,1,1,1,1,1,1,1,1,0,259608,1,0,1152,49634,dscw80
0,0,0,0,5,14,26,32,44,55,64,71,80,84,88,91,95,97,99,102,108,110,112,112,112,113,0,210169900,113,0,1152,49634,dscw80
0,0,0,0,0,0,0,0,0,0,0,1,4,4,4,4,4,4,4,4,6,6,6,7,7,7,0,5040049,7,0,1152,49634,dscw80
0,0,1,1,1,1,1,1,1,1,1,1,1,1,1,1,1,1,1,1,1,1,1,1,1,1,0,10001897,1,1,1152,49634,dscw80
0,0,0,0,0,0,0,0,0,0,0,0,0,0,0,0,0,0,0,0,0,1,1,1,1,1,0,1414826,1,0,1152,49634,dscw80
0,0,0,0,0,0,1,1,1,1,1,1,1,1,1,1,1,2,2,2,2,2,2,2,2,2,0,67790,2,1,1152,49634,dscw80
0,0,0,0,0,0,0,1,1,1,1,1,1,1,1,1,1,1,1,1,1,1,1,1,1,1,0,257995,1,1,1152,49634,dscw80
0,0,0,0,0,0,0,0,0,0,0,0,0,0,0,0,0,0,0,0,0,0,0,0,0,1,0,98071,1,1,1152,49634,dscw80
0,0,0,0,0,0,0,1,2,2,2,2,2,2,2,2,2,2,2,2,2,2,2,2,2,2,0,8324636,2,0,1152,49634,dscw80
0,0,0,0,0,0,0,0,0,0,0,0,0,0,0,0,0,0,0,0,0,0,0,0,0,0,1,65635,1,0,1152,49634,dscw80
0,0,1,1,2,2,2,2,6,6,7,8,8,8,8,8,9,9,9,9,9,11,11,12,12,12,0,18831463,12,0,1152,49634,dscw80
0,0,0,0,0,0,0,1,1,1,1,1,1,1,1,1,1,1,1,1,1,1,1,1,1,1,0,2014,1,1,1152,49634,dscw80
0,0,0,0,0,0,0,0,0,0,0,0,0,0,0,0,0,0,0,0,1,1,1,1,1,1,0,1228931,1,1,1173,52590,dscw80
0,0,0,0,0,1,2,3,3,3,3,3,3,3,3,3,3,3,3,4,4,4,4,4,4,4,0,10026,4,1,1152,49634,dscw80
0,0,0,0,0,0,0,1,1,1,1,1,1,1,1,1,1,1,1,1,1,1,1,1,1,1,0,18988121,1,1,1181,49634,dscw80
0,0,0,0,0,0,0,0,0,0,0,1,2,2,2,2,2,2,2,2,2,2,3,3,3,3,0,7587624,3,0,1152,49634,dscw80
0,0,0,1,1,1,1,1,1,1,1,1,1,1,1,1,1,1,1,1,1,1,1,1,1,1,0,658480,1,0,1152,49634,dscw80
0,0,0,0,0,1,1,1,1,1,1,1,1,1,1,1,1,1,1,1,1,1,1,1,1,1,0,3210509,1,1,1152,49634,dscw80
0,0,0,0,0,0,0,0,0,1,1,1,1,1,1,1,1,1,1,1,1,1,1,1,1,1,0,257416,1,1,1152,49634,dscw80
0,0,0,0,0,1,1,1,3,6,7,8,10,11,12,13,13,13,13,14,15,15,15,15,15,15,0,50734818,15,0,1152,49634,dscw80
0,1,1,1,1,1,1,1,1,1,1,1,1,1,1,1,1,1,1,1,1,1,1,1,1,1,0,3469279,1,0,1152,49634,dscw80
0,0,0,0,0,0,0,1,1,1,1,1,1,1,1,1,1,1,1,1,2,2,2,2,2,2,0,4524781,2,0,1152,49634,dscw80
0,0,0,0,0,0,0,0,0,1,1,1,1,1,1,1,1,1,1,1,1,1,1,1,1,1,0,3621812,1,0,1152,49634,dscw80
0,1,1,1,1,1,1,1,1,1,1,1,1,1,1,1,1,1,1,1,1,1,1,1,1,1,0,128742,1,1,1152,49634,dscw80
0,0,0,0,0,0,0,0,0,0,0,0,0,0,1,1,1,1,1,1,1,1,1,1,1,1,0,1811,1,0,1152,49634,dscw80
0,0,0,0,0,0,0,1,2,3,4,5,5,6,6,7,7,7,7,7,7,7,7,7,7,7,0,4645447,7,0,1152,49634,dscw80
0,0,0,0,0,0,0,2,5,7,8,10,13,15,15,15,15,17,17,18,21,23,28,28,28,28,1,35724921,29,0,1152,49634,dscw80
0,0,0,1,1,1,1,1,1,1,1,1,1,1,1,1,1,1,1,1,1,1,1,1,1,1,0,128472,1,1,1152,49634,dscw80
0,0,0,0,0,0,0,0,0,0,0,0,1,1,1,1,1,1,1,1,1,1,1,1,1,1,0,7216385,1,1,1151,49634,dscw80
0,0,0,0,0,1,1,1,1,1,1,1,1,1,1,1,1,1,1,1,1,1,1,1,1,1,0,1889,1,1,1152,49634,dscw80
0,0,0,1,2,3,3,6,6,7,11,13,16,16,17,18,18,18,18,19,20,20,20,20,20,20,0,45254031,20,0,1152,49634,dscw80
0,0,0,1,1,1,1,1,1,1,1,1,1,1,1,1,1,1,1,1,1,1,1,1,1,1,0,259635,1,1,1152,49634,dscw80
0,0,0,0,0,0,1,6,8,8,8,8,8,8,8,8,8,9,10,10,10,11,13,13,13,13,0,24246021,13,0,1152,49634,dscw80
0,0,0,0,0,0,0,1,1,1,2,2,2,2,2,2,2,2,2,2,2,2,2,2,2,2,0,3945356,2,0,1152,49634,dscw80
0,0,0,0,0,0,0,0,0,0,0,0,0,0,0,0,0,0,0,0,0,1,1,1,1,1,0,2943539,1,0,1152,49634,dscw80
0,0,0,0,0,0,0,0,0,0,0,1,1,1,1,1,1,1,1,1,1,1,1,1,1,1,0,2322,1,0,1152,49634,dscw80
0,0,0,0,0,1,2,2,2,2,2,2,2,2,2,2,2,2,2,2,2,2,2,2,2,2,0,68192,2,1,1152,49634,dscw80
0,0,0,0,0,0,0,0,0,1,1,1,1,1,1,1,1,1,1,1,1,1,1,1,1,1,0,128587,1,0,1152,49634,dscw80
0,0,0,0,0,0,0,0,0,0,0,0,0,1,1,1,2,2,2,2,2,3,3,3,3,3,0,12839530,3,0,1173,49440,dscw80
0,0,0,0,0,1,1,1,2,2,2,3,3,3,3,3,3,3,3,3,3,3,4,4,4,4,0,13040274,4,0,1152,49634,dscw80
0,0,0,0,0,0,1,1,1,5,5,6,6,7,7,8,8,8,8,9,9,9,9,9,9,9,0,9732370,9,0,1152,49634,dscw80
0,0,0,0,0,0,0,0,0,0,1,1,1,2,2,2,2,2,2,2,2,2,2,2,2,2,0,4900441,2,0,1173,52590,dscw80
0,0,0,0,0,0,0,0,0,0,0,0,0,0,0,0,0,0,0,0,0,1,1,1,1,2,0,331960,2,0,1152,49634,dscw80
0,0,0,0,0,0,0,0,0,0,0,0,0,0,1,1,1,1,1,1,1,1,1,1,1,1,0,128476,1,0,1152,49634,dscw80
0,0,0,0,1,2,2,2,2,2,2,2,2,2,2,2,2,2,2,2,2,2,2,2,2,2,0,260195,2,1,1152,49634,dscw80
0,0,0,0,0,0,1,1,1,1,1,1,1,2,2,2,2,2,2,2,3,5,5,6,6,6,0,4102615,6,0,1173,52590,dscw80
0,0,1,1,1,3,3,3,3,3,3,3,3,3,3,3,3,3,3,3,3,4,4,4,4,4,0,7544779,4,0,1152,49634,dscw80
0,0,0,0,0,0,2,2,2,2,3,3,3,3,3,3,3,3,3,3,3,3,3,3,3,3,0,8169,3,0,1173,52590,dscw80
0,0,0,0,0,0,0,1,1,1,2,3,3,3,3,3,4,5,5,5,6,6,6,6,6,6,0,10247237,6,0,1152,49634,dscw80
0,0,0,0,0,0,0,0,1,1,1,1,1,1,1,1,1,1,1,1,1,1,1,1,1,1,0,131339,1,0,1151,49440,dscw80
0,0,0,0,0,4,9,12,15,15,18,20,21,22,23,23,23,23,23,23,24,26,26,26,26,26,0,55875952,26,0,1152,49634,dscw80
0,0,0,1,1,1,1,1,1,1,1,1,1,1,1,1,1,1,1,1,1,1,1,1,1,1,0,257783,1,0,1152,49634,dscw80
0,0,0,0,0,0,0,0,0,1,1,1,1,1,1,1,1,1,1,1,1,1,1,1,1,1,0,16557643,1,0,1152,49634,dscw80
0,0,0,0,0,0,1,1,1,1,1,2,2,2,2,2,2,2,2,2,2,2,2,2,2,2,0,259483,2,1,1152,49634,dscw80
0,0,0,0,0,1,2,2,4,4,4,5,5,5,6,6,6,6,6,6,6,6,6,6,6,6,0,44617847,6,0,1152,49634,dscw80
0,0,0,0,0,0,0,0,1,1,1,1,1,1,1,1,1,1,1,1,1,1,1,1,1,1,0,2007,1,1,1152,49634,dscw80
0,0,0,0,1,1,2,2,2,3,3,3,3,3,3,3,3,3,3,3,3,3,3,3,3,3,0,7110363,3,1,1152,49634,dscw80
0,0,0,0,1,1,1,1,1,1,1,1,1,1,1,1,1,1,1,1,1,1,1,1,1,1,0,1856106,1,1,1152,49634,dscw80
0,0,0,0,0,0,0,0,0,0,0,0,0,0,0,0,0,0,0,0,0,0,1,1,1,1,0,128483,1,0,1152,49634,dscw80
0,0,0,0,1,1,1,1,1,1,1,1,1,1,1,1,1,1,1,1,1,1,1,1,1,1,0,258041,1,0,1152,49634,dscw80
0,0,0,0,0,0,0,0,0,0,0,0,0,0,0,0,0,0,0,0,1,1,1,1,1,1,0,128509,1,0,1181,49634,dscw80
0,0,0,0,0,0,0,1,1,1,1,1,1,1,1,1,1,1,1,1,1,1,1,1,1,1,0,257964,1,1,1151,49634,dscw80
0,0,0,0,0,0,0,1,1,1,1,1,1,1,1,1,1,1,1,1,1,1,1,1,1,1,0,1804,1,1,1152,49634,dscw80
0,0,0,1,1,1,1,1,1,1,1,1,1,1,1,1,1,1,1,1,1,1,1,1,1,1,0,257502,1,1,1152,49634,dscw80
0,0,0,0,0,1,1,1,1,1,1,1,1,1,1,1,1,1,1,1,1,1,1,1,1,1,0,201230,1,1,1152,49634,dscw80
0,0,0,0,0,0,0,0,0,0,0,0,0,0,0,0,1,1,1,1,2,2,2,2,2,2,0,3747808,2,0,1151,52590,dscw80
0,0,0,0,0,0,0,0,0,0,0,0,0,0,0,0,1,1,1,1,1,1,1,1,1,1,0,64526,1,0,1181,49634,dscw80
0,0,0,0,0,0,0,1,1,1,2,2,2,2,2,2,2,2,2,2,2,2,2,2,2,2,0,42700193,2,0,1151,49634,dscw80
0,0,0,0,0,0,0,0,1,1,1,1,1,1,1,1,2,2,2,2,3,3,5,5,5,5,0,11788294,5,0,1152,49634,dscw80
0,0,0,0,0,0,1,1,1,1,1,1,1,2,2,2,2,2,2,2,2,2,2,2,2,2,0,423753,2,0,1152,49634,dscw80
0,0,0,0,0,0,0,1,1,1,1,1,1,1,1,1,1,1,1,1,1,1,1,1,1,1,0,7524305,1,1,1151,49634,dscw80
0,0,0,0,0,0,0,0,1,1,1,1,1,1,1,1,1,1,1,1,1,1,1,1,1,1,0,2133257,1,0,1152,49634,dscw80
0,0,0,0,0,0,0,0,1,1,1,1,1,1,1,1,1,1,1,1,1,1,1,1,1,1,0,128813,1,1,1152,49634,dscw80
0,0,0,0,0,0,0,0,0,1,1,1,1,1,1,1,1,1,1,1,1,1,1,1,1,1,0,2153,1,1,1152,49634,dscw80
0,0,0,1,1,1,1,1,1,1,1,1,1,1,1,1,1,1,1,1,1,1,1,1,1,1,0,258189,1,1,1152,49634,dscw80
0,0,0,0,0,0,0,0,0,0,0,0,0,0,0,0,0,0,0,0,1,1,1,1,1,1,0,18002,1,1,1152,49634,dscw80
0,0,0,0,0,0,0,0,0,0,0,0,0,0,0,0,0,0,0,0,1,1,1,1,1,1,0,113025,1,0,1152,49634,dscw80
0,0,0,0,0,0,0,0,0,0,0,0,1,1,2,2,2,2,2,2,2,2,3,3,3,3,0,5606243,3,0,1152,49634,dscw80
0,0,0,0,0,0,0,0,0,0,0,0,0,0,1,1,1,1,1,1,1,1,1,1,1,1,0,2174,1,1,1152,49634,dscw80
0,0,0,0,0,0,1,2,3,3,3,3,3,3,3,3,3,3,3,3,3,3,3,3,3,3,0,5310124,3,0,1152,49634,dscw80
0,0,0,0,0,0,0,0,2,3,3,3,3,3,3,3,3,3,3,3,4,4,4,4,4,4,0,8963628,4,1,1152,49634,dscw80
0,0,0,0,1,1,1,1,1,1,1,1,1,1,1,1,1,1,1,1,1,1,2,2,2,2,0,108984,2,0,1152,49634,dscw80
0,0,0,0,0,0,0,0,0,0,0,0,0,0,0,0,0,0,0,0,0,1,1,1,1,1,0,43747,1,0,1152,49634,dscw80
0,0,0,1,4,7,19,26,30,37,40,45,48,49,51,51,52,52,52,53,56,57,59,60,60,60,0,167059693,60,0,1152,49634,dscw80
0,0,0,1,2,2,2,2,2,2,3,3,3,3,3,3,3,3,3,3,3,3,3,3,3,3,0,11291305,3,0,1152,49634,dscw80
0,0,0,0,0,0,0,0,0,0,1,1,1,1,1,1,1,1,1,1,1,1,1,1,1,1,0,313977,1,1,1152,49634,dscw80
0,0,0,0,0,1,1,1,1,1,1,1,1,1,1,1,1,1,1,1,1,1,1,1,1,1,0,257430,1,1,1152,49634,dscw80
0,0,0,0,0,0,1,1,1,1,1,1,1,1,1,1,1,1,1,1,1,1,1,1,1,1,0,259756,1,0,1152,49634,dscw80
0,0,0,0,0,0,0,0,0,0,0,0,0,0,0,0,0,0,0,0,1,1,1,1,1,1,0,3638396,1,0,1173,52590,dscw80
0,0,0,0,0,0,0,0,0,0,0,0,0,1,1,1,1,1,1,1,1,1,1,1,1,1,0,4406,1,1,1152,49634,dscw80
0,0,0,0,0,0,0,0,0,0,0,0,0,0,0,0,0,0,0,0,0,1,1,1,1,1,0,3091070,1,0,1152,49634,dscw80
0,0,0,0,0,0,0,0,0,0,0,0,0,0,0,0,0,0,0,0,2,2,2,2,2,2,0,11549528,2,0,1173,49440,dscw80
0,0,0,0,0,0,0,0,0,1,1,1,1,1,1,1,1,1,1,1,1,1,1,1,1,1,0,3143594,1,0,1152,49634,dscw80
0,0,0,0,2,6,11,13,15,15,16,16,19,21,21,21,21,21,21,21,21,21,21,21,21,22,0,53980288,22,1,1152,49634,dscw80
0,0,0,0,0,0,0,0,0,0,0,0,0,0,0,0,0,0,0,0,0,1,1,1,1,1,0,258298,1,0,1181,49634,dscw80
0,0,0,0,0,8,15,34,47,64,79,91,95,101,111,119,122,122,123,124,135,138,139,139,139,139,0,453884495,139,0,1152,49634,dscw80
0,0,0,0,0,0,0,0,1,1,1,1,1,1,1,1,1,1,1,1,1,1,1,1,1,1,0,2112,1,1,1152,49634,dscw80
0,0,0,1,1,1,1,1,1,1,1,1,1,1,1,1,1,1,1,1,1,1,1,1,1,1,0,2994,1,1,1152,49634,dscw80
0,0,0,0,0,0,0,0,1,1,1,1,1,1,1,1,1,1,1,1,1,1,1,1,1,1,0,258440,1,1,1151,49634,dscw80
0,0,0,0,0,1,2,2,2,2,2,2,2,2,2,2,2,2,2,2,2,3,3,3,3,3,0,25690329,3,1,1152,49634,dscw80
0,0,0,0,0,0,0,0,0,0,1,1,1,1,1,1,1,1,1,1,1,2,2,2,2,2,0,259629,2,0,1181,49634,dscw80
0,0,0,0,0,0,0,0,0,1,1,1,1,1,1,1,1,1,1,1,1,1,1,1,1,1,0,6763,1,1,1152,49634,dscw80
0,0,0,0,0,0,0,0,0,0,0,1,1,1,1,1,1,1,1,1,1,1,1,1,1,1,0,1964098,1,0,1152,49634,dscw80
0,0,0,0,0,1,1,1,1,1,1,1,1,1,1,1,1,1,1,1,1,1,1,1,1,1,0,9054486,1,1,1152,49634,dscw80
0,0,0,0,0,0,1,1,1,2,3,3,3,3,3,3,3,3,3,3,3,3,3,3,3,3,0,11255672,3,1,1152,49634,dscw80
0,0,0,1,2,4,6,7,7,7,7,8,8,8,8,8,8,8,8,8,8,8,8,8,8,8,0,13250038,8,1,1152,49634,dscw80
0,0,0,0,0,0,0,1,1,2,3,4,5,5,5,5,5,5,5,6,6,6,6,6,6,6,0,12150493,6,0,1152,49634,dscw80
0,0,0,0,0,0,0,0,0,0,1,1,1,1,1,1,1,1,1,1,1,1,1,1,1,1,0,128466,1,1,1152,49634,dscw80
0,0,0,0,0,1,2,2,3,4,5,5,5,5,5,5,5,5,5,5,8,8,8,8,8,8,0,10291849,8,0,1173,52590,dscw80
0,0,0,1,3,3,3,3,6,6,6,6,6,6,6,6,6,6,6,6,7,7,7,7,7,7,0,36664370,7,0,1152,49634,dscw80
0,0,0,0,0,0,0,0,0,1,1,1,1,1,1,1,1,1,1,1,1,1,1,1,1,1,0,2210602,1,1,1152,49634,dscw80
0,0,0,0,0,1,1,1,1,1,1,1,1,1,1,1,1,1,1,1,2,2,2,2,2,2,0,2971044,2,0,1152,49634,dscw80
0,0,0,0,3,5,8,9,11,12,15,16,16,16,16,16,17,18,18,18,19,20,20,20,20,20,0,50540376,20,0,1152,49634,dscw80
0,0,0,0,0,0,1,3,3,4,4,5,5,7,7,7,7,7,7,7,7,7,7,8,8,8,0,35117470,8,0,1152,49634,dscw80
0,0,0,0,1,1,1,1,1,1,1,1,1,1,1,1,1,1,1,1,1,1,1,1,1,1,0,1987,1,1,1173,52590,dscw80
0,0,0,0,0,0,0,0,0,0,1,1,1,1,1,1,1,1,1,1,1,1,1,1,1,1,0,5630758,1,1,1152,49634,dscw80
0,0,0,0,0,0,0,0,0,0,0,0,0,1,1,1,1,1,1,1,1,1,1,1,1,1,0,1876915,1,0,1152,49634,dscw80
0,0,0,0,0,0,0,0,0,0,0,0,0,0,0,0,0,0,1,1,1,1,1,1,1,1,1,101029,2,1,1152,49634,dscw80
0,0,0,0,0,0,0,1,1,1,1,1,1,1,1,1,1,1,1,1,1,1,1,2,2,2,0,1868197,2,0,1152,49634,dscw80
0,0,0,0,1,3,3,3,4,4,4,5,5,5,5,5,5,5,5,5,5,5,5,5,5,5,0,838847,5,1,1152,49634,dscw80
0,0,0,0,0,0,0,1,1,1,1,1,1,1,1,1,1,1,1,1,1,1,1,1,1,1,0,3909373,1,0,1152,49634,dscw80
0,0,0,0,0,0,0,1,2,2,4,4,5,5,5,5,5,5,5,5,5,5,5,5,5,5,0,6487460,5,0,1151,49634,dscw80
0,0,1,2,2,2,3,4,5,5,5,5,6,7,7,7,7,7,8,8,9,9,9,9,9,9,0,38444592,9,0,1152,49634,dscw80
0,0,0,0,2,2,3,3,3,3,5,5,5,5,6,7,7,7,7,7,7,7,7,7,7,7,0,535193,7,1,1152,49634,dscw80
0,0,0,0,0,1,2,2,2,2,2,2,2,2,2,2,2,2,2,2,2,2,2,2,2,2,0,3700339,2,0,1152,49634,dscw80
0,0,0,0,1,1,1,1,1,1,1,2,2,2,2,2,2,2,2,2,2,2,2,2,2,2,0,7608718,2,0,1152,49634,dscw80
0,0,0,0,0,0,0,0,0,0,0,0,0,0,0,0,0,0,0,0,0,0,0,0,0,0,1,416975,1,1,1152,49634,dscw80
0,0,0,0,0,0,0,1,1,1,1,1,1,1,1,1,1,1,1,1,1,1,1,1,1,1,0,258062,1,0,1152,49634,dscw80
0,0,0,0,0,0,0,0,0,0,0,0,0,0,0,0,0,0,0,0,0,1,1,1,1,1,0,6127252,1,0,1152,49634,dscw80
0,0,0,0,0,0,0,0,0,0,0,0,0,0,0,0,0,0,0,0,1,1,1,1,1,1,0,258023,1,0,1152,49634,dscw80
0,0,0,0,0,0,0,0,0,0,0,0,0,0,0,0,0,0,0,0,0,0,1,1,1,1,0,257479,1,1,1152,49634,dscw80
0,0,0,0,0,0,0,0,0,0,0,0,0,0,0,0,0,0,0,0,0,0,0,0,0,1,1,1742947,2,0,1173,52590,dscw80
0,0,0,0,0,0,0,0,0,0,0,0,1,1,1,1,1,1,1,1,1,1,1,1,1,1,0,77899,1,1,1152,49634,dscw80
0,0,0,0,0,0,0,0,0,0,0,0,0,0,0,0,0,0,0,0,1,1,1,1,1,1,0,1669,1,0,1152,49634,dscw80
0,0,0,0,0,0,0,0,1,1,1,1,1,1,1,1,1,1,1,1,1,1,1,1,1,1,0,769747,1,0,1152,49634,dscw80
0,0,0,0,0,0,0,0,0,0,0,0,0,1,1,1,1,1,1,1,1,1,1,1,1,1,0,129584,1,0,1151,49634,dscw80
0,0,0,0,0,0,0,2,2,2,2,2,2,2,2,2,2,2,2,2,2,2,2,2,2,2,0,301567,2,1,1152,49634,dscw80
0,0,0,0,1,3,3,3,4,4,5,5,5,5,5,5,5,5,6,6,7,7,7,7,7,7,0,35245469,7,0,1152,49634,dscw80
0,0,0,0,1,1,3,3,3,3,3,3,3,3,3,3,3,3,3,3,3,3,3,3,3,3,0,8718380,3,0,1152,49634,dscw80
0,0,0,0,1,1,1,1,1,1,1,1,1,1,1,1,1,1,1,1,1,1,1,1,1,1,0,1575,1,1,1152,49634,dscw80
0,0,0,0,0,0,0,0,0,0,0,0,0,1,1,1,1,1,1,1,1,1,1,1,1,1,0,2117566,1,0,1152,49634,dscw80
0,0,0,0,0,2,8,12,13,15,17,18,19,19,19,20,20,21,22,22,22,22,22,22,22,22,0,70016950,22,0,1152,49634,dscw80
0,0,0,0,1,1,1,1,1,1,1,2,2,2,2,2,2,2,2,2,2,2,2,2,2,2,0,516962,2,1,1152,49634,dscw80
0,0,0,0,0,3,8,14,20,21,23,30,33,34,36,37,39,39,40,40,41,42,46,46,47,47,0,203338200,47,0,1152,49634,dscw80
0,0,0,0,0,0,0,0,0,0,0,0,0,0,1,1,1,1,1,1,1,1,1,1,1,1,0,3693474,1,0,1173,52590,dscw80
0,0,0,1,2,3,3,3,3,3,4,5,5,5,5,5,6,6,7,7,7,7,7,7,7,7,0,12585785,7,0,1152,49634,dscw80
0,0,0,0,0,0,0,0,1,1,2,2,2,2,2,2,2,2,2,2,2,2,2,2,2,2,0,4558386,2,0,1152,49634,dscw80
0,0,0,0,0,0,0,0,0,0,0,0,0,0,0,0,0,1,1,1,1,1,1,1,1,1,0,11248293,1,1,1152,49634,dscw80
0,0,0,0,0,0,0,0,0,0,0,0,0,0,0,0,0,0,0,0,0,1,1,1,1,1,0,259615,1,0,1152,49634,dscw80
0,0,0,0,0,0,0,0,0,0,0,0,0,0,0,1,1,1,1,1,1,1,1,1,1,1,0,6071993,1,0,1152,49634,dscw80
0,0,0,0,0,0,0,0,0,0,0,0,0,0,0,0,0,0,0,0,0,1,1,1,1,1,0,4253742,1,0,1152,49634,dscw80
0,0,2,4,4,6,7,8,8,9,10,11,12,12,12,12,12,12,12,12,12,12,12,12,12,12,0,49507439,12,0,1152,49634,dscw80
0,0,0,0,0,0,0,0,0,0,0,1,1,1,1,1,1,1,1,1,1,1,1,1,1,1,0,2398,1,1,1173,52590,dscw80
0,0,0,0,0,0,0,1,1,1,1,1,1,1,1,1,1,1,1,1,1,1,1,1,1,1,0,66138,1,1,1152,49634,dscw80
0,0,0,0,0,0,2,2,4,6,7,7,7,7,7,8,8,8,8,8,8,10,11,12,12,12,0,51594003,12,0,1152,49634,dscw80
0,0,0,0,1,1,1,1,1,1,1,1,1,1,1,1,1,1,1,1,1,1,1,1,1,1,0,14829367,1,1,1152,49634,dscw80
0,0,0,0,0,0,0,1,3,4,5,6,6,6,6,7,7,7,7,7,7,7,8,8,8,8,0,22784595,8,0,1151,49634,dscw80
0,0,0,0,0,0,0,0,0,0,0,0,0,0,0,0,0,1,1,1,1,1,1,1,1,1,0,11461990,1,1,1152,49634,dscw80
0,0,0,0,0,0,0,0,0,0,0,0,0,0,0,0,0,0,0,0,1,1,1,1,1,1,0,3334,1,1,1152,49634,dscw80
0,0,0,0,0,1,1,1,1,1,1,1,1,1,1,1,1,1,1,1,1,1,1,1,1,1,0,338310,1,1,1152,49634,dscw80
0,0,0,3,3,3,3,3,5,5,5,5,5,5,5,5,5,5,5,5,5,5,6,6,6,6,0,5051470,6,0,1152,49634,dscw80
0,0,0,0,0,0,0,0,0,0,0,0,0,0,1,1,1,1,1,1,1,1,1,1,1,1,0,832469,1,0,1152,49634,dscw80
0,0,0,0,0,1,1,1,1,1,1,1,1,1,1,1,1,1,1,1,1,1,1,1,1,1,0,257412,1,1,1152,49634,dscw80
0,0,0,0,0,1,2,2,2,2,2,2,2,2,2,2,2,2,2,2,2,2,2,2,2,2,0,515193,2,0,1152,49634,dscw80
0,0,0,0,0,0,1,1,1,1,2,2,2,2,2,3,3,3,3,3,3,3,3,3,3,3,0,291709,3,1,1152,49634,dscw80
0,0,0,0,0,0,0,0,0,0,0,0,0,0,1,1,1,1,1,1,1,1,1,1,1,1,0,2370523,1,0,1173,49634,dscw80
0,0,0,0,0,0,0,0,0,0,0,0,0,1,1,1,2,2,2,2,2,2,3,4,4,4,0,2480919,4,0,1152,49634,dscw80
0,0,0,0,0,1,2,3,3,3,3,3,3,3,3,3,3,3,3,3,3,3,3,3,3,3,0,32541991,3,1,1152,49634,dscw80
0,0,0,0,0,0,0,1,1,1,1,1,1,1,1,1,1,1,1,1,1,1,1,1,1,1,0,2726,1,0,1152,49634,dscw80
0,0,0,0,0,0,1,1,1,1,1,1,1,1,1,1,1,1,1,1,1,1,1,1,1,1,0,1117070,1,1,1152,49634,dscw80
0,0,0,0,0,0,1,1,1,1,1,1,1,1,1,1,1,1,1,1,1,1,1,1,1,1,0,257569,1,1,1152,49634,dscw80
0,0,0,1,1,1,1,1,1,1,1,1,1,1,1,1,1,1,1,1,1,1,1,1,1,1,0,1426,1,1,1152,49634,dscw80
0,0,0,0,0,0,0,0,0,0,2,3,4,4,5,5,5,5,5,5,8,8,8,8,8,8,0,8241807,8,0,1152,49634,dscw80
0,0,0,1,1,1,1,1,2,4,5,5,5,6,6,6,6,6,6,6,7,7,7,7,7,7,0,29349437,7,0,1152,49634,dscw80
0,0,0,0,0,0,0,0,0,0,0,0,0,0,0,0,0,1,1,1,1,1,1,1,1,1,0,3335756,1,1,1152,49634,dscw80
0,0,0,0,1,1,1,1,1,1,1,1,1,1,1,1,1,1,1,1,1,1,1,1,1,1,0,2311143,1,0,1152,49634,dscw80
0,0,0,0,0,0,0,0,0,0,0,1,1,1,1,2,2,2,2,2,2,2,2,2,2,2,0,9438849,2,0,1152,49634,dscw80
0,0,0,0,0,0,0,0,0,0,1,1,1,2,2,2,2,2,2,2,2,2,2,2,2,2,0,3569472,2,0,1152,49634,dscw80
0,0,0,0,0,0,0,0,0,1,1,1,1,1,1,1,1,1,1,1,1,1,1,1,1,1,0,257933,1,0,1173,52590,dscw80
0,0,0,0,0,0,0,0,0,0,0,0,0,0,1,1,1,1,1,1,1,1,1,1,1,1,0,8583,1,1,1152,49634,dscw80
0,0,0,0,1,1,2,2,2,2,2,2,2,2,2,2,2,2,2,2,2,2,2,2,2,2,0,517409,2,1,1152,49634,dscw80
0,0,0,0,1,1,1,1,1,1,1,1,1,1,1,1,1,1,1,1,1,1,1,1,1,1,0,257443,1,0,1152,49634,dscw80
0,0,1,5,6,8,10,14,14,15,15,17,18,19,19,19,19,19,19,20,21,22,23,23,24,24,0,50240459,24,0,1152,49634,dscw80
0,0,0,0,0,0,0,0,0,0,0,0,1,1,1,1,1,1,1,1,1,1,1,1,1,1,0,257542,1,1,1152,49634,dscw80
0,0,0,0,0,0,1,1,1,1,1,1,1,1,1,1,1,1,1,1,1,1,1,1,1,1,0,2430639,1,0,1152,49634,dscw80
0,0,0,0,0,1,1,1,2,2,2,2,2,2,3,3,3,3,3,3,3,3,3,3,3,3,0,6270815,3,0,1152,49634,dscw80
0,0,0,0,1,1,1,1,1,1,1,1,1,1,1,1,1,1,1,1,1,1,1,1,1,1,0,1496033,1,0,1152,49634,dscw80
0,0,0,0,0,0,0,0,0,0,0,1,1,1,1,1,1,1,1,1,2,2,2,2,2,2,0,45392,2,1,1152,49634,dscw80
0,0,1,1,1,1,1,1,1,1,1,1,1,1,1,1,1,1,1,1,1,1,1,1,1,1,0,257482,1,1,1152,49634,dscw80
0,0,0,0,0,0,0,0,1,1,1,1,1,1,1,1,1,1,1,1,1,1,1,1,1,1,0,20169,1,1,1151,49634,dscw80
0,0,0,0,0,0,1,1,1,1,1,1,1,1,1,1,1,1,1,1,1,1,1,1,1,1,0,2160,1,0,1173,52590,dscw80
0,0,0,0,0,0,0,0,0,0,0,0,0,0,1,2,2,2,2,2,2,2,2,2,2,2,0,6689629,2,0,1152,49634,dscw80
0,0,0,0,0,0,0,0,0,0,0,0,0,0,0,0,0,0,0,0,1,1,2,2,2,2,0,8593434,2,0,1152,49634,dscw80
0,0,0,0,0,1,1,1,1,2,2,2,2,2,2,2,2,2,2,2,2,2,2,2,2,2,0,9189251,2,0,1152,49634,dscw80
0,0,0,0,0,0,0,0,0,1,1,1,1,1,1,1,1,1,1,1,1,1,1,2,2,2,0,3919003,2,0,1152,49634,dscw80
